phenotype	locusname	ensg	symbol	TP	FLAMES	rel_MAGMA_Z	rel_PoPS_Score	rel_weighted_distance
calcium	annotated_credset_379.txt	ENSG00000179314	WSCD1	0	-0.6693006346907406	0.2201240175083541	0.1963008334185062	0.1327886975352392
calcium	annotated_credset_379.txt	ENSG00000129221	AIPL1	0	-0.7660336529472349	0.0469489810326163	0.0	0.5594824077555424
calcium	annotated_credset_379.txt	ENSG00000129195	FAM64A	0	-0.7401960734519394	0.165265684567233	0.0498410048615627	0.581821314302092
calcium	annotated_credset_379.txt	ENSG00000091622	PITPNM3	0	-0.5375606091999507	0.5398056196168871	0.4459090954215093	0.7260219080360428
calcium	annotated_credset_379.txt	ENSG00000198920	KIAA0753	0	-0.1387035699399754	0.3534734315432767	0.5847204096210863	0.841949437012369
calcium	annotated_credset_379.txt	ENSG00000129235	TXNDC17	0	-0.4994969388535721	0.2893937967713089	0.4407944708203821	0.8469115026705885
calcium	annotated_credset_379.txt	ENSG00000108590	MED31	0	-0.2586880208499622	0.2471384195415823	0.4619103975716206	0.8566502773561863
calcium	annotated_credset_379.txt	ENSG00000212734	C17orf100	0	-0.6349694629137064	0.2403586388666635	0.2499466211864419	0.8591725005477051
calcium	annotated_credset_379.txt	ENSG00000141485	SLC13A5	1	-0.0021662609234962	1.0	0.6721446789907148	0.9416836615135872
calcium	annotated_credset_379.txt	ENSG00000132530	XAF1	0	-0.1378889055625476	0.2199498752765096	0.3173101074860494	1.0
calcium	annotated_credset_379.txt	ENSG00000177294	FBXO39	0	0.0021662609234962	0.4731962159363675	0.3263099057901685	0.9722888935828716
calcium	annotated_credset_379.txt	ENSG00000167858	TEKT1	0	-0.0702983271906387	0.7262201722596131	0.244335393792245	0.954563307626144
calcium	annotated_credset_379.txt	ENSG00000215067	AC027763.2	0	-0.5714039135570841	0.1365133901256648	0.3776039097037637	0.8344220045753641
calcium	annotated_credset_379.txt	ENSG00000108839	ALOX12	0	-0.1771752166805795	0.3746058267049466	0.8975059007010353	0.6704431718246311
calcium	annotated_credset_379.txt	ENSG00000219200	RNASEK	0	-0.4780837892351717	0.2440685743869723	0.4458613468012627	0.6479916782874965
calcium	annotated_credset_379.txt	ENSG00000269871	AC040977.1	0	-0.5760480094547586	0.1365133901256648	0.3776039097037637	0.647728059968078
calcium	annotated_credset_379.txt	ENSG00000161939	RNASEK-C17orf49	0	-0.5760480094547586	0.1365133901256648	0.3776039097037637	0.6476923616539901
calcium	annotated_credset_379.txt	ENSG00000258315	C17orf49	0	-0.6076444483420036	0.2440744575704805	0.3144110319292738	0.6451385591846243
calcium	annotated_credset_379.txt	ENSG00000161940	BCL6B	0	-0.354750341868939	0.2370193439073752	0.5456145938820557	0.6334336312000308
calcium	annotated_credset_379.txt	ENSG00000174327	SLC16A13	0	-0.4592151478922932	0.279121758365887	0.510714808953267	0.6155089584916592
calcium	annotated_credset_379.txt	ENSG00000174326	SLC16A11	0	-0.4820574384582217	0.2518508495316986	0.5655850516968376	0.6078818763855693
calcium	annotated_credset_379.txt	ENSG00000132514	CLEC10A	0	-0.5879216168574	0.3198686873440956	0.3562240721796699	0.5627001678589983
calcium	annotated_credset_379.txt	ENSG00000161944	ASGR2	0	-0.4807580398943532	0.2483115263331294	0.5733860230112813	0.5259240392880498
calcium	annotated_credset_379.txt	ENSG00000141505	ASGR1	0	-0.3571456125203858	0.2672730267802513	0.8206108777592159	0.4269175111893927
calcium	annotated_credset_379.txt	ENSG00000132535	DLG4	0	-0.5622884688446019	0.3541323480962018	0.4103251651107836	0.4043191053596656
calcium	annotated_credset_379.txt	ENSG00000072778	ACADVL	0	-0.3917181260929145	0.3793476726126042	0.7514658506141582	0.3669251213525801
calcium	annotated_credset_379.txt	ENSG00000004975	DVL2	0	-0.5966685390363111	0.3106203228691109	0.3415650247273651	0.3556444541008006
calcium	annotated_credset_379.txt	ENSG00000040633	PHF23	0	-0.5104309678596952	0.3224690544547465	0.5140401670805969	0.3423440860788936
calcium	annotated_credset_379.txt	ENSG00000170296	GABARAP	0	-0.4804826708057315	0.300960135548548	0.5739367611885244	0.3354982478464968
calcium	annotated_credset_379.txt	ENSG00000262526	CTD-2545G14.7	0	-0.5786490965481119	0.1365133901256648	0.3776039097037637	0.3349311938573312
calcium	annotated_credset_379.txt	ENSG00000175826	CTDNEP1	0	-0.5196012129249925	0.2951593166094037	0.4956996769500024	0.3305869836352486
calcium	annotated_credset_379.txt	ENSG00000262302	RP1-4G17.5	0	-0.5786490965481119	0.1365133901256648	0.3776039097037637	0.3261411705192236
calcium	annotated_credset_379.txt	ENSG00000170291	ELP5	0	-0.5526792899481399	0.2760978020426413	0.4295435229037077	0.3198431641068681
calcium	annotated_credset_379.txt	ENSG00000181885	CLDN7	0	-0.4186260879035399	0.2195721748952793	0.6976499269929074	0.3081904105813262
calcium	annotated_credset_379.txt	ENSG00000181856	SLC2A4	0	-0.2674510513999937	0.3223513907845813	1.0	0.2783081756655851
calcium	annotated_credset_379.txt	ENSG00000006047	YBX2	0	-0.5400232036505925	0.2174930578434602	0.4548556954988024	0.2692668911167818
calcium	annotated_credset_379.txt	ENSG00000132507	EIF5A	0	-0.4002799472166716	0.09839036099214	0.7343422083666441	0.2435270336473186
calcium	annotated_credset_379.txt	ENSG00000132522	GPS2	0	-0.4472020651020048	0.136943015484539	0.6404979725959778	0.2375887564000029
calcium	annotated_credset_379.txt	ENSG00000261915	RP11-542C16.2	0	-0.5786490965481119	0.1365133901256648	0.3776039097037637	0.2357530392486361
calcium	annotated_credset_379.txt	ENSG00000215041	NEURL4	0	-0.550802789281656	0.1934014213771356	0.4332965242366752	0.2316793124063735
calcium	annotated_credset_379.txt	ENSG00000072818	ACAP1	0	-0.44683193722945	0.0432837577069703	0.6412382283410875	0.202981986915935
calcium	annotated_credset_379.txt	ENSG00000213859	KCTD11	0	-0.5907376130355779	0.0	0.3534268767288316	0.1818925213624622
calcium	annotated_credset_379.txt	ENSG00000182896	TMEM95	0	-0.6397974067316345	0.0484821386548689	0.2553072893367183	0.1774522002947583
calcium	annotated_credset_379.txt	ENSG00000174292	TNK1	0	-0.5597369194586757	0.1657375158845954	0.415428263882636	0.1425625903221478
calcium	annotated_credset_379.txt	ENSG00000187838	TMEM256-PLSCR3	0	-0.5786490965481119	0.1365133901256648	0.3776039097037637	0.1299404902679111
calcium	annotated_credset_379.txt	ENSG00000262481	C17orf61-PLSCR3	0	-0.5786490965481119	0.1365133901256648	0.3776039097037637	0.1299308791833489
calcium	annotated_credset_379.txt	ENSG00000205544	TMEM256	0	-0.4756467392420644	0.20908834188356	0.4833021133905656	0.1117508262280407
calcium	annotated_credset_379.txt	ENSG00000169992	NLGN2	0	-0.4526922693291031	0.3729467689556173	0.6295175641417814	0.109143476287543
calcium	annotated_credset_379.txt	ENSG00000181323	SPEM1	0	-0.6374091634881005	0.3931966865910482	0.2600837758237864	0.0878810112119519
calcium	annotated_credset_379.txt	ENSG00000184560	C17orf74	0	-0.6276888962510125	0.2582952887466466	0.2795243102979625	0.0806658327299532
calcium	annotated_credset_379.txt	ENSG00000181284	TMEM102	0	-0.5334231444442616	0.2177448580976138	0.4680558139114639	0.0671718700047233
calcium	annotated_credset_379.txt	ENSG00000161958	FGF11	0	-0.5008644832839866	0.3356120864121993	0.5331731362320142	0.0632862458174624
calcium	annotated_credset_379.txt	ENSG00000170175	CHRNB1	0	-0.4210076851970392	0.5561138043017838	0.6860672457878668	0.0539662398163573
calcium	annotated_credset_379.txt	ENSG00000174282	ZBTB4	0	-0.378524695228825	0.4447922059584883	0.7778527123423375	0.0343253020076055
calcium	annotated_credset_379.txt	ENSG00000259224	SLC35G6	0	-0.6196314053054961	0.3037722972654963	0.2956392921889954	0.0040696078060217
calcium	annotated_credset_379.txt	ENSG00000181222	POLR2A	0	-0.5248413462245478	0.2820045182849344	0.4821221145897834	0.0
calcium	annotated_credset_380.txt	ENSG00000179314	WSCD1	0	-0.6554077442629761	0.2201240175083541	0.1963008334185062	0.1139145345570284
calcium	annotated_credset_380.txt	ENSG00000129221	AIPL1	0	-0.7522145530697023	0.0469489810326163	0.0	0.5449213541816312
calcium	annotated_credset_380.txt	ENSG00000129195	FAM64A	0	-0.6700473656108448	0.165265684567233	0.0498410048615627	0.5674860670749816
calcium	annotated_credset_380.txt	ENSG00000091622	PITPNM3	0	-0.520492340926422	0.5398056196168871	0.4459090954215093	0.7131442706167226
calcium	annotated_credset_380.txt	ENSG00000198920	KIAA0753	0	-0.2123577433397255	0.3534734315432767	0.5847204096210863	0.8302436193397867
calcium	annotated_credset_380.txt	ENSG00000129235	TXNDC17	0	-0.4624099141904255	0.2893937967713089	0.4407944708203821	0.8352558425971051
calcium	annotated_credset_380.txt	ENSG00000108590	MED31	0	-0.4964530932212699	0.2471384195415823	0.4619103975716206	0.8450930588572485
calcium	annotated_credset_380.txt	ENSG00000212734	C17orf100	0	-0.6203014736852827	0.2403586388666635	0.2499466211864419	0.8476407772091283
calcium	annotated_credset_380.txt	ENSG00000141485	SLC13A5	1	-0.0216747405442546	1.0	0.6721446789907148	0.9309859782740264
calcium	annotated_credset_380.txt	ENSG00000132530	XAF1	0	-0.1942646461162284	0.2199498752765096	0.3173101074860494	1.0
calcium	annotated_credset_380.txt	ENSG00000177294	FBXO39	0	-0.1620247452857021	0.4731962159363675	0.3263099057901685	0.9821169933888032
calcium	annotated_credset_380.txt	ENSG00000167858	TEKT1	0	0.0216747405442546	0.7262201722596131	0.244335393792245	0.9642122334961692
calcium	annotated_credset_380.txt	ENSG00000215067	AC027763.2	0	-0.5567225728882307	0.1365133901256648	0.3776039097037637	0.8428565169876293
calcium	annotated_credset_380.txt	ENSG00000108839	ALOX12	0	-0.297065011055824	0.3746058267049466	0.8975059007010353	0.6772201518460904
calcium	annotated_credset_380.txt	ENSG00000219200	RNASEK	0	-0.5259328469351537	0.2440685743869723	0.4458613468012627	0.6545417139092702
calcium	annotated_credset_380.txt	ENSG00000269871	AC040977.1	0	-0.5600615654839033	0.1365133901256648	0.3776039097037637	0.6542754308806578
calcium	annotated_credset_380.txt	ENSG00000161939	RNASEK-C17orf49	0	-0.5600615654839033	0.1365133901256648	0.3776039097037637	0.6542393717205331
calcium	annotated_credset_380.txt	ENSG00000258315	C17orf49	0	-0.5927259407915889	0.2440744575704805	0.3144110319292738	0.6516597548808508
calcium	annotated_credset_380.txt	ENSG00000161940	BCL6B	0	-0.3448665790580568	0.2370193439073752	0.5456145938820557	0.6398365110323068
calcium	annotated_credset_380.txt	ENSG00000174327	SLC16A13	0	-0.3642934383803612	0.279121758365887	0.510714808953267	0.6217306519774396
calcium	annotated_credset_380.txt	ENSG00000174326	SLC16A11	0	-0.467138930907807	0.2518508495316986	0.5655850516968376	0.6140264737277431
calcium	annotated_credset_380.txt	ENSG00000132514	CLEC10A	0	-0.5732334216543974	0.3198686873440956	0.3562240721796699	0.568388059026976
calcium	annotated_credset_380.txt	ENSG00000161944	ASGR2	0	-0.3676935109778191	0.2483115263331294	0.5733860230112813	0.5312401896447762
calcium	annotated_credset_380.txt	ENSG00000141505	ASGR1	0	-0.3432527220926212	0.2672730267802513	0.8206108777592159	0.4312328828207685
calcium	annotated_credset_380.txt	ENSG00000132535	DLG4	0	-0.5483955784168374	0.3541323480962018	0.4103251651107836	0.4084060475711278
calcium	annotated_credset_380.txt	ENSG00000072778	ACADVL	0	-0.37782523566515	0.3793476726126042	0.7514658506141582	0.3706340773406179
calcium	annotated_credset_380.txt	ENSG00000004975	DVL2	0	-0.5827756486085466	0.3106203228691109	0.3415650247273651	0.3592393827412468
calcium	annotated_credset_380.txt	ENSG00000040633	PHF23	0	-0.4965380774319307	0.3224690544547465	0.5140401670805969	0.3458045718132883
calcium	annotated_credset_380.txt	ENSG00000170296	GABARAP	0	-0.4665897803779669	0.300960135548548	0.5739367611885244	0.3388895344140107
calcium	annotated_credset_380.txt	ENSG00000262526	CTD-2545G14.7	0	-0.5647562061203474	0.1365133901256648	0.3776039097037637	0.3383167485243394
calcium	annotated_credset_380.txt	ENSG00000175826	CTDNEP1	0	-0.505708322497228	0.2951593166094037	0.4956996769500024	0.3339286261153313
calcium	annotated_credset_380.txt	ENSG00000262302	RP1-4G17.5	0	-0.5647562061203474	0.1365133901256648	0.3776039097037637	0.3294378737890456
calcium	annotated_credset_380.txt	ENSG00000170291	ELP5	0	-0.5387863995203753	0.2760978020426413	0.4295435229037077	0.3230762058086032
calcium	annotated_credset_380.txt	ENSG00000181885	CLDN7	0	-0.4047331974757754	0.2195721748952793	0.6976499269929074	0.311305663809472
calcium	annotated_credset_380.txt	ENSG00000181856	SLC2A4	0	-0.2535581609722291	0.3223513907845813	1.0	0.2811213730036405
calcium	annotated_credset_380.txt	ENSG00000006047	YBX2	0	-0.526130313222828	0.2174930578434602	0.4548556954988024	0.2719886972567006
calcium	annotated_credset_380.txt	ENSG00000132507	EIF5A	0	-0.386387056788907	0.09839036099214	0.7343422083666441	0.2459886559160958
calcium	annotated_credset_380.txt	ENSG00000132522	GPS2	0	-0.4333091746742402	0.136943015484539	0.6404979725959778	0.2399903533184473
calcium	annotated_credset_380.txt	ENSG00000261915	RP11-542C16.2	0	-0.5647562061203474	0.1365133901256648	0.3776039097037637	0.2381360803535789
calcium	annotated_credset_380.txt	ENSG00000215041	NEURL4	0	-0.5369098988538915	0.1934014213771356	0.4332965242366752	0.2340211754270534
calcium	annotated_credset_380.txt	ENSG00000072818	ACAP1	0	-0.4329390468016855	0.0432837577069703	0.6412382283410875	0.2050337713592036
calcium	annotated_credset_380.txt	ENSG00000213859	KCTD11	0	-0.5768447226078134	0.0	0.3534268767288316	0.1837311290702139
calcium	annotated_credset_380.txt	ENSG00000182896	TMEM95	0	-0.62590451630387	0.0484821386548689	0.2553072893367183	0.1792459243070242
calcium	annotated_credset_380.txt	ENSG00000174292	TNK1	0	-0.5458440290309111	0.1657375158845954	0.415428263882636	0.1440036428483317
calcium	annotated_credset_380.txt	ENSG00000187838	TMEM256-PLSCR3	0	-0.5647562061203474	0.1365133901256648	0.3776039097037637	0.1312539559627405
calcium	annotated_credset_380.txt	ENSG00000262481	C17orf61-PLSCR3	0	-0.5647562061203474	0.1365133901256648	0.3776039097037637	0.1312442477273223
calcium	annotated_credset_380.txt	ENSG00000205544	TMEM256	0	-0.5119071042769464	0.20908834188356	0.4833021133905656	0.1128804269884869
calcium	annotated_credset_380.txt	ENSG00000169992	NLGN2	0	-0.3809294081028461	0.3729467689556173	0.6295175641417814	0.1102467214086176
calcium	annotated_credset_380.txt	ENSG00000181323	SPEM1	0	-0.623516273060336	0.3931966865910482	0.2600837758237864	0.0887693308821011
calcium	annotated_credset_380.txt	ENSG00000184560	C17orf74	0	-0.6137960058232479	0.2582952887466466	0.2795243102979625	0.0814812198646114
calcium	annotated_credset_380.txt	ENSG00000181284	TMEM102	0	-0.5195302540164971	0.2177448580976138	0.4680558139114639	0.0678508573375157
calcium	annotated_credset_380.txt	ENSG00000161958	FGF11	0	-0.486971592856222	0.3356120864121993	0.5331731362320142	0.0639259564470313
calcium	annotated_credset_380.txt	ENSG00000170175	CHRNB1	0	-0.4072925954246397	0.5561138043017838	0.6860672457878668	0.0545117418729647
calcium	annotated_credset_380.txt	ENSG00000174282	ZBTB4	0	-0.306761834002568	0.4447922059584883	0.7778527123423375	0.0346722693505691
calcium	annotated_credset_380.txt	ENSG00000259224	SLC35G6	0	-0.6057385148777314	0.3037722972654963	0.2956392921889954	0.0041107442542034
calcium	annotated_credset_380.txt	ENSG00000181222	POLR2A	0	-0.5110291604858092	0.2820045182849344	0.4821221145897834	0.0
calcium	annotated_credset_394.txt	ENSG00000141337	ARSG	0	-0.827278897631446	0.5728795405440342	0.3194174422111764	0.0
calcium	annotated_credset_394.txt	ENSG00000070540	WIPI1	0	-0.4617496412323039	1.0	1.0	0.0509874663921901
calcium	annotated_credset_394.txt	ENSG00000108946	PRKAR1A	0	-0.9821873338125252	0.3871396650108031	0.0141106745052374	0.1884991181771878
calcium	annotated_credset_394.txt	ENSG00000108950	FAM20A	0	-0.8397494200142421	0.3858285165555576	0.2989865021018033	0.26189749786372
calcium	annotated_credset_394.txt	ENSG00000269657	AC079210.1	0	-0.989242671065144	0.0	0.0	0.1819171584249903
calcium	annotated_credset_394.txt	ENSG00000141338	ABCA8	0	-0.3146429359217293	0.6889069453934369	0.4836410248331854	0.7808359161615318
calcium	annotated_credset_394.txt	ENSG00000154258	ABCA9	0	-0.4855574200220405	0.549703606581596	0.507089943023249	0.9357421190422034
calcium	annotated_credset_394.txt	ENSG00000154262	ABCA6	1	0.3146429359217293	0.6614097615925837	0.4200408420216895	1.0
calcium	annotated_credset_394.txt	ENSG00000154263	ABCA10	0	-0.6571613804897707	0.5209691418441026	0.1073571493079424	0.9379692768037174
calcium	annotated_credset_394.txt	ENSG00000154265	ABCA5	0	-0.6843911872052908	0.4816900888256911	0.5280964008137309	0.795633297725962
calcium	annotated_credset_394.txt	ENSG00000108984	MAP2K6	0	-0.6589904940926008	0.61249099739617	0.3632297048018671	0.545860385410221
calcium	annotated_credset_395.txt	ENSG00000108946	PRKAR1A	0	-0.9894195260228832	0.5619622034579815	0.0267198838763048	0.0061671139149111
calcium	annotated_credset_395.txt	ENSG00000108950	FAM20A	0	-0.4608615794073688	0.5600589733279722	0.5661589468155858	0.0749393619593661
calcium	annotated_credset_395.txt	ENSG00000269657	AC079210.1	0	-1.00440899934455	0.0	0.0	0.0
calcium	annotated_credset_395.txt	ENSG00000141338	ABCA8	0	-0.2115936437638178	1.0	0.915819581591457	0.5611702811621058
calcium	annotated_credset_395.txt	ENSG00000154258	ABCA9	0	-0.4178974168582344	0.7979359335209757	0.9602223045676628	0.7063131011212358
calcium	annotated_credset_395.txt	ENSG00000154262	ABCA6	1	-0.5585358549571747	0.9600857793861411	0.7953866782171944	0.8173266456777571
calcium	annotated_credset_395.txt	ENSG00000154263	ABCA10	0	-0.637967512135973	0.7562257070097842	0.2032908180069366	0.9587417268473396
calcium	annotated_credset_395.txt	ENSG00000154265	ABCA5	0	0.2115936437638178	0.6992092212840102	1.0	1.0
calcium	annotated_credset_395.txt	ENSG00000108984	MAP2K6	0	-0.6095346047732063	0.8890765312960729	0.6878094685784173	0.8079628093051119
calcium	annotated_credset_3.txt	ENSG00000162545	CAMK2N1	0	-0.6641479855554674	0.2614764789746107	0.2214823611561807	0.2843153427931872
calcium	annotated_credset_3.txt	ENSG00000090432	MUL1	0	-0.6560285243617844	0.1938102709902297	0.2413380933885174	0.315893676646991
calcium	annotated_credset_3.txt	ENSG00000183114	FAM43B	0	-0.6786658523426233	0.0	0.0174106740601406	0.3833335183917399
calcium	annotated_credset_3.txt	ENSG00000158825	CDA	0	-0.7766975710560432	0.3427239109512923	0.0	0.4752850325244444
calcium	annotated_credset_3.txt	ENSG00000158828	PINK1	0	-0.7005279379254178	0.2493043931467902	0.144193457087667	0.5222085282008295
calcium	annotated_credset_3.txt	ENSG00000244038	DDOST	0	-0.621429764772424	0.2032619756061914	0.3023898033936543	0.5365951571239699
calcium	annotated_credset_3.txt	ENSG00000117245	KIF17	0	-0.4362148752640974	0.5044025226606514	0.2375778831915574	0.6179265297176734
calcium	annotated_credset_3.txt	ENSG00000189410	SH2D5	0	-0.5561116280359629	0.4236045809399585	0.2105665221943355	0.6392560455881156
calcium	annotated_credset_3.txt	ENSG00000127483	HP1BP3	0	-0.3047766795427523	0.4300711738865464	0.3591099657810982	0.7176743992802149
calcium	annotated_credset_3.txt	ENSG00000075151	EIF4G3	0	-0.1108104540373996	0.356125890362984	0.4185047142313789	1.0
calcium	annotated_credset_3.txt	ENSG00000117298	ECE1	0	-0.0922978570292839	1.0	0.9288320341783964	0.6635623901203261
calcium	annotated_credset_3.txt	ENSG00000142794	NBPF3	0	-0.6257888709339033	0.9715966279957974	0.1839077303681809	0.3427834544442114
calcium	annotated_credset_3.txt	ENSG00000162551	ALPL	1	0.0922978570292839	0.9157412590690864	1.0	0.2431348923442245
calcium	annotated_credset_3.txt	ENSG00000076864	RAP1GAP	0	-0.4510702041921338	0.6966768054755083	0.542470058129674	0.1181370209982122
calcium	annotated_credset_3.txt	ENSG00000090686	USP48	0	-0.6039574833764018	0.4086859166154211	0.3454801753592829	0.0
calcium	annotated_credset_417.txt	ENSG00000105552	BCAT2	0	-0.7935372165200225	0.3031601671458037	0.5670591887980793	0.0
calcium	annotated_credset_417.txt	ENSG00000087076	HSD17B14	0	-0.8930067062109242	0.2814654112919601	0.3681202094162761	0.0352090191510703
calcium	annotated_credset_417.txt	ENSG00000105559	PLEKHA4	0	-0.8173407707626041	0.2609985999935877	0.519452080312916	0.0790730683519475
calcium	annotated_credset_417.txt	ENSG00000087074	PPP1R15A	0	-0.8753302341920003	0.1689809876991803	0.4034731534541239	0.0892655502107606
calcium	annotated_credset_417.txt	ENSG00000104804	TULP2	0	-0.9057852840792132	0.1646393326992337	0.3425630536796981	0.1203934584438173
calcium	annotated_credset_417.txt	ENSG00000104805	NUCB1	0	-0.78522531934423	0.1089995832041978	0.5836829831496642	0.1542160255171231
calcium	annotated_credset_417.txt	ENSG00000104808	DHDH	0	-0.9492014812845162	0.1377403255282085	0.255730659269092	0.1838627636591819
calcium	annotated_credset_417.txt	ENSG00000087088	BAX	0	-0.7816049209464149	0.2413910292718898	0.5909237799452947	0.2069643498143288
calcium	annotated_credset_417.txt	ENSG00000087086	FTL	0	-1.043170053429155	0.2127464705945217	0.067793514979814	0.2139377919480353
calcium	annotated_credset_417.txt	ENSG00000104812	GYS1	0	-0.7673356596683709	0.2632931143196075	0.6194623025013823	0.2502216546405805
calcium	annotated_credset_417.txt	ENSG00000183207	RUVBL2	0	-0.7549799448812748	0.1930042427675241	0.6441737320755746	0.2813619173971023
calcium	annotated_credset_417.txt	ENSG00000104826	LHB	0	-0.9922587334472606	0.1378097914952282	0.1696161549436032	0.2828526965619065
calcium	annotated_credset_417.txt	ENSG00000104827	CGB	0	-1.041062307792788	0.0032809310576995	0.0720090062525481	0.2928076970252214
calcium	annotated_credset_417.txt	ENSG00000267335	CTB-60B18.6	0	-0.9197575182114414	0.1652007566446869	0.3146185854152417	0.3100518663330207
calcium	annotated_credset_417.txt	ENSG00000104818	CGB2	0	-1.0119273371580666	0.2545446773038655	0.1302789475219909	0.3050318116316498
calcium	annotated_credset_417.txt	ENSG00000267631	CGB1	0	-0.9997139593574348	0.2641395304100629	0.1547057031232548	0.3263241464615555
calcium	annotated_credset_417.txt	ENSG00000189052	CGB5	0	-1.0146887388889576	0.1984375500956492	0.1247561440602092	0.3216047184978384
calcium	annotated_credset_417.txt	ENSG00000213030	CGB8	0	-1.001306588289376	0.2505733614047087	0.1515204452593725	0.3268650000443666
calcium	annotated_credset_417.txt	ENSG00000196337	CGB7	0	-1.036438485727974	0.2322653386198715	0.0812566503821763	0.3402037672123243
calcium	annotated_credset_417.txt	ENSG00000225950	NTF4	0	-0.9027702065266572	0.2101708862788684	0.3485932087848101	0.3487366247523085
calcium	annotated_credset_417.txt	ENSG00000104848	KCNA7	0	-0.966723533464686	0.0021053531542892	0.0	0.3595331055360883
calcium	annotated_credset_417.txt	ENSG00000104852	SNRNP70	0	-0.7371114988509604	0.3059388058265915	0.6799106241362035	0.4084899638542985
calcium	annotated_credset_417.txt	ENSG00000104863	LIN7B	0	-0.8899871695417046	0.1892701798634192	0.2893224421251375	0.4220181670487231
calcium	annotated_credset_417.txt	ENSG00000221916	C19orf73	0	-0.967147733005154	0.2891921642389201	0.2198381558278169	0.4229516199327626
calcium	annotated_credset_417.txt	ENSG00000177380	PPFIA3	0	-0.9242419084589328	0.3513374870419253	0.3056498049202586	0.4667223238452359
calcium	annotated_credset_417.txt	ENSG00000130528	HRC	0	-0.8222320908760257	0.2996227463637238	0.293383615310377	0.4727595676452439
calcium	annotated_credset_417.txt	ENSG00000130529	TRPM4	0	-0.7050650039507709	0.2433114960831881	0.5250324807044657	0.550197720725293
calcium	annotated_credset_417.txt	ENSG00000063127	SLC6A16	0	-0.9137162102450174	0.5323657970952538	0.31184569731214	0.7058496164140416
calcium	annotated_credset_417.txt	ENSG00000104894	CD37	0	-0.7860097773996113	0.4243408748437015	0.5672585630029521	0.7307096630757393
calcium	annotated_credset_417.txt	ENSG00000074219	TEAD2	0	-0.8380733971914356	0.3661390815530452	0.4690266996247479	0.7569589072648604
calcium	annotated_credset_417.txt	ENSG00000104901	DKKL1	0	-0.7500020196793686	0.381453655512926	0.6431102333811815	0.7743362308811182
calcium	annotated_credset_417.txt	ENSG00000161609	CCDC155	0	-0.8429716856799547	0.3957743317908326	0.1979951239447066	0.8331959261191234
calcium	annotated_credset_417.txt	ENSG00000142538	PTH2	0	-0.9988817486466252	0.0	0.1453507754466685	0.8406731582652452
calcium	annotated_credset_417.txt	ENSG00000261949	GFY	0	-1.0366627642252662	0.2896303341847366	0.0697887442893867	0.8480542996733043
calcium	annotated_credset_417.txt	ENSG00000104888	SLC17A7	0	-0.8093410238918557	0.4426157677058063	0.2281463572651676	0.866643739313984
calcium	annotated_credset_417.txt	ENSG00000104872	PIH1D1	0	-0.5729698864122077	0.6214639151019012	0.6188998207315434	0.8819317757397889
calcium	annotated_credset_417.txt	ENSG00000161618	ALDH16A1	0	-0.3117894068829883	0.6402197261972191	0.7088500627794844	0.906024469221813
calcium	annotated_credset_417.txt	ENSG00000269469	CTD-3148I10.9	0	-0.9009287089501192	0.1652007566446869	0.3146185854152417	0.9268665503076526
calcium	annotated_credset_417.txt	ENSG00000090554	FLT3LG	0	-0.2196272103760432	0.8181167241987367	0.8184204560832914	0.9268665503076526
calcium	annotated_credset_417.txt	ENSG00000142541	RPL13A	0	-0.0730133970511117	1.0	1.0	0.9352085990963404
calcium	annotated_credset_417.txt	ENSG00000142534	RPS11	0	-0.2163242121629573	0.998493122869265	0.5986158251443509	0.9453406810626568
calcium	annotated_credset_417.txt	ENSG00000268000	hsa-mir-150	0	-0.8644010752831272	0.1652007566446869	0.3146185854152417	0.9476303860782124
calcium	annotated_credset_417.txt	ENSG00000104870	FCGRT	1	-0.0824619868271916	0.8181167241987367	0.9771677217997692	0.9819155614190496
calcium	annotated_credset_417.txt	ENSG00000142552	RCN3	0	0.0730133970511117	0.7847089375981874	0.8113981564570107	1.0
calcium	annotated_credset_417.txt	ENSG00000142546	NOSIP	0	-0.1495332059347129	0.9709525387139176	0.7209976480103855	0.9777565285407872
calcium	annotated_credset_417.txt	ENSG00000126460	PRRG2	0	-0.4684449193071651	0.932756943924934	0.6800763532997828	0.9435276349179584
calcium	annotated_credset_417.txt	ENSG00000126464	PRR12	0	-0.549802943204355	0.8900514048155945	0.5756518599563919	0.9284317799682792
calcium	annotated_credset_417.txt	ENSG00000126458	RRAS	0	-0.6056118004390476	0.4857060414017163	0.6781058961278758	0.8685137138867529
calcium	annotated_credset_417.txt	ENSG00000126461	SCAF1	0	-0.6354429276691789	0.8181167241987367	0.4237149095585437	0.859133885126986
calcium	annotated_credset_417.txt	ENSG00000126456	IRF3	0	-0.5512571223908163	0.5999080911820969	0.6167707108653909	0.8351880732017152
calcium	annotated_credset_417.txt	ENSG00000126453	BCL2L12	0	-0.5671905132425661	0.5992134315119	0.5793354248283953	0.8269558423993849
calcium	annotated_credset_417.txt	ENSG00000126457	PRMT1	0	-0.3271154064490718	0.6916779771510403	0.900276148592996	0.8129265946422037
calcium	annotated_credset_417.txt	ENSG00000224420	ADM5	0	-0.8183999024782902	0.0469162454179179	0.2927106136039559	0.795248644288292
calcium	annotated_credset_417.txt	ENSG00000169169	CPT1C	0	-0.7753171241312464	0.5216787252460698	0.3711152879204192	0.7921819770192565
calcium	annotated_credset_417.txt	ENSG00000126467	TSKS	0	-0.7669348563795089	0.3921621015058084	0.3999068486466726	0.7251175054755105
calcium	annotated_credset_417.txt	ENSG00000196961	AP2A1	0	-0.7006482711264352	0.3002319094591273	0.5324800191528197	0.6877587992414905
calcium	annotated_credset_417.txt	ENSG00000010361	FUZ	0	-0.8087659281526283	0.2257344690128351	0.3153880671457217	0.6329857058208169
calcium	annotated_credset_417.txt	ENSG00000104973	MED25	0	-0.7781326725887658	0.3220976584625578	0.3766545782734465	0.6173187973420784
calcium	annotated_credset_417.txt	ENSG00000104960	PTOV1	0	-0.8229464467098213	0.4543074243088136	0.2892695951863648	0.5727697584512956
calcium	annotated_credset_417.txt	ENSG00000039650	PNKP	0	-0.6496420158323786	0.4755640102168407	0.8524520529419221	0.5583987022115766
calcium	annotated_credset_417.txt	ENSG00000204673	AKT1S1	0	-0.6887778667183064	0.3349328317534278	0.5576067551693947	0.5476447758975104
calcium	annotated_credset_417.txt	ENSG00000104946	TBC1D17	0	-0.7279314594391273	0.365658163319832	0.479299569727753	0.5361317327527473
calcium	annotated_credset_417.txt	ENSG00000104951	IL4I1	0	-0.6483141248243811	0.4901946115783736	0.8575053721893622	0.5193446808131614
calcium	annotated_credset_417.txt	ENSG00000213024	NUP62	0	-0.9008982721599674	0.4577059131568541	0.3523370775181896	0.4957736227663358
calcium	annotated_credset_417.txt	ENSG00000269179	CTC-326K19.6	0	-0.9197575182114414	0.1652007566446869	0.3146185854152417	0.4921002111226747
calcium	annotated_credset_417.txt	ENSG00000169136	ATF5	0	-0.7514730046727192	0.441504312233491	0.651187612492686	0.4657425216720255
calcium	annotated_credset_417.txt	ENSG00000161640	SIGLEC11	0	-0.9632359115047636	0.1895437689027583	0.2276617988285969	0.43789954395589
calcium	annotated_credset_417.txt	ENSG00000105053	VRK3	0	-0.8708458797637887	0.3595024099347019	0.4124418623105469	0.4001743201924016
calcium	annotated_credset_417.txt	ENSG00000142528	ZNF473	0	-0.8840286772200543	0.3389939190561178	0.3860762673980157	0.3325717405155035
calcium	annotated_credset_417.txt	ENSG00000161652	IZUMO2	0	-1.0049612309658915	0.2818928941659274	0.1442111599063413	0.1584635594945337
calcium	annotated_credset_417.txt	ENSG00000105357	MYH14	0	-1.0352912143060662	0.2223648352587874	0.0809318075066926	0.1095423920218898
calcium	annotated_credset_418.txt	ENSG00000105552	BCAT2	0	-0.8926129799968507	0.3031601671458037	0.5670591887980793	0.0
calcium	annotated_credset_418.txt	ENSG00000087076	HSD17B14	0	-0.9920824696877524	0.2814654112919601	0.3681202094162761	0.0357460277453967
calcium	annotated_credset_418.txt	ENSG00000105559	PLEKHA4	0	-0.9164165342394324	0.2609985999935877	0.519452080312916	0.0802790922148266
calcium	annotated_credset_418.txt	ENSG00000087074	PPP1R15A	0	-0.9744059976688284	0.1689809876991803	0.4034731534541239	0.0906270299905516
calcium	annotated_credset_418.txt	ENSG00000104804	TULP2	0	-1.004861047556041	0.1646393326992337	0.3425630536796981	0.1222297016406984
calcium	annotated_credset_418.txt	ENSG00000104805	NUCB1	0	-0.8843010828210582	0.1089995832041978	0.5836829831496642	0.1565681311162659
calcium	annotated_credset_418.txt	ENSG00000104808	DHDH	0	-1.007220850184318	0.1377403255282085	0.255730659269092	0.1866670418425061
calcium	annotated_credset_418.txt	ENSG00000087088	BAX	0	-0.8806806844232431	0.2413910292718898	0.5909237799452947	0.2101209738058294
calcium	annotated_credset_418.txt	ENSG00000087086	FTL	0	-1.1422458169059833	0.2127464705945217	0.067793514979814	0.2172007750045747
calcium	annotated_credset_418.txt	ENSG00000104812	GYS1	0	-0.8664114231451993	0.2632931143196075	0.6194623025013823	0.2540380398245024
calcium	annotated_credset_418.txt	ENSG00000183207	RUVBL2	0	-0.8540557083581031	0.1930042427675241	0.6441737320755746	0.2856532544295289
calcium	annotated_credset_418.txt	ENSG00000104826	LHB	0	-1.0913344969240888	0.1378097914952282	0.1696161549436032	0.2871667709850087
calcium	annotated_credset_418.txt	ENSG00000104827	CGB	0	-1.1401380712696163	0.0032809310576995	0.0720090062525481	0.2972736052947134
calcium	annotated_credset_418.txt	ENSG00000267335	CTB-60B18.6	0	-1.0188332816882697	0.1652007566446869	0.3146185854152417	0.3147807829834215
calcium	annotated_credset_418.txt	ENSG00000104818	CGB2	0	-1.1110031006348948	0.2545446773038655	0.1302789475219909	0.309684162317317
calcium	annotated_credset_418.txt	ENSG00000267631	CGB1	0	-1.0987897228342631	0.2641395304100629	0.1547057031232548	0.3313012482215958
calcium	annotated_credset_418.txt	ENSG00000189052	CGB5	0	-1.1137645023657858	0.1984375500956492	0.1247561440602092	0.3265098394575632
calcium	annotated_credset_418.txt	ENSG00000213030	CGB8	0	-1.100382351766204	0.2505733614047087	0.1515204452593725	0.3318503509129946
calcium	annotated_credset_418.txt	ENSG00000196337	CGB7	0	-1.1355142492048025	0.2322653386198715	0.0812566503821763	0.3453925611980747
calcium	annotated_credset_418.txt	ENSG00000225950	NTF4	0	-1.0018459700034854	0.2101708862788684	0.3485932087848101	0.3540555620349645
calcium	annotated_credset_418.txt	ENSG00000104848	KCNA7	0	-1.0757105360887005	0.0021053531542892	0.0	0.3650167109381398
calcium	annotated_credset_418.txt	ENSG00000104852	SNRNP70	0	-0.8361872623277886	0.3059388058265915	0.6799106241362035	0.414720260141299
calcium	annotated_credset_418.txt	ENSG00000104863	LIN7B	0	-1.0314813533333216	0.1892701798634192	0.2893224421251375	0.428454795734534
calcium	annotated_credset_418.txt	ENSG00000221916	C19orf73	0	-1.066223496481982	0.2891921642389201	0.2198381558278169	0.4294024856587755
calcium	annotated_credset_418.txt	ENSG00000177380	PPFIA3	0	-1.023317671935761	0.3513374870419253	0.3056498049202586	0.4738407811357812
calcium	annotated_credset_418.txt	ENSG00000130528	HRC	0	-0.9310216233118992	0.2996227463637238	0.293383615310377	0.4799701050869784
calcium	annotated_credset_418.txt	ENSG00000130529	TRPM4	0	-0.8045538276158926	0.2433114960831881	0.5250324807044657	0.5585893462727292
calcium	annotated_credset_418.txt	ENSG00000063127	SLC6A16	0	-1.0125102225659923	0.5323657970952538	0.31184569731214	0.716615247478343
calcium	annotated_credset_418.txt	ENSG00000104894	CD37	0	-0.8848037897205863	0.4243408748437015	0.5672585630029521	0.7418544600195389
calcium	annotated_credset_418.txt	ENSG00000074219	TEAD2	0	-0.857858353421102	0.3661390815530452	0.4690266996247479	0.7685040581538708
calcium	annotated_credset_418.txt	ENSG00000104901	DKKL1	0	-0.8066124539859698	0.381453655512926	0.6431102333811815	0.7861464210229486
calcium	annotated_credset_418.txt	ENSG00000161609	CCDC155	0	-0.9661924562902668	0.3957743317908326	0.1979951239447066	0.8459038453929872
calcium	annotated_credset_418.txt	ENSG00000142538	PTH2	0	-1.098206003887522	0.0	0.1453507754466685	0.8534951204184922
calcium	annotated_credset_418.txt	ENSG00000261949	GFY	0	-1.135987019466163	0.2896303341847366	0.0697887442893867	0.8609888391282664
calcium	annotated_credset_418.txt	ENSG00000104888	SLC17A7	0	-0.9602399861640024	0.4426157677058063	0.2281463572651676	0.8798618052372048
calcium	annotated_credset_418.txt	ENSG00000104872	PIH1D1	0	-0.6629387158184488	0.6214639151019012	0.6188998207315434	0.8953830150699656
calcium	annotated_credset_418.txt	ENSG00000161618	ALDH16A1	0	-0.5724772638084554	0.6402197261972191	0.7088500627794844	0.919843170746969
calcium	annotated_credset_418.txt	ENSG00000269469	CTD-3148I10.9	0	-0.9998494407458868	0.1652007566446869	0.3146185854152417	0.9410031356289668
calcium	annotated_credset_418.txt	ENSG00000090554	FLT3LG	0	-0.3342830915553556	0.8181167241987367	0.8184204560832914	0.9410031356289668
calcium	annotated_credset_418.txt	ENSG00000142541	RPL13A	0	-0.1846113215348674	1.0	1.0	0.9494724174960484
calcium	annotated_credset_418.txt	ENSG00000142534	RPS11	0	-0.3224860738339079	0.998493122869265	0.5986158251443509	0.9597590341590284
calcium	annotated_credset_418.txt	ENSG00000268000	hsa-mir-150	0	-0.972511949233588	0.1652007566446869	0.3146185854152417	0.9620836617967266
calcium	annotated_credset_418.txt	ENSG00000104870	FCGRT	1	0.1245828241703148	0.8181167241987367	0.9771677217997692	0.9968917552494548
calcium	annotated_credset_418.txt	ENSG00000142552	RCN3	0	-0.1245828241703148	0.7847089375981874	0.8113981564570107	1.0
calcium	annotated_credset_418.txt	ENSG00000142546	NOSIP	0	-0.3157670127960932	0.9709525387139176	0.7209976480103855	0.9621652527000064
calcium	annotated_credset_418.txt	ENSG00000126460	PRRG2	0	-0.5221992778500639	0.932756943924934	0.6800763532997828	0.9274142993750634
calcium	annotated_credset_418.txt	ENSG00000126464	PRR12	0	-0.5808214676255496	0.8900514048155945	0.5756518599563919	0.912088202173764
calcium	annotated_credset_418.txt	ENSG00000126458	RRAS	0	-0.7008794231611761	0.4857060414017163	0.6781058961278758	0.8512562646690339
calcium	annotated_credset_418.txt	ENSG00000126461	SCAF1	0	-0.7175104461547046	0.8181167241987367	0.4237149095585437	0.8417333745920603
calcium	annotated_credset_418.txt	ENSG00000126456	IRF3	0	-0.658566135055114	0.5999080911820969	0.6167707108653909	0.8174223407119596
calcium	annotated_credset_418.txt	ENSG00000126453	BCL2L12	0	-0.6905545138142735	0.5992134315119	0.5793354248283953	0.8090645517771418
calcium	annotated_credset_418.txt	ENSG00000126457	PRMT1	0	-0.4185078331911283	0.6916779771510403	0.900276148592996	0.7948213296804536
calcium	annotated_credset_418.txt	ENSG00000224420	ADM5	0	-0.9272886170430704	0.0469162454179179	0.2927106136039559	0.7768737549093039
calcium	annotated_credset_418.txt	ENSG00000169169	CPT1C	0	-0.8622334208646054	0.5216787252460698	0.3711152879204192	0.77376031477584
calcium	annotated_credset_418.txt	ENSG00000126467	TSKS	0	-0.8654134409203325	0.3921621015058084	0.3999068486466726	0.7056729747040493
calcium	annotated_credset_418.txt	ENSG00000196961	AP2A1	0	-0.8085648339349285	0.3002319094591273	0.5324800191528197	0.6677444728095906
calcium	annotated_credset_418.txt	ENSG00000010361	FUZ	0	-0.916720637933778	0.2257344690128351	0.3153880671457217	0.612135979181415
calcium	annotated_credset_418.txt	ENSG00000104973	MED25	0	-0.8860873823699156	0.3220976584625578	0.3766545782734465	0.5962301187323444
calcium	annotated_credset_418.txt	ENSG00000104960	PTOV1	0	-0.9839221702276956	0.4543074243088136	0.2892695951863648	0.5510016170979196
calcium	annotated_credset_418.txt	ENSG00000039650	PNKP	0	-0.7112150136536892	0.4755640102168407	0.8524520529419221	0.5364113732495607
calcium	annotated_credset_418.txt	ENSG00000204673	AKT1S1	0	-0.798290820727819	0.3349328317534278	0.5576067551693947	0.5254934278576375
calcium	annotated_credset_418.txt	ENSG00000104946	TBC1D17	0	-0.7839342243922434	0.365658163319832	0.479299569727753	0.5138047875714414
calcium	annotated_credset_418.txt	ENSG00000104951	IL4I1	0	-0.7473898883012093	0.4901946115783736	0.8575053721893622	0.496761699213281
calcium	annotated_credset_418.txt	ENSG00000213024	NUP62	0	-0.9999740356367957	0.4577059131568541	0.3523370775181896	0.4728311349645303
calcium	annotated_credset_418.txt	ENSG00000269179	CTC-326K19.6	0	-1.0188332816882697	0.1652007566446869	0.3146185854152417	0.4691016963803094
calcium	annotated_credset_418.txt	ENSG00000169136	ATF5	0	-0.8505487681495474	0.441504312233491	0.651187612492686	0.4423419989753672
calcium	annotated_credset_418.txt	ENSG00000161640	SIGLEC11	0	-1.062311674981592	0.1895437689027583	0.2276617988285969	0.4140743596615584
calcium	annotated_credset_418.txt	ENSG00000105053	VRK3	0	-0.969921643240617	0.3595024099347019	0.4124418623105469	0.3757737501056695
calcium	annotated_credset_418.txt	ENSG00000142528	ZNF473	0	-0.9831044406968824	0.3389939190561178	0.3860762673980157	0.3071400946657868
calcium	annotated_credset_418.txt	ENSG00000161652	IZUMO2	0	-1.1040369944427195	0.2818928941659274	0.1442111599063413	0.1303764125316042
calcium	annotated_credset_418.txt	ENSG00000105357	MYH14	0	-1.1344844585377467	0.2223648352587874	0.0809318075066926	0.0807090985314307
calcium	annotated_credset_419.txt	ENSG00000063127	SLC6A16	0	-0.6248126019965738	0.5513805017583071	0.2667710223962783	0.0580463097171174
calcium	annotated_credset_419.txt	ENSG00000104894	CD37	0	-0.4919376510554383	0.4477480340793749	0.5389136416399996	0.0832009343595067
calcium	annotated_credset_419.txt	ENSG00000074219	TEAD2	0	-0.5442707168166936	0.39191281257369	0.434247510117489	0.1097612177615922
calcium	annotated_credset_419.txt	ENSG00000104901	DKKL1	0	-0.451527642352644	0.4066046730984138	0.6197336590455883	0.1273444531756179
calcium	annotated_credset_419.txt	ENSG00000161609	CCDC155	0	-0.6886629006321479	0.4203430493043665	0.1454631424865807	0.1869016036679628
calcium	annotated_credset_419.txt	ENSG00000142538	PTH2	0	-0.7167091990241374	0.040661492561797	0.0893705457026015	0.1944674369328493
calcium	annotated_credset_419.txt	ENSG00000261949	GFY	0	-0.7569649023124195	0.3185150250674103	0.0088591391260373	0.2019360408368873
calcium	annotated_credset_419.txt	ENSG00000104888	SLC17A7	0	-0.672599818635347	0.4652798425212995	0.1775893064801824	0.220745755188474
calcium	annotated_credset_419.txt	ENSG00000104872	PIH1D1	0	-0.4288134049430894	0.6368557573023571	0.593937444381055	0.2362149464994783
calcium	annotated_credset_419.txt	ENSG00000161618	ALDH16A1	0	-0.3743608993893945	0.6548489291243322	0.6897795015394699	0.2605931252459485
calcium	annotated_credset_419.txt	ENSG00000269469	CTD-3148I10.9	0	-0.6265317033958249	0.1991449398689727	0.2697255369592266	0.2816821736139991
calcium	annotated_credset_419.txt	ENSG00000090554	FLT3LG	0	-0.3123297669174369	0.8255123696648451	0.8065268460579703	0.2816821736139991
calcium	annotated_credset_419.txt	ENSG00000142541	RPL13A	0	-0.1098364899075121	1.0	1.0	0.2901230711265225
calcium	annotated_credset_419.txt	ENSG00000142534	RPS11	0	-0.4294307747774621	0.9985543947425078	0.5723248303379197	0.3003752127325675
calcium	annotated_credset_419.txt	ENSG00000268000	hsa-mir-150	0	-0.6265317033958249	0.1991449398689727	0.2697255369592266	0.3026920495025016
calcium	annotated_credset_419.txt	ENSG00000104870	FCGRT	1	-0.2277570955819237	0.8255123696648451	0.9756721887289966	0.3373834854532644
calcium	annotated_credset_419.txt	ENSG00000142552	RCN3	0	-0.130707964875663	0.7934629935306602	0.7990445800090719	0.3660369780953322
calcium	annotated_credset_419.txt	ENSG00000142546	NOSIP	0	-0.3642318081308462	0.9721336518449408	0.7027227636311519	0.426180282734507
calcium	annotated_credset_419.txt	ENSG00000126460	PRRG2	0	-0.3860326447787321	0.9354911469493628	0.65912109033538	0.4272261928590635
calcium	annotated_credset_419.txt	ENSG00000126464	PRR12	0	-0.4416648367100315	0.8945220788008653	0.5478567064727812	0.4764298054119071
calcium	annotated_credset_419.txt	ENSG00000126458	RRAS	0	-0.4328836885794143	0.5066180013738376	0.6570215665920479	0.4955450977547321
calcium	annotated_credset_419.txt	ENSG00000126461	SCAF1	0	-0.5226093097484961	0.8255123696648451	0.3859677603958522	0.5211594783748481
calcium	annotated_credset_419.txt	ENSG00000126456	IRF3	0	-0.4467883854379397	0.6161764253565313	0.5916688760610322	0.5312060493322419
calcium	annotated_credset_419.txt	ENSG00000126453	BCL2L12	0	-0.4667320495260647	0.615510011585347	0.5517815478847822	0.5423749249120018
calcium	annotated_credset_419.txt	ENSG00000126457	PRMT1	0	-0.2716954443247954	0.7042148107897516	0.893744154001127	0.5633667439192038
calcium	annotated_credset_419.txt	ENSG00000224420	ADM5	0	-0.5160414383960106	0.0856700534156268	0.2463825749086842	0.5655141238030875
calcium	annotated_credset_419.txt	ENSG00000169169	CPT1C	0	-0.4649031345626979	0.541127982201626	0.3299228201180341	0.5976775963717881
calcium	annotated_credset_419.txt	ENSG00000126467	TSKS	0	-0.4581639384312985	0.4168776976942083	0.3606002518400616	0.6665701544964631
calcium	annotated_credset_419.txt	ENSG00000196961	AP2A1	0	-0.3875355271227971	0.3286855244676379	0.5018570744570642	0.7273843417254929
calcium	annotated_credset_419.txt	ENSG00000010361	FUZ	0	-0.6214025043315614	0.2572172611419256	0.2705454203782808	0.7416395550167596
calcium	annotated_credset_419.txt	ENSG00000104973	MED25	0	-0.5873752683186115	0.3496621794806073	0.3358249385620174	0.7714195192538014
calcium	annotated_credset_419.txt	ENSG00000104960	PTOV1	0	-0.6339296541275763	0.4764960989163086	0.2427161669440879	0.8018773110350444
calcium	annotated_credset_419.txt	ENSG00000039650	PNKP	0	-0.3338939672972023	0.4968883603145472	0.8427875406048358	0.8118294306133282
calcium	annotated_credset_419.txt	ENSG00000204673	AKT1S1	0	-0.3725986929093829	0.3619754554681813	0.5286296324255184	0.826483284284074
calcium	annotated_credset_419.txt	ENSG00000104946	TBC1D17	0	-0.4143168782757571	0.3914514491936393	0.4451932616927704	0.8407746113379417
calcium	annotated_credset_419.txt	ENSG00000104951	IL4I1	0	-0.3312018093823035	0.5109240595876436	0.8481718564346338	0.8974329378861305
calcium	annotated_credset_419.txt	ENSG00000213024	NUP62	0	-0.6003304268833488	0.4797564001353332	0.3099146214325429	0.8977440718408459
calcium	annotated_credset_419.txt	ENSG00000269179	CTC-326K19.6	0	-0.6173873972129635	0.1991449398689727	0.2697255369592266	0.9375081024461646
calcium	annotated_credset_419.txt	ENSG00000169136	ATF5	0	-0.4411176810211257	0.4642135804874048	0.6283401131569891	0.9035389417474196
calcium	annotated_credset_419.txt	ENSG00000161640	SIGLEC11	0	-0.0880912217751161	0.2224981289151808	0.1770730090660004	0.9413708860535904
calcium	annotated_credset_419.txt	ENSG00000105053	VRK3	0	0.0880912217751161	0.385545997928991	0.3739563192469093	1.0
calcium	annotated_credset_419.txt	ENSG00000142528	ZNF473	0	-0.4524798419780735	0.3658714128997201	0.3458637561021025	0.9689808652623074
calcium	annotated_credset_419.txt	ENSG00000161652	IZUMO2	0	-0.7112095953978205	0.3110922009083732	0.0881562844035997	0.7928095973499496
calcium	annotated_credset_419.txt	ENSG00000105357	MYH14	0	-0.7463091734292149	0.253984641725704	0.0207320821829739	0.7433087407510833
calcium	annotated_credset_419.txt	ENSG00000131398	KCNC3	0	-0.6580137582019778	0.2220634220859776	0.2023847774903532	0.5714197316886696
calcium	annotated_credset_419.txt	ENSG00000131408	NR1H2	0	-0.4956605409949006	0.2482063217035586	0.5249283977641878	0.5468123694487707
calcium	annotated_credset_419.txt	ENSG00000131400	NAPSA	0	-0.6101613765606402	0.1685503962598808	0.3024661906295961	0.5067760966330761
calcium	annotated_credset_419.txt	ENSG00000062822	POLD1	0	-0.6427443406014656	0.2460266360458082	0.2373002625479452	0.4710415285394953
calcium	annotated_credset_419.txt	ENSG00000142539	CTD-2545M3.6	0	-0.6265317033958249	0.1991449398689727	0.2697255369592266	0.4271563620250674
calcium	annotated_credset_419.txt	ENSG00000269404	SPIB	0	-0.7613944718754382	0.1614443749551452	0.0	0.4227963196864445
calcium	annotated_credset_419.txt	ENSG00000086967	MYBPC2	0	-0.633810168810203	0.1645826711914453	0.2551686061304703	0.4033990621971587
calcium	annotated_credset_419.txt	ENSG00000142530	FAM71E1	0	-0.5872330652341986	0.0783189968934865	0.348322813282479	0.3563372735647218
calcium	annotated_credset_419.txt	ENSG00000161671	EMC10	0	-0.5716772583627465	0.1929745634989798	0.3794344270253831	0.3429821263567387
calcium	annotated_credset_419.txt	ENSG00000161677	JOSD2	0	-0.637704303388519	0.2639808482934681	0.2473803369738384	0.3018707746082331
calcium	annotated_credset_419.txt	ENSG00000204653	ASPDH	0	-0.756112363451391	0.2246419307544829	0.0105642168480944	0.2940896477586105
calcium	annotated_credset_419.txt	ENSG00000131409	LRRC4B	0	-0.7044056999709436	0.1741390446702277	0.1139775438089891	0.2867391080784601
calcium	annotated_credset_419.txt	ENSG00000213023	SYT3	0	-0.7316265639610423	0.0407230076791371	0.0595358158287916	0.1417076264641545
calcium	annotated_credset_419.txt	ENSG00000235034	C19orf81	0	-0.7305970315152785	0.0	0.0615948807203193	0.1026242013847757
calcium	annotated_credset_419.txt	ENSG00000161681	SHANK1	0	-0.6839194075149986	0.1864051590678409	0.1549501287208792	0.0854257164415364
calcium	annotated_credset_419.txt	ENSG00000105472	CLEC11A	0	-0.5029066444084422	0.1565877564411454	0.514072431896272	0.0
calcium	annotated_credset_4.txt	ENSG00000158825	CDA	0	-0.7938038656880012	0.1750411441090807	0.0	0.0
calcium	annotated_credset_4.txt	ENSG00000158828	PINK1	0	-0.9282250123387172	0.0577886533978717	0.144193457087667	0.0471374393724501
calcium	annotated_credset_4.txt	ENSG00000244038	DDOST	0	-0.6971047158489315	0.0	0.3023898033936543	0.0615896629091495
calcium	annotated_credset_4.txt	ENSG00000117245	KIF17	0	-0.7340415826272261	0.3779668320506985	0.2375778831915574	0.1432918589934717
calcium	annotated_credset_4.txt	ENSG00000189410	SH2D5	0	-0.6509255113405589	0.2765559049367739	0.2105665221943355	0.1647186249812554
calcium	annotated_credset_4.txt	ENSG00000127483	HP1BP3	0	-0.5892668476373873	0.2846722402296802	0.3591099657810982	0.2434945205015241
calcium	annotated_credset_4.txt	ENSG00000075151	EIF4G3	0	-0.5140926791693882	0.1918622057395815	0.4185047142313789	0.8067220768420769
calcium	annotated_credset_4.txt	ENSG00000117298	ECE1	0	0.2018120238949409	1.0	0.9288320341783964	1.0
calcium	annotated_credset_4.txt	ENSG00000142794	NBPF3	0	-0.861455026749028	0.9643504249394736	0.1839077303681809	0.8126795705473885
calcium	annotated_credset_4.txt	ENSG00000162551	ALPL	1	-0.2018120238949409	0.8942453625267588	1.0	0.7125766692858381
calcium	annotated_credset_4.txt	ENSG00000076864	RAP1GAP	0	-0.4508168248471936	0.6192936884677085	0.542470058129674	0.5870088807541908
calcium	annotated_credset_4.txt	ENSG00000090686	USP48	0	-0.5789393278016032	0.2578312252205169	0.3454801753592829	0.4683332240352132
calcium	annotated_credset_4.txt	ENSG00000187942	LDLRAD2	0	-0.924132722080453	0.3056120391729991	0.1523780376041954	0.2746436451495578
calcium	annotated_credset_4.txt	ENSG00000142798	HSPG2	0	-0.6364093116654922	0.3355161487383338	0.7251822269033555	0.2602145544236414
calcium	annotated_credset_5.txt	ENSG00000075151	EIF4G3	0	-0.4781112292916236	0.3534720866578336	0.5182896039637065	0.4410170860234405
calcium	annotated_credset_5.txt	ENSG00000117298	ECE1	0	-0.1958352515710666	1.0	0.941044493669957	0.7205468912433659
calcium	annotated_credset_5.txt	ENSG00000142794	NBPF3	0	-0.4350445044115647	0.9714795601206718	0.3239495830359578	0.9518046741753124
calcium	annotated_credset_5.txt	ENSG00000162551	ALPL	1	0.1958352515710666	0.915393976649236	1.0	1.0
calcium	annotated_credset_5.txt	ENSG00000076864	RAP1GAP	0	-0.4460229572049881	0.6954266228614862	0.6209824311722558	0.8638369481796402
calcium	annotated_credset_5.txt	ENSG00000090686	USP48	0	-0.7619211402020025	0.4062487453083184	0.4577961134722943	0.7277638548225821
calcium	annotated_credset_5.txt	ENSG00000187942	LDLRAD2	0	-0.8411495800762239	0.4444744416708547	0.2978304017460074	0.5056800603978534
calcium	annotated_credset_5.txt	ENSG00000142798	HSPG2	0	-0.6041362864459998	0.4683983834725435	0.7723410979313213	0.4891357153848368
calcium	annotated_credset_5.txt	ENSG00000219073	CELA3B	0	-0.971816176674934	0.2419128631337317	0.0493094653616361	0.2325558011829677
calcium	annotated_credset_5.txt	ENSG00000142789	CELA3A	0	-0.9790287686496376	0.233575480174833	0.0348842814122289	0.1917171299008371
calcium	annotated_credset_5.txt	ENSG00000070831	CDC42	0	-0.9964709093557522	0.0	0.0	0.1072199545843573
calcium	annotated_credset_5.txt	ENSG00000162552	WNT4	0	-0.8542677033374297	0.0783093747793473	0.2816064242436761	0.0
calcium	annotated_credset_6.txt	ENSG00000075151	EIF4G3	0	-0.630716966203972	0.3534720866578336	0.5182896039637065	0.2886388739184857
calcium	annotated_credset_6.txt	ENSG00000117298	ECE1	0	-0.3472634391212323	1.0	0.941044493669957	0.595490500030477
calcium	annotated_credset_6.txt	ENSG00000142794	NBPF3	0	-0.6684866566147456	0.9714795601206718	0.3239495830359578	0.8493518966278492
calcium	annotated_credset_6.txt	ENSG00000162551	ALPL	1	0.1982358041408349	0.915393976649236	1.0	1.0
calcium	annotated_credset_6.txt	ENSG00000076864	RAP1GAP	0	-0.1982358041408349	0.6954266228614862	0.6209824311722558	0.9482701568657188
calcium	annotated_credset_6.txt	ENSG00000090686	USP48	0	-0.6526396843882156	0.4062487453083184	0.4577961134722943	0.7988969981292074
calcium	annotated_credset_6.txt	ENSG00000187942	LDLRAD2	0	-0.7363597514787761	0.4444744416708547	0.2978304017460074	0.5551062746364714
calcium	annotated_credset_6.txt	ENSG00000142798	HSPG2	0	-0.4964585532045396	0.4683983834725435	0.7723410979313213	0.5369448511481684
calcium	annotated_credset_6.txt	ENSG00000219073	CELA3B	0	-0.865207035505007	0.2419128631337317	0.0493094653616361	0.2552862858349815
calcium	annotated_credset_6.txt	ENSG00000142789	CELA3A	0	-0.8724196274797107	0.233575480174833	0.0348842814122289	0.2104559584167102
calcium	annotated_credset_6.txt	ENSG00000070831	CDC42	0	-0.8898617681858252	0.0	0.0	0.1176998545467404
calcium	annotated_credset_6.txt	ENSG00000162552	WNT4	0	-0.7474779600938333	0.0783093747793473	0.2816064242436761	0.0
calcium	annotated_credset_71.txt	ENSG00000115041	KCNIP3	0	-0.927139571948114	0.0	0.0	0.0913357184112288
calcium	annotated_credset_71.txt	ENSG00000115042	FAHD2A	0	-0.2497523240643969	0.7097191517235731	0.4076233116854028	0.1338071030935692
calcium	annotated_credset_71.txt	ENSG00000144015	TRIM43	0	-0.9038939122753044	0.7191517235732416	0.0654069725743788	0.3885352789076703
calcium	annotated_credset_71.txt	ENSG00000174501	ANKRD36C	0	-0.4809265549667577	0.7955621059526734	0.3494997224697926	0.9337207750354964
calcium	annotated_credset_71.txt	ENSG00000186281	GPAT2	0	0.2416441953611999	0.6816670760664864	0.5457250739863037	1.0
calcium	annotated_credset_71.txt	ENSG00000222040	ADRA2B	0	-0.4200727308079214	1.0	0.4341366195972798	0.9010959500965384
calcium	annotated_credset_71.txt	ENSG00000188886	ASTL	0	-0.3764559200953646	0.949496438221567	0.5449660509589165	0.8859620685642935
calcium	annotated_credset_71.txt	ENSG00000158050	DUSP2	0	-0.2416441953611999	0.6247932530909686	1.0	0.859098803017809
calcium	annotated_credset_71.txt	ENSG00000084090	STARD7	0	-0.6426803674470795	0.271153688692377	0.4830784222009217	0.8011166500273333
calcium	annotated_credset_71.txt	ENSG00000135956	TMEM127	0	-0.5337852182155071	0.1617293048391058	0.3381890007391397	0.7125871980241982
calcium	annotated_credset_71.txt	ENSG00000144021	CIAO1	0	-0.3890172840631251	0.0136412019978711	0.4413494894815256	0.6880881668652177
calcium	annotated_credset_71.txt	ENSG00000144028	SNRNP200	0	-0.7759622974498614	0.2301482027347908	0.3027738080678552	0.6766786498563463
calcium	annotated_credset_71.txt	ENSG00000198885	ITPRIPL1	0	-0.3461891475738888	0.3892082207483828	0.7071263498089362	0.6057585718617837
calcium	annotated_credset_71.txt	ENSG00000121152	NCAPH	0	-0.7015301392213964	0.4199132072381888	0.408053300916387	0.591217139652525
calcium	annotated_credset_71.txt	ENSG00000196843	ARID5A	0	-0.4627929604681419	0.9512322934577908	0.8015884637436356	0.3117437741579208
calcium	annotated_credset_71.txt	ENSG00000114982	KANSL3	0	-0.4674645976997379	0.969786293294031	0.9333234229993156	0.2332692719322283
calcium	annotated_credset_71.txt	ENSG00000114988	LMAN2L	0	-0.6448345664227885	0.6933922869073936	0.5835256642794109	0.0764523864613215
calcium	annotated_credset_71.txt	ENSG00000158158	CNNM4	1	-0.5114270576465744	0.6933922869073936	0.707192498009207	0.0
calcium	annotated_credset_72.txt	ENSG00000174501	ANKRD36C	0	-0.5979244148725743	0.7927347589321291	0.2501021809406885	0.3809102411455053
calcium	annotated_credset_72.txt	ENSG00000186281	GPAT2	0	-0.5211085755231094	0.677264576969053	0.4763110977225037	0.4581388697452077
calcium	annotated_credset_72.txt	ENSG00000222040	ADRA2B	0	-0.7293915918506414	1.0	0.3476717389565998	0.5825670926464657
calcium	annotated_credset_72.txt	ENSG00000188886	ASTL	0	-0.4585356228594833	0.9487979811395936	0.475436094694043	0.6185270678291421
calcium	annotated_credset_72.txt	ENSG00000158050	DUSP2	0	-0.4286793599037705	0.6196041971045292	1.0	0.6298768792923238
calcium	annotated_credset_72.txt	ENSG00000084090	STARD7	0	-0.4325819852895961	0.261073847788551	0.4040919316929481	0.7325891079876853
calcium	annotated_credset_72.txt	ENSG00000135956	TMEM127	0	-0.6973543334074378	0.1501361402576703	0.2370631618183491	0.8252300805089071
calcium	annotated_credset_72.txt	ENSG00000144021	CIAO1	0	-0.6390760503700544	0.0	0.3559867475464359	0.8371486789257692
calcium	annotated_credset_72.txt	ENSG00000144028	SNRNP200	0	-0.7344174034359124	0.219501261787754	0.1962364678673565	0.8893441996609325
calcium	annotated_credset_72.txt	ENSG00000198885	ITPRIPL1	0	-0.6128384467969025	0.3807610572453181	0.662374761203665	0.92628132166147
calcium	annotated_credset_72.txt	ENSG00000121152	NCAPH	0	-0.2968255548798938	0.411890689334573	0.3176028451093988	1.0
calcium	annotated_credset_72.txt	ENSG00000196843	ARID5A	0	0.0089313132184595	0.9505578430070396	0.7712708457561789	0.934614193435817
calcium	annotated_credset_72.txt	ENSG00000114982	KANSL3	0	-0.4762599160973716	0.9693684420241732	0.9231351293730516	0.8431756138480162
calcium	annotated_credset_72.txt	ENSG00000114988	LMAN2L	0	-0.5598614362972439	0.6891519458095364	0.519887682082438	0.6604523998593083
calcium	annotated_credset_72.txt	ENSG00000158158	CNNM4	1	-0.3710661122418995	0.6891519458095364	0.662451016960705	0.5713699918688042
calcium	annotated_credset_72.txt	ENSG00000168763	CNNM3	0	-0.0089313132184595	0.9784001859476692	0.8554577404043135	0.4816880078872412
calcium	annotated_credset_72.txt	ENSG00000163126	ANKRD23	0	-0.5708622679415675	0.6891519458095364	0.7004206943919351	0.4682688490170801
calcium	annotated_credset_72.txt	ENSG00000213337	ANKRD39	0	-0.5955776559125135	0.6891519458095364	0.6509899184500433	0.4486854007685719
calcium	annotated_credset_72.txt	ENSG00000168758	SEMA4C	0	-0.4878591536201676	0.8799973436047284	0.8585684082489684	0.4112443108404146
calcium	annotated_credset_72.txt	ENSG00000168754	FAM178B	0	-0.6978322927159805	0.5091977686279718	0.6625410448522645	0.3850460809824392
calcium	annotated_credset_72.txt	ENSG00000144199	FAHD2B	0	-0.7770992646126328	0.1151879399654668	0.0	0.048473288163643
calcium	annotated_credset_72.txt	ENSG00000135976	ANKRD36	0	-0.5357462506657099	0.1366881391951122	0.4298038062141583	0.0
calcium	annotated_credset_73.txt	ENSG00000174501	ANKRD36C	0	-0.8471437115801677	0.7927347589321291	0.2501021809406885	0.0
calcium	annotated_credset_73.txt	ENSG00000186281	GPAT2	0	-0.8432067098161521	0.677264576969053	0.4763110977225037	0.073209285035093
calcium	annotated_credset_73.txt	ENSG00000222040	ADRA2B	0	-0.8455780897911451	1.0	0.3476717389565998	0.1911616739607639
calcium	annotated_credset_73.txt	ENSG00000188886	ASTL	0	-0.778119394817321	0.9487979811395936	0.475436094694043	0.2252501217389701
calcium	annotated_credset_73.txt	ENSG00000158050	DUSP2	0	-0.5240326635884452	0.6196041971045292	1.0	0.2360092352642081
calcium	annotated_credset_73.txt	ENSG00000084090	STARD7	0	-0.8321852908816196	0.261073847788551	0.4040919316929481	0.333375833163078
calcium	annotated_credset_73.txt	ENSG00000135956	TMEM127	0	-0.9560278804507244	0.1501361402576703	0.2370631618183491	0.4211953307536448
calcium	annotated_credset_73.txt	ENSG00000144021	CIAO1	0	-0.8954605406353872	0.0	0.3559867475464359	0.4324936288658844
calcium	annotated_credset_73.txt	ENSG00000144028	SNRNP200	0	-0.9420287241837282	0.219501261787754	0.1962364678673565	0.4819726475192132
calcium	annotated_credset_73.txt	ENSG00000198885	ITPRIPL1	0	-0.7075110654382424	0.3807610572453181	0.662374761203665	0.5169873867673964
calcium	annotated_credset_73.txt	ENSG00000121152	NCAPH	0	-0.8669448149663935	0.411890689334573	0.3176028451093988	0.5868693959750101
calcium	annotated_credset_73.txt	ENSG00000196843	ARID5A	0	-0.611195170950987	0.9505578430070396	0.7712708457561789	0.8615186571692348
calcium	annotated_credset_73.txt	ENSG00000114982	KANSL3	0	0.3248894538438996	0.9693684420241732	0.9231351293730516	1.0
calcium	annotated_credset_73.txt	ENSG00000114988	LMAN2L	0	-0.4784059655106357	0.6891519458095364	0.519887682082438	0.945653179776805
calcium	annotated_credset_73.txt	ENSG00000158158	CNNM4	1	-0.3968610934969173	0.6891519458095364	0.662451016960705	0.8612070421664526
calcium	annotated_credset_73.txt	ENSG00000168763	CNNM3	0	-0.3248894538438996	0.9784001859476692	0.8554577404043135	0.7761925333390332
calcium	annotated_credset_73.txt	ENSG00000163126	ANKRD23	0	-0.6196675031028352	0.6891519458095364	0.7004206943919351	0.7634717710457013
calcium	annotated_credset_73.txt	ENSG00000213337	ANKRD39	0	-0.6781133383661092	0.6891519458095364	0.6509899184500433	0.7449075381855499
calcium	annotated_credset_73.txt	ENSG00000168758	SEMA4C	0	-0.5717470270451378	0.8799973436047284	0.8585684082489684	0.7094150598873454
calcium	annotated_credset_73.txt	ENSG00000168754	FAM178B	0	-0.7713607596696982	0.5091977686279718	0.6625410448522645	0.6845803099783616
calcium	annotated_credset_73.txt	ENSG00000144199	FAHD2B	0	-0.9067180268811392	0.1151879399654668	0.0	0.3655243592085259
calcium	annotated_credset_73.txt	ENSG00000135976	ANKRD36	0	-0.8170174682641115	0.1366881391951122	0.4298038062141583	0.3195738505162866
calcium	annotated_credset_74.txt	ENSG00000196843	ARID5A	0	-0.4963247770634501	0.9686530337582714	0.7471255860997762	0.2155690411874845
calcium	annotated_credset_74.txt	ENSG00000114982	KANSL3	0	-0.4227697525677186	0.9898313955661896	0.8942356350912393	0.3601593160804641
calcium	annotated_credset_74.txt	ENSG00000114988	LMAN2L	0	-0.6211568431932025	0.6743429660921904	0.5036121763439335	0.5161822134033893
calcium	annotated_credset_74.txt	ENSG00000158158	CNNM4	1	-0.3632498660594553	0.6743429660921904	0.6417124503440942	0.6313857727855015
calcium	annotated_credset_74.txt	ENSG00000168763	CNNM3	0	0.1311661221414058	1.0	0.8286769416994298	0.6667037225480437
calcium	annotated_credset_74.txt	ENSG00000163126	ANKRD23	0	-0.223570705936228	0.6743429660921904	0.6784934562137174	0.7052342905383048
calcium	annotated_credset_74.txt	ENSG00000213337	ANKRD39	0	-0.2475123586320099	0.6743429660921904	0.6306101508221538	0.705492518962999
calcium	annotated_credset_74.txt	ENSG00000168758	SEMA4C	0	-0.1311661221414058	0.8892108116191259	0.8316902275631277	0.7258011420280903
calcium	annotated_credset_74.txt	ENSG00000168754	FAM178B	0	-0.2160032927143614	0.4717372612060264	0.6417996598394574	0.9626671792161912
calcium	annotated_credset_74.txt	ENSG00000144199	FAHD2B	0	-0.4502824341956747	0.0281318927810385	0.0	1.0
calcium	annotated_credset_74.txt	ENSG00000135976	ANKRD36	0	-0.3326918916028155	0.0523384051740252	0.4163484493062016	0.9520224418143995
calcium	annotated_credset_74.txt	ENSG00000135940	COX5B	0	-0.5916611964193924	0.4572133537702344	0.635353919072157	0.1769041138514689
calcium	annotated_credset_74.txt	ENSG00000115073	ACTR1B	0	-0.6814565931101934	0.0	0.4557631256905549	0.1609805622964045
calcium	annotated_credset_74.txt	ENSG00000115085	ZAP70	0	-0.3978807723228109	0.6047889640734234	1.0	0.0686085658057448
calcium	annotated_credset_74.txt	ENSG00000075568	TMEM131	0	-0.5901512948680278	0.6893715652921605	0.5485404625923666	0.0
calcium	annotated_credset_75.txt	ENSG00000158158	CNNM4	1	-0.4509806812287353	0.6743429660921904	0.6417124503440942	0.0
calcium	annotated_credset_75.txt	ENSG00000168763	CNNM3	0	0.1728461698947943	1.0	0.8286769416994298	0.0362496139400516
calcium	annotated_credset_75.txt	ENSG00000163126	ANKRD23	0	-0.4352548635432522	0.6743429660921904	0.6784934562137174	0.0757965928538509
calcium	annotated_credset_75.txt	ENSG00000213337	ANKRD39	0	-0.4591965162390341	0.6743429660921904	0.6306101508221538	0.0760616331737578
calcium	annotated_credset_75.txt	ENSG00000168758	SEMA4C	0	-0.3546368598341844	0.8892108116191259	0.8316902275631277	0.096905984295871
calcium	annotated_credset_75.txt	ENSG00000168754	FAM178B	0	-0.5015215119440053	0.4717372612060264	0.6417996598394574	0.3400203910297842
calcium	annotated_credset_75.txt	ENSG00000144199	FAHD2B	0	-0.8224213418637341	0.0281318927810385	0.0	0.4658635103773459
calcium	annotated_credset_75.txt	ENSG00000135976	ANKRD36	0	-0.3367226459276742	0.0523384051740252	0.4163484493062016	0.7451254658349493
calcium	annotated_credset_75.txt	ENSG00000135940	COX5B	0	-0.1728461698947943	0.4572133537702344	0.635353919072157	1.0
calcium	annotated_credset_75.txt	ENSG00000115073	ACTR1B	0	-0.5501224573364802	0.0	0.4557631256905549	0.9836563956768014
calcium	annotated_credset_75.txt	ENSG00000115085	ZAP70	0	-0.3086045083676403	0.6047889640734234	1.0	0.8888476869558453
calcium	annotated_credset_75.txt	ENSG00000075568	TMEM131	0	-0.33306870356987	0.6893715652921605	0.5485404625923666	0.8184292725189856
calcium	annotated_credset_75.txt	ENSG00000168658	VWA3B	0	-0.7776187612070933	0.1093311899510262	0.0864189354221683	0.2738948810979915
dbilirubin	annotated_credset_12.txt	ENSG00000163273	NPPC	0	-0.3914429779324732	0.245273999886189	0.1752471726137681	0.0
dbilirubin	annotated_credset_12.txt	ENSG00000144535	DIS3L2	0	-0.5904468748123542	0.3066408695157344	0.1074205006801782	0.5720491031805804
dbilirubin	annotated_credset_12.txt	ENSG00000163283	ALPP	0	-0.781223214935656	0.2476412678540943	0.0206309086598928	0.6247978976149857
dbilirubin	annotated_credset_12.txt	ENSG00000163286	ALPPL2	0	-0.5388570668156284	0.3026347237238946	0.0275590209399872	0.6628823109401194
dbilirubin	annotated_credset_12.txt	ENSG00000163295	ALPI	1	-0.6493338195640508	0.1945939794002162	0.0357177829373441	0.7303844527682936
dbilirubin	annotated_credset_12.txt	ENSG00000171551	ECEL1	0	-0.4823146675071802	0.5203892334831844	0.150840028510741	0.7684291734434208
dbilirubin	annotated_credset_12.txt	ENSG00000237412	PRSS56	0	-0.6779707960949939	0.3331588231946736	0.0339191840700989	0.8202814614725085
dbilirubin	annotated_credset_12.txt	ENSG00000135902	CHRND	0	-0.7807799695718183	0.2507255448699709	0.0229604278375804	0.8352757021904542
dbilirubin	annotated_credset_12.txt	ENSG00000196811	CHRNG	0	-0.6492506253380671	0.2592044613896318	0.0362633761393724	0.8486014828960607
dbilirubin	annotated_credset_12.txt	ENSG00000221944	TIGD1	0	-0.2931859032286151	0.1474193364821032	0.0	0.8542309956366276
dbilirubin	annotated_credset_12.txt	ENSG00000135930	EIF4E2	0	-0.5767402205675961	0.1794912650088203	0.0852756464804855	0.8995736890646611
dbilirubin	annotated_credset_12.txt	ENSG00000115468	EFHD1	0	0.0425090328825458	0.9146759232914128	0.3037908617547928	1.0
dbilirubin	annotated_credset_12.txt	ENSG00000204120	GIGYF2	0	-0.2986115712698639	0.6822853240767086	0.2186091417464818	0.9448653407118685
dbilirubin	annotated_credset_12.txt	ENSG00000115474	KCNJ13	0	-0.2952792083752055	0.650577590621977	0.0838797291996173	0.850198370446536
dbilirubin	annotated_credset_12.txt	ENSG00000182600	C2orf82	0	-0.5819652230625484	0.7575029875376998	0.1126829355732224	0.7259111022919237
dbilirubin	annotated_credset_12.txt	ENSG00000066248	NGEF	0	-0.4008616448620091	0.965276276105389	0.2405468016453212	0.6965987646182107
dbilirubin	annotated_credset_12.txt	ENSG00000222001	AC106876.2	0	-0.6478940679924673	0.0	0.0518561008922175	0.5132898946161081
dbilirubin	annotated_credset_12.txt	ENSG00000115488	NEU2	0	-0.7375483618170412	0.3794912650088203	0.16082442402493	0.4858362679323513
dbilirubin	annotated_credset_12.txt	ENSG00000168918	INPP5D	0	-0.0425090328825458	1.0	1.0	0.4484772720038868
dbilirubin	annotated_credset_12.txt	ENSG00000085978	ATG16L1	0	-0.1380428641969958	0.841973482046321	0.3834922643577941	0.1829197563401873
dbilirubin	annotated_credset_136.txt	ENSG00000101057	MYBL2	0	-0.8676515875119634	0.3247323384550712	0.1064723679207994	0.0175763912177223
dbilirubin	annotated_credset_136.txt	ENSG00000124196	GTSF1L	0	-0.8169939627698816	0.2559409920324509	0.207787617404963	0.0323741514043922
dbilirubin	annotated_credset_136.txt	ENSG00000124191	TOX2	0	-0.713949860885094	0.7010381432598696	0.3629474669112326	0.515137339333974
dbilirubin	annotated_credset_136.txt	ENSG00000149596	JPH2	0	-0.773382247121088	1.0	0.2168982080500845	0.6813507641235336
dbilirubin	annotated_credset_136.txt	ENSG00000132823	OSER1	0	-0.7335065865827117	0.5121311731170517	0.0855243937050839	0.71405885850681
dbilirubin	annotated_credset_136.txt	ENSG00000124194	GDAP1L1	0	-0.8928101425068238	0.1518926450226112	0.0487756068614374	0.8121028262566542
dbilirubin	annotated_credset_136.txt	ENSG00000197296	FITM2	0	-0.78963845135203	0.3745159773519655	0.255118989171025	0.8554956869221166
dbilirubin	annotated_credset_136.txt	ENSG00000101074	R3HDML	0	-0.7942433191378784	0.7329343419350506	0.1231666007062619	0.9119503679008936
dbilirubin	annotated_credset_136.txt	ENSG00000101076	HNF4A	0	0.5730816093831972	0.9929793693133432	1.0	1.0
dbilirubin	annotated_credset_136.txt	ENSG00000168746	C20orf62	0	-0.8403695976461891	0.3999484287005116	0.1476201765784345	0.946090049062846
dbilirubin	annotated_credset_136.txt	ENSG00000124120	TTPAL	0	-0.5730816093831972	0.5617522974147178	0.285721195638293	0.9124111246692274
dbilirubin	annotated_credset_136.txt	ENSG00000132824	SERINC3	1	-0.8444104564636452	0.5885780405939801	0.141688279271281	0.8837568444220251
dbilirubin	annotated_credset_136.txt	ENSG00000168734	PKIG	0	-0.7286336087850142	0.6606695168115937	0.3271475570565216	0.8336456709999408
dbilirubin	annotated_credset_136.txt	ENSG00000269605	Z97053.1	0	-0.8547411462469379	0.2148377995956636	0.1265902780387412	0.7294892785986231
dbilirubin	annotated_credset_136.txt	ENSG00000196839	ADA	0	-0.730200604140998	0.6169422553126023	0.3555798285897323	0.7100205438338908
dbilirubin	annotated_credset_136.txt	ENSG00000064205	WISP2	0	-0.8331107062675087	0.6112000728065404	0.169038150642863	0.5757078323014448
dbilirubin	annotated_credset_136.txt	ENSG00000124249	KCNK15	0	-0.8804503181882406	0.3472091909589878	0.0792692766472855	0.5321177057412829
dbilirubin	annotated_credset_136.txt	ENSG00000101098	RIMS4	0	-0.8907117710686525	0.2647947873984013	0.0571946235643791	0.523623999932366
dbilirubin	annotated_credset_136.txt	ENSG00000166913	YWHAB	0	-0.640488509082213	0.4267373352372822	0.2284791459274559	0.3349983514207371
dbilirubin	annotated_credset_136.txt	ENSG00000101104	PABPC1L	0	-0.7238050891639699	0.582770852248227	0.390302745216762	0.3006374506483003
dbilirubin	annotated_credset_136.txt	ENSG00000025772	TOMM34	0	-0.8674611153386971	0.3784574980985792	0.1068533122673321	0.2554522884252827
dbilirubin	annotated_credset_136.txt	ENSG00000101109	STK4	0	-0.9016406867927124	0.3657835262201054	0.0384941693593017	0.2211505674212557
dbilirubin	annotated_credset_136.txt	ENSG00000124134	KCNS1	0	-0.916676855893016	0.0597577015668574	0.0084218311586944	0.0438423450969561
dbilirubin	annotated_credset_136.txt	ENSG00000175121	WFDC5	0	-0.8930825574736612	0.0825010780135082	0.0556104279974038	0.0196885453331116
dbilirubin	annotated_credset_136.txt	ENSG00000168703	WFDC12	0	-0.9200106891244932	0.0	0.0	0.0
dbilirubin	annotated_credset_18.txt	ENSG00000066248	NGEF	0	-0.6851255916228436	0.965276276105389	0.1990106152986529	0.0
dbilirubin	annotated_credset_18.txt	ENSG00000222001	AC106876.2	0	-1.135995988688674	0.0	0.0	0.0034933921994347
dbilirubin	annotated_credset_18.txt	ENSG00000115488	NEU2	0	-1.1300524934259792	0.3794912650088203	0.1149280433436879	0.0291249709394128
dbilirubin	annotated_credset_18.txt	ENSG00000168918	INPP5D	0	-0.6683018253662252	1.0	1.0	0.3189468415011657
dbilirubin	annotated_credset_18.txt	ENSG00000085978	ATG16L1	0	-1.0071265340555335	0.841973482046321	0.3497740836360927	0.4362903266663345
dbilirubin	annotated_credset_18.txt	ENSG00000130561	SAG	1	-1.1431270250932204	0.8284413589028623	0.0559732987805677	0.5049830111665856
dbilirubin	annotated_credset_18.txt	ENSG00000077044	DGKD	0	-1.0862297616845376	0.8246173106470153	0.34083971261423	0.6721644888348267
dbilirubin	annotated_credset_18.txt	ENSG00000085982	USP40	0	-1.0100520866453124	0.8578728731576851	0.1480614004688641	0.7987421339393356
dbilirubin	annotated_credset_18.txt	ENSG00000241635	UGT1A8	1	-0.0180794730195192	0.901348659875946	0.6509791437803257	1.0
dbilirubin	annotated_credset_18.txt	ENSG00000242515	UGT1A10	1	0.0180794730195192	0.9980310703920788	0.5905980231020551	1.0
dbilirubin	annotated_credset_18.txt	ENSG00000241119	UGT1A9	1	-0.075922718289922	0.9391566607864336	0.6234517375595885	1.0
dbilirubin	annotated_credset_18.txt	ENSG00000244122	UGT1A7	1	-0.1222414999138723	0.8590451260456382	0.5873811279707458	1.0
dbilirubin	annotated_credset_18.txt	ENSG00000167165	UGT1A6	1	-0.347884541670997	0.9346838900586126	0.6572179768905786	1.0
dbilirubin	annotated_credset_18.txt	ENSG00000240224	UGT1A5	1	-0.3354916906254761	0.904797131963808	0.5619444271963417	1.0
dbilirubin	annotated_credset_4.txt	ENSG00000073754	CD5L	0	-0.7507151882574759	0.0972320336910745	0.0894727643846266	0.0
dbilirubin	annotated_credset_4.txt	ENSG00000183853	KIRREL	0	-0.6836232289655066	0.3657904270253135	0.2263739395145856	0.2749378324007536
dbilirubin	annotated_credset_4.txt	ENSG00000158473	CD1D	0	-0.5084805265871751	0.3568921795045963	0.3035894857202232	0.3901279183754542
dbilirubin	annotated_credset_4.txt	ENSG00000158477	CD1A	0	-0.7184633661780472	0.2268815378345333	0.1566936650895046	0.4899913559799833
dbilirubin	annotated_credset_4.txt	ENSG00000158481	CD1C	0	-0.6913250470859404	0.2123522619209346	0.2097103802924557	0.5381190189777312
dbilirubin	annotated_credset_4.txt	ENSG00000158485	CD1B	0	-0.7033906288795722	0.2142598378843454	0.1827433469160689	0.5897037183719123
dbilirubin	annotated_credset_4.txt	ENSG00000158488	CD1E	0	-0.7086134212567805	0.2826835122039577	0.1718298657001653	0.6251206479419865
dbilirubin	annotated_credset_4.txt	ENSG00000186306	OR10T2	0	-0.701953064077928	0.2397081465380609	0.1775452658031095	0.6821658315969907
dbilirubin	annotated_credset_4.txt	ENSG00000180708	OR10K2	0	-0.7014250545833821	0.2238939455689897	0.1786012847922014	0.7112920437559174
dbilirubin	annotated_credset_4.txt	ENSG00000173285	OR10K1	0	-0.7033749025423046	0.4113345107095956	0.1736974890284701	0.7734751456772743
dbilirubin	annotated_credset_4.txt	ENSG00000198965	OR10R2	0	-0.7026882645697535	0.5314155685368835	0.1750707649735722	0.7929801805580956
dbilirubin	annotated_credset_4.txt	ENSG00000197532	OR6Y1	0	-0.4575432381853069	1.0	0.1906329487086517	0.8844691516479576
dbilirubin	annotated_credset_4.txt	ENSG00000186440	OR6P1	0	-0.5810906573885022	0.5364986641307793	0.1606671023829501	0.9055638788559578
dbilirubin	annotated_credset_4.txt	ENSG00000186400	OR10X1	0	-0.4193492642059725	0.5324118099895847	0.178731635803063	0.927741992273234
dbilirubin	annotated_credset_4.txt	ENSG00000198967	OR10Z1	0	-0.4678118086407695	0.8826586061676402	0.2149943177769747	0.9651446762143304
dbilirubin	annotated_credset_4.txt	ENSG00000163554	SPTA1	1	0.4193492642059725	0.9293913870398044	1.0	1.0
dbilirubin	annotated_credset_4.txt	ENSG00000196171	OR6K2	0	-0.7052418862087302	0.1158855228003441	0.164548082089906	0.9093689857089934
dbilirubin	annotated_credset_4.txt	ENSG00000203757	OR6K3	0	-0.5743046858960049	0.5050151700403026	0.1721354782445312	0.8854296891826682
dbilirubin	annotated_credset_4.txt	ENSG00000180433	OR6K6	0	-0.7025382487733175	0.0539532672191278	0.1753707965664444	0.8343199920335087
dbilirubin	annotated_credset_4.txt	ENSG00000197403	OR6N1	0	-0.5936902309738474	0.1737388488882851	0.1619893995329382	0.8194084602384994
dbilirubin	annotated_credset_4.txt	ENSG00000188340	OR6N2	0	-0.6993979107164942	0.2566872707512566	0.1816514726800911	0.8044288765459224
dbilirubin	annotated_credset_4.txt	ENSG00000163563	MNDA	0	-0.5132857416930633	0.4842186297151656	0.3238869973266844	0.7300685680738218
dbilirubin	annotated_credset_4.txt	ENSG00000163564	PYHIN1	0	-0.6696654950108257	0.1108148802246071	0.2497257181920748	0.594673873711305
dbilirubin	annotated_credset_4.txt	ENSG00000163565	IFI16	0	-0.7347686856307405	0.0503452882307657	0.1240830261841179	0.5005281565404045
dbilirubin	annotated_credset_4.txt	ENSG00000163568	AIM2	0	-0.6938777305568865	0.1037845854277045	0.2058649363318259	0.4154415079737009
dbilirubin	annotated_credset_4.txt	ENSG00000162706	CADM3	0	-0.7529314922078841	0.1855194040664764	0.0877574130298307	0.2669182415324455
dbilirubin	annotated_credset_4.txt	ENSG00000213088	DARC	0	-0.7968101987227995	0.0633451070959561	0.0	0.223776060550499
dbilirubin	annotated_credset_4.txt	ENSG00000179639	FCER1A	0	-0.7798769957664764	0.0	0.0338664059126461	0.1061728542880518
dbilirubin	annotated_credset_4.txt	ENSG00000196266	OR10J3	0	-0.6973616916967709	0.1346802970610877	0.1988970140520571	0.0735678291254702
dbilirubin	annotated_credset_83.txt	ENSG00000172987	HPSE2	0	-0.8401879721500287	0.3748133525675094	0.0970632465965705	0.1910389136245945
dbilirubin	annotated_credset_83.txt	ENSG00000119946	CNNM1	0	-0.8353856712397396	0.3109482954976842	0.1066678484171487	0.4127062727045102
dbilirubin	annotated_credset_83.txt	ENSG00000120053	GOT1	0	-0.7064866106035983	0.3769012729987598	0.3644659696894314	0.4634748514109144
dbilirubin	annotated_credset_83.txt	ENSG00000119919	NKX2-3	0	-0.6937440171392157	0.2368967175360007	0.3853521814366171	0.6116051258163832
dbilirubin	annotated_credset_83.txt	ENSG00000155287	SLC25A28	0	-0.8285966959046618	0.154847771619467	0.102523430846948	0.7292286516405998
dbilirubin	annotated_credset_83.txt	ENSG00000198018	ENTPD7	0	-0.8027269070555627	0.2476273631463062	0.1480059513552047	0.8490105484612339
dbilirubin	annotated_credset_83.txt	ENSG00000119929	CUTC	0	-0.7580186414501655	0.2768709032470326	0.1566531821051835	0.918803006332434
dbilirubin	annotated_credset_83.txt	ENSG00000014919	COX15	0	-0.8543982315640117	0.1640346215169691	0.0418554467322275	0.8851838951672353
dbilirubin	annotated_credset_83.txt	ENSG00000023839	ABCC2	1	0.3214933504897963	1.0	1.0	1.0
dbilirubin	annotated_credset_83.txt	ENSG00000107554	DNMBP	0	-0.4701287484129519	0.6580872118037102	0.3434501953524626	0.914118376088103
dbilirubin	annotated_credset_83.txt	ENSG00000120054	CPN1	0	-0.3214933504897963	0.6745501480525397	0.3909474888489201	0.6810534752850435
dbilirubin	annotated_credset_83.txt	ENSG00000107566	ERLIN1	0	-0.7627908684525349	0.4959760078961354	0.2493513170973325	0.5301199763320562
dbilirubin	annotated_credset_83.txt	ENSG00000213341	CHUK	0	-0.7017007198623779	0.623566927340369	0.3337307061889621	0.4766796616547138
dbilirubin	annotated_credset_83.txt	ENSG00000095485	CWF19L1	0	-0.7801005104480228	0.6073064561030547	0.2084469617333708	0.4151318172980217
dbilirubin	annotated_credset_83.txt	ENSG00000196072	BLOC1S2	0	-0.7018633625126622	0.7929668716624908	0.2844461656698874	0.3568599968386789
dbilirubin	annotated_credset_83.txt	ENSG00000107593	PKD2L1	0	-0.8544577918709535	0.4677827550426441	0.0685236071547213	0.3370108170336457
dbilirubin	annotated_credset_83.txt	ENSG00000099194	SCD	0	-0.6940662973456198	0.2463872649507756	0.3893065962053883	0.2545115269320777
dbilirubin	annotated_credset_83.txt	ENSG00000075290	WNT8B	0	-0.8239484200637925	0.0	0.0	0.0923651297890167
dbilirubin	annotated_credset_83.txt	ENSG00000075826	SEC31B	0	-0.8286716014882645	0.0141953281198592	0.1200959879200991	0.0593517053648738
dbilirubin	annotated_credset_83.txt	ENSG00000255339	NDUFB8	0	-0.8575454895831947	0.0584415255738617	0.062348211730239	0.0327938105249611
dbilirubin	annotated_credset_83.txt	ENSG00000166136	NDUFB8	0	-0.8613044283490117	0.0655505782906891	0.0548303341986045	0.0302507655013141
dbilirubin	annotated_credset_83.txt	ENSG00000166135	HIF1AN	0	-0.8506660526541663	0.0050426441930503	0.0733692058351825	0.0
dbilirubin	annotated_credset_84.txt	ENSG00000172987	HPSE2	0	-1.0056749583042652	0.3748133525675094	0.0970632465965705	0.0
dbilirubin	annotated_credset_84.txt	ENSG00000119946	CNNM1	0	-0.9802265621180972	0.3109482954976842	0.1066678484171487	0.2271803715837769
dbilirubin	annotated_credset_84.txt	ENSG00000120053	GOT1	0	-0.8718604075374062	0.3769012729987598	0.3644659696894314	0.2792115981169672
dbilirubin	annotated_credset_84.txt	ENSG00000119919	NKX2-3	0	-0.8626217923254346	0.2368967175360007	0.3853521814366171	0.431025969533324
dbilirubin	annotated_credset_84.txt	ENSG00000155287	SLC25A28	0	-0.9850770030008232	0.154847771619467	0.102523430846948	0.5515748695367104
dbilirubin	annotated_credset_84.txt	ENSG00000198018	ENTPD7	0	-0.9257725847114164	0.2476273631463062	0.1480059513552047	0.6743358206378185
dbilirubin	annotated_credset_84.txt	ENSG00000119929	CUTC	0	-0.9474256868085036	0.2768709032470326	0.1566531821051835	0.74586406267912
dbilirubin	annotated_credset_84.txt	ENSG00000014919	COX15	0	-1.0048245544949816	0.1640346215169691	0.0418554467322275	0.7114088221848593
dbilirubin	annotated_credset_84.txt	ENSG00000023839	ABCC2	1	0.048644690026783	1.0	1.0	0.8835732035378072
dbilirubin	annotated_credset_84.txt	ENSG00000107554	DNMBP	0	-0.048644690026783	0.6580872118037102	0.3434501953524626	1.0
dbilirubin	annotated_credset_84.txt	ENSG00000120054	CPN1	0	-0.6679182228821309	0.6745501480525397	0.3909474888489201	0.8440405873771459
dbilirubin	annotated_credset_84.txt	ENSG00000107566	ERLIN1	0	-0.8666294261666772	0.4959760078961354	0.2493513170973325	0.6893532733815058
dbilirubin	annotated_credset_84.txt	ENSG00000213341	CHUK	0	-0.8273969564667486	0.623566927340369	0.3337307061889621	0.634583863052691
dbilirubin	annotated_credset_84.txt	ENSG00000095485	CWF19L1	0	-0.8343189762470344	0.6073064561030547	0.2084469617333708	0.5715052834676253
dbilirubin	annotated_credset_84.txt	ENSG00000196072	BLOC1S2	0	-0.7289555160558147	0.7929668716624908	0.2844461656698874	0.511784204641383
dbilirubin	annotated_credset_84.txt	ENSG00000107593	PKD2L1	0	-1.0199447780251898	0.4677827550426441	0.0685236071547213	0.4914413627251993
dbilirubin	annotated_credset_84.txt	ENSG00000099194	SCD	0	-0.8897524536124661	0.2463872649507756	0.3893065962053883	0.4068902612077446
dbilirubin	annotated_credset_84.txt	ENSG00000075290	WNT8B	0	-1.0420445518593555	0.0	0.0	0.2407111768949706
dbilirubin	annotated_credset_84.txt	ENSG00000075826	SEC31B	0	-1.0411942817648154	0.0141953281198592	0.1200959879200991	0.2068766869679903
dbilirubin	annotated_credset_84.txt	ENSG00000255339	NDUFB8	0	-1.0506654274738811	0.0584415255738617	0.062348211730239	0.1796582798770344
dbilirubin	annotated_credset_84.txt	ENSG00000166136	NDUFB8	0	-1.0544243662396984	0.0655505782906891	0.0548303341986045	0.1770519876569061
dbilirubin	annotated_credset_84.txt	ENSG00000166135	HIF1AN	0	-1.0468058002677534	0.0050426441930503	0.0733692058351825	0.1460488657908463
dbilirubin	annotated_credset_85.txt	ENSG00000119946	CNNM1	0	-0.8266147233005007	0.3109482954976842	0.1066678484171487	0.0495821598357029
dbilirubin	annotated_credset_85.txt	ENSG00000120053	GOT1	0	-0.6977156626643594	0.3769012729987598	0.3644659696894314	0.1023592343693161
dbilirubin	annotated_credset_85.txt	ENSG00000119919	NKX2-3	0	-0.6872725567907666	0.2368967175360007	0.3853521814366171	0.2563498075187634
dbilirubin	annotated_credset_85.txt	ENSG00000155287	SLC25A28	0	-0.8286869320856011	0.154847771619467	0.102523430846948	0.3786267305193274
dbilirubin	annotated_credset_85.txt	ENSG00000198018	ENTPD7	0	-0.5948613655913909	0.2476273631463062	0.1480059513552047	0.5031474135354687
dbilirubin	annotated_credset_85.txt	ENSG00000119929	CUTC	0	-0.7443587417325148	0.2768709032470326	0.1566531821051835	0.5757009859380724
dbilirubin	annotated_credset_85.txt	ENSG00000014919	COX15	0	-0.8578827138463304	0.1640346215169691	0.0418554467322275	0.540751842571652
dbilirubin	annotated_credset_85.txt	ENSG00000023839	ABCC2	1	-0.0742035822968253	1.0	1.0	0.7153841353718581
dbilirubin	annotated_credset_85.txt	ENSG00000107554	DNMBP	0	0.0742035822968253	0.6580872118037102	0.3434501953524626	0.94474352356173
dbilirubin	annotated_credset_85.txt	ENSG00000120054	CPN1	0	-0.1394452032822163	0.6745501480525397	0.3909474888489201	1.0
dbilirubin	annotated_credset_85.txt	ENSG00000107566	ERLIN1	0	-0.4090254947396753	0.4959760078961354	0.2493513170973325	0.8514204037334364
dbilirubin	annotated_credset_85.txt	ENSG00000213341	CHUK	0	-0.5279814872971319	0.623566927340369	0.3337307061889621	0.795865894572634
dbilirubin	annotated_credset_85.txt	ENSG00000095485	CWF19L1	0	-0.3521611498233895	0.6073064561030547	0.2084469617333708	0.7318831073494296
dbilirubin	annotated_credset_85.txt	ENSG00000196072	BLOC1S2	0	-0.2965616075551432	0.7929668716624908	0.2844461656698874	0.6713059493916057
dbilirubin	annotated_credset_85.txt	ENSG00000107593	PKD2L1	0	-0.7767181902528204	0.4677827550426441	0.0685236071547213	0.6506715005121223
dbilirubin	annotated_credset_85.txt	ENSG00000099194	SCD	0	-0.6177396238318875	0.2463872649507756	0.3893065962053883	0.5649083908564371
dbilirubin	annotated_credset_85.txt	ENSG00000075290	WNT8B	0	-0.8799486475090751	0.0	0.0	0.3963471920711601
dbilirubin	annotated_credset_85.txt	ENSG00000075826	SEC31B	0	-0.8003891326864462	0.0141953281198592	0.1200959879200991	0.3620276974971863
dbilirubin	annotated_credset_85.txt	ENSG00000255339	NDUFB8	0	-0.8292630207813763	0.0584415255738617	0.062348211730239	0.3344191248103735
dbilirubin	annotated_credset_85.txt	ENSG00000166136	NDUFB8	0	-0.8330219595471935	0.0655505782906891	0.0548303341986045	0.3317754723746511
dbilirubin	annotated_credset_85.txt	ENSG00000166135	HIF1AN	0	-0.8432640445914837	0.0050426441930503	0.0733692058351825	0.3003279324544462
dbilirubin	annotated_credset_85.txt	ENSG00000075891	PAX2	0	-0.8428577566934595	0.0514615443018753	0.0716948374326228	0.0
dbilirubin	annotated_credset_91.txt	ENSG00000162139	NEU3	0	-0.9173021270882248	0.1308062975960275	0.1085149749633425	0.0
dbilirubin	annotated_credset_91.txt	ENSG00000171561	OR2AT4	0	-0.9291552129485274	0.0	0.0848088032427368	0.0992360639437586
dbilirubin	annotated_credset_91.txt	ENSG00000137491	SLCO2B1	0	-0.6961819462673642	0.0953161927952445	0.5507553366050636	0.262799605077969
dbilirubin	annotated_credset_91.txt	ENSG00000261594	TPBGL	0	-0.8721007983776036	0.2410465754732745	0.1989176323845847	0.3148228802700034
dbilirubin	annotated_credset_91.txt	ENSG00000137486	ARRB1	0	-0.8428139933653651	0.2346236482131347	0.2574912424090617	0.4662530721993095
dbilirubin	annotated_credset_91.txt	ENSG00000149273	RPS3	0	-0.9701938337395126	0.0872209888037432	0.0	0.5649149587222452
dbilirubin	annotated_credset_91.txt	ENSG00000149243	KLHL35	0	-0.8089545511500598	0.2956862183389434	0.2121575202570307	0.576608572048763
dbilirubin	annotated_credset_91.txt	ENSG00000158555	GDPD5	0	-0.8135264900775445	0.3551051588722576	0.3063639241174543	0.7100334003206991
dbilirubin	annotated_credset_91.txt	ENSG00000149257	SERPINH1	0	-0.8887291899580168	0.1071379121010289	0.1531062036854283	0.775685686877245
dbilirubin	annotated_credset_91.txt	ENSG00000171533	MAP6	0	-0.8785713349609292	0.3845162214423834	0.1734219136796033	0.9105991751451198
dbilirubin	annotated_credset_91.txt	ENSG00000166391	MOGAT2	0	-0.0112228685309951	0.6209147986344863	0.6424282814302184	1.0
dbilirubin	annotated_credset_91.txt	ENSG00000062282	DGAT2	1	0.0112228685309951	1.0	1.0	0.9789489971968112
dbilirubin	annotated_credset_91.txt	ENSG00000198382	UVRAG	0	-0.5648336678716932	0.6022583494473489	0.6215125394535345	0.9010079134019188
dbilirubin	annotated_credset_91.txt	ENSG00000085741	WNT11	0	-0.9121573840895828	0.2676000859414166	0.1188044609606259	0.3812275012545651
dbilirubin	annotated_credset_91.txt	ENSG00000137492	PRKRIR	0	-0.8743360910493756	0.226182291293657	0.1944470470410407	0.1520732926040921
dbilirubin	annotated_credset_91.txt	ENSG00000179240	RP11-111M22.2	0	-0.8583491129772124	0.1387118336556136	0.226421003185367	0.1081599233729996
dbilirubin	annotated_credset_91.txt	ENSG00000158636	C11orf30	0	-0.8385624943711077	0.2148296688868199	0.2630097166243829	0.0190783971814064
ebmd	annotated_credset_1007.txt	ENSG00000129083	COPB1	0	-0.6535584891234203	0.0394168634363059	0.2020041038444595	0.0
ebmd	annotated_credset_1007.txt	ENSG00000129084	PSMA1	0	-1.0084798253809506	0.1057640168866917	0.0448637390305102	0.1952529181765835
ebmd	annotated_credset_1007.txt	ENSG00000256206	PSMA1	0	-0.9972793262566282	0.05443505911148	0.0672647372791547	0.027623485729163
ebmd	annotated_credset_1007.txt	ENSG00000152270	PDE3B	0	-0.9415997410708128	0.0111856488447674	0.1663528014076519	0.5041173976572273
ebmd	annotated_credset_1007.txt	ENSG00000186104	CYP2R1	0	-0.8418092381819844	0.0270342488542078	0.3659338071853091	0.5332786184043401
ebmd	annotated_credset_1007.txt	ENSG00000175868	CALCB	0	-0.8273143090458399	0.1037596720288552	0.0075520657833727	0.7917295906077463
ebmd	annotated_credset_1007.txt	ENSG00000110680	CALCA	0	-1.0241699327349507	0.0	0.0	0.6421872394545649
ebmd	annotated_credset_1007.txt	ENSG00000188487	INSC	1	0.5051697899222218	0.7729483671094032	0.721653683710036	1.0
ebmd	annotated_credset_1007.txt	ENSG00000110693	SOX6	0	-0.5051697899222218	1.0	1.0	0.0062170994767565
ebmd	annotated_credset_1008.txt	ENSG00000175868	CALCB	0	-1.115404403969813	0.1037596720288552	0.0075520657833727	0.4001688168991537
ebmd	annotated_credset_1008.txt	ENSG00000110680	CALCA	0	-1.1281005699753606	0.0	0.0	0.0
ebmd	annotated_credset_1008.txt	ENSG00000188487	INSC	1	-0.0922620932936824	0.7729483671094032	0.721653683710036	1.0
ebmd	annotated_credset_1008.txt	ENSG00000110693	SOX6	0	0.0922620932936824	1.0	1.0	0.8099109252256252
ebmd	annotated_credset_1009.txt	ENSG00000152270	PDE3B	0	-0.7662722165280043	0.0111856488447674	0.1663528014076519	0.0
ebmd	annotated_credset_1009.txt	ENSG00000186104	CYP2R1	0	-0.6664817136391757	0.0270342488542078	0.3659338071853091	0.0569813285724912
ebmd	annotated_credset_1009.txt	ENSG00000175868	CALCB	0	-0.8207304246874338	0.1037596720288552	0.0075520657833727	0.5619972157575371
ebmd	annotated_credset_1009.txt	ENSG00000110680	CALCA	0	-0.8494486172318303	0.0	0.0	0.269789906589728
ebmd	annotated_credset_1009.txt	ENSG00000188487	INSC	1	0.3094243962883793	0.7729483671094032	0.721653683710036	1.0
ebmd	annotated_credset_1009.txt	ENSG00000110693	SOX6	0	-0.3094243962883793	1.0	1.0	0.6683855644467115
ebmd	annotated_credset_1010.txt	ENSG00000175868	CALCB	0	-1.074669720962078	0.0	0.0	0.0
ebmd	annotated_credset_1010.txt	ENSG00000188487	INSC	1	-0.3697704054569892	0.7466621108150949	0.71953559809697	0.3153559426351625
ebmd	annotated_credset_1010.txt	ENSG00000110693	SOX6	0	0.3697704054569892	1.0	1.0	1.0
ebmd	annotated_credset_1012.txt	ENSG00000175868	CALCB	0	-1.1620002411151238	0.0	0.0	0.0
ebmd	annotated_credset_1012.txt	ENSG00000188487	INSC	1	-0.3881629087185554	0.7466621108150949	0.71953559809697	0.2348548813835083
ebmd	annotated_credset_1012.txt	ENSG00000110693	SOX6	0	0.3881629087185554	1.0	1.0	1.0
ebmd	annotated_credset_1098.txt	ENSG00000110697	PITPNM1	0	-0.8823491629152355	0.1631501868018665	0.1537062370622463	0.0
ebmd	annotated_credset_1098.txt	ENSG00000167797	CDK2AP2	0	-0.8756964752070185	0.1327373238199676	0.1670116124786802	0.0032524259969292
ebmd	annotated_credset_1098.txt	ENSG00000167791	CABP2	0	-0.9592022814463588	0.2256386155299523	0.0	0.0233981107448831
ebmd	annotated_credset_1098.txt	ENSG00000084207	GSTP1	0	-0.8858980913051601	0.2234430408590512	0.1466083802823972	0.1095914890507643
ebmd	annotated_credset_1098.txt	ENSG00000184224	C11orf72	0	-0.9473510683575016	0.1359630383905132	0.0237024261777138	0.1369167746896765
ebmd	annotated_credset_1098.txt	ENSG00000167792	NDUFV1	0	-0.8758486587267734	0.1099045340397149	0.1667072454391705	0.1448624541264329
ebmd	annotated_credset_1098.txt	ENSG00000167799	NUDT8	0	-0.903661586973969	0.0	0.1110813889447792	0.1685740845608776
ebmd	annotated_credset_1098.txt	ENSG00000167800	TBX10	0	-0.9424647933913848	0.0377966399399955	0.0334749761099474	0.181701017649909
ebmd	annotated_credset_1098.txt	ENSG00000132744	ACY3	0	-0.9363800127015692	0.1449245434391481	0.045644537489579	0.1968303873648789
ebmd	annotated_credset_1098.txt	ENSG00000132746	ALDH3B2	0	-0.955068536999543	0.1404301427479575	0.0082674888936314	0.2384617127513908
ebmd	annotated_credset_1098.txt	ENSG00000110057	UNC93B1	0	-0.6533431559113959	0.4077288975604198	0.1529645460452064	0.679817011037963
ebmd	annotated_credset_1098.txt	ENSG00000006534	ALDH3B1	0	-0.7220325600055572	0.4019966674736887	0.1436253363218495	0.7129301427719974
ebmd	annotated_credset_1098.txt	ENSG00000110717	NDUFS8	0	-0.6594617581657561	0.2581568566016776	0.2076013687886831	0.7229723147415608
ebmd	annotated_credset_1098.txt	ENSG00000110719	TCIRG1	0	-0.635734646460829	0.441611955319462	0.2359542108966573	0.7423982673326083
ebmd	annotated_credset_1098.txt	ENSG00000110721	CHKA	0	-0.6264771872325595	0.2512022254819583	0.2400376527601788	0.8385656611538003
ebmd	annotated_credset_1098.txt	ENSG00000110066	SUV420H1	0	-0.5651079862118312	0.3132717148268937	0.1818535465618893	0.964496978547059
ebmd	annotated_credset_1098.txt	ENSG00000171067	C11orf24	0	-0.0756271562863378	0.2842307893150281	0.2151057394786721	1.0
ebmd	annotated_credset_1098.txt	ENSG00000162337	LRP5	1	0.0756271562863378	1.0	1.0	0.9301069192931466
ebmd	annotated_credset_1098.txt	ENSG00000110075	PPP6R3	0	-0.4360016079495531	0.8590915780129218	0.280283893418477	0.728215233635477
ebmd	annotated_credset_1098.txt	ENSG00000069482	GAL	0	-0.8051742811848592	0.5992898206037475	0.3025305307430306	0.4241542967951403
ebmd	annotated_credset_1098.txt	ENSG00000132749	MTL5	0	-0.9054242641199868	0.5604815547991702	0.1020305648727754	0.3919012995137723
ebmd	annotated_credset_1098.txt	ENSG00000110090	CPT1A	0	-0.6191388720339907	0.6801344403776862	0.2429812280425705	0.3275888692811136
ebmd	annotated_credset_1098.txt	ENSG00000197345	MRPL21	0	-0.9005153124422078	0.4932494979848185	0.1173739380083017	0.1413091010345216
ebmd	annotated_credset_1098.txt	ENSG00000132740	IGHMBP2	0	-0.6085314034035759	0.5006551120099121	0.2155211050311831	0.1241800209517833
ebmd	annotated_credset_1098.txt	ENSG00000172938	MRGPRD	0	-0.9243469718535924	0.2870909703727967	0.06720090601262	0.0203368472526748
ebmd	annotated_credset_1099.txt	ENSG00000084207	GSTP1	0	-1.037589590957651	0.2234430408590512	0.1394941577890128	0.0680668527514259
ebmd	annotated_credset_1099.txt	ENSG00000184224	C11orf72	0	-1.1134215282059294	0.1359630383905132	0.0155636092507074	0.0953833920337055
ebmd	annotated_credset_1099.txt	ENSG00000167792	NDUFV1	0	-1.041323045167433	0.1099045340397149	0.1597605753277009	0.1033265281943565
ebmd	annotated_credset_1099.txt	ENSG00000167799	NUDT8	0	-1.055069334759257	0.0	0.1036709988830046	0.127030568941401
ebmd	annotated_credset_1099.txt	ENSG00000167800	TBX10	0	-1.108494519247974	0.0377966399399955	0.0254176271666184	0.1401533003236395
ebmd	annotated_credset_1099.txt	ENSG00000132744	ACY3	0	-1.1023590133311338	0.1449245434391481	0.0376886390002986	0.155277827386097
ebmd	annotated_credset_1099.txt	ENSG00000132746	ALDH3B2	0	-1.1212033328312832	0.1404301427479575	0.0	0.1968958272973064
ebmd	annotated_credset_1099.txt	ENSG00000110057	UNC93B1	0	-1.007374871470914	0.4077288975604198	0.145903311156102	0.6381098553006882
ebmd	annotated_credset_1099.txt	ENSG00000006534	ALDH3B1	0	-0.9635965752695744	0.4019966674736887	0.1364862459507493	0.6712123880875354
ebmd	annotated_credset_1099.txt	ENSG00000110717	NDUFS8	0	-0.7561104370588763	0.2581568566016776	0.2009956088589618	0.6812513457295863
ebmd	annotated_credset_1099.txt	ENSG00000110719	TCIRG1	0	-0.1498349610072178	0.441611955319462	0.2295848118854352	0.7006710804054204
ebmd	annotated_credset_1099.txt	ENSG00000110721	CHKA	0	-0.9275058837782332	0.2512022254819583	0.2337022949948333	0.7968076926884468
ebmd	annotated_credset_1099.txt	ENSG00000110066	SUV420H1	0	-0.863126163344049	0.3132717148268937	0.1750331422276423	0.9226987016206092
ebmd	annotated_credset_1099.txt	ENSG00000171067	C11orf24	0	-0.4214069313507298	0.2842307893150281	0.2085625390603496	1.0
ebmd	annotated_credset_1099.txt	ENSG00000162337	LRP5	1	0.1498349610072178	1.0	1.0	0.942691781100026
ebmd	annotated_credset_1099.txt	ENSG00000110075	PPP6R3	0	-0.7466697193496568	0.8590915780129218	0.2742840448190877	0.740864717518306
ebmd	annotated_credset_1099.txt	ENSG00000069482	GAL	0	-0.9528326461025338	0.5992898206037475	0.2967161392350864	0.4369011053839857
ebmd	annotated_credset_1099.txt	ENSG00000132749	MTL5	0	-1.071475319356155	0.5604815547991702	0.0945447234300533	0.4046584317354763
ebmd	annotated_credset_1099.txt	ENSG00000110090	CPT1A	0	-0.915558350530692	0.6801344403776862	0.2366704091278548	0.3403665868119028
ebmd	annotated_credset_1099.txt	ENSG00000197345	MRPL21	0	-1.051896831592802	0.4932494979848185	0.1100160052159145	0.1541464435334826
ebmd	annotated_credset_1099.txt	ENSG00000132740	IGHMBP2	0	-0.8104303911623127	0.5006551120099121	0.2089813672704359	0.1370228461763477
ebmd	annotated_credset_1099.txt	ENSG00000172938	MRGPRD	0	-1.0914909777057853	0.2870909703727967	0.0594247102509959	0.0332129109012771
ebmd	annotated_credset_1099.txt	ENSG00000172935	MRGPRF	0	-1.0049546644400225	0.2401531443002881	0.203900339521474	0.0
ebmd	annotated_credset_1100.txt	ENSG00000110057	UNC93B1	0	-0.7789472359182426	0.2205388520109332	0.0919422419955166	0.2294242831221352
ebmd	annotated_credset_1100.txt	ENSG00000006534	ALDH3B1	0	-0.9616813659352472	0.2129949238578679	0.0819302149861044	0.2707246355658642
ebmd	annotated_credset_1100.txt	ENSG00000110717	NDUFS8	0	-0.9273888623944476	0.0236938695821944	0.1505152220677034	0.2832497342178051
ebmd	annotated_credset_1100.txt	ENSG00000110719	TCIRG1	0	-0.91219114067134	0.2651308082780164	0.1809106655139187	0.3074787529348963
ebmd	annotated_credset_1100.txt	ENSG00000110721	CHKA	0	-0.9088890937058068	0.0145411948457633	0.1852882875440455	0.4274235316502194
ebmd	annotated_credset_1100.txt	ENSG00000110066	SUV420H1	0	-0.934789474496881	0.0962280359234673	0.1229124698858471	0.5844913630416836
ebmd	annotated_credset_1100.txt	ENSG00000171067	C11orf24	0	-0.7911893660563318	0.0580085903943771	0.1585602241891254	0.6833966282755665
ebmd	annotated_credset_1100.txt	ENSG00000162337	LRP5	1	0.2956620182785487	1.0	1.0	0.9847912717429465
ebmd	annotated_credset_1100.txt	ENSG00000110075	PPP6R3	0	-0.2956620182785487	0.814556813744631	0.2284339562284564	1.0
ebmd	annotated_credset_1100.txt	ENSG00000069482	GAL	0	-0.7260941760584698	0.4726434986333463	0.25228329041837	0.6207600067326443
ebmd	annotated_credset_1100.txt	ENSG00000132749	MTL5	0	-0.9781809663732092	0.4215696993361968	0.0373388643756836	0.5805324569561306
ebmd	annotated_credset_1100.txt	ENSG00000110090	CPT1A	0	-0.7389755394358841	0.5790394377196407	0.1884439244881263	0.5003187805072945
ebmd	annotated_credset_1100.txt	ENSG00000197345	MRPL21	0	-0.8382707415643498	0.3330886372510738	0.0537876079844911	0.2679813458147945
ebmd	annotated_credset_1100.txt	ENSG00000132740	IGHMBP2	0	-0.7879769523724531	0.3428348301444748	0.1590055135930157	0.2466171012565902
ebmd	annotated_credset_1100.txt	ENSG00000172938	MRGPRD	0	-1.0026464734282994	0.0617727450214759	0.0	0.1170987063461973
ebmd	annotated_credset_1100.txt	ENSG00000172935	MRGPRF	0	-0.9258447379133083	0.0	0.153603471029982	0.0756606407233172
ebmd	annotated_credset_1100.txt	ENSG00000162341	TPCN2	0	-0.8640371998934337	0.922530261616556	0.1912705566522508	0.0
ebmd	annotated_credset_1101.txt	ENSG00000167799	NUDT8	0	-0.7382904467417546	0.0	0.1036709988830046	0.0
ebmd	annotated_credset_1101.txt	ENSG00000167800	TBX10	0	-0.7786325905162077	0.0377966399399955	0.0254176271666184	0.0129487174315553
ebmd	annotated_credset_1101.txt	ENSG00000132744	ACY3	0	-0.7724970845993675	0.1449245434391481	0.0376886390002986	0.027872685736107
ebmd	annotated_credset_1101.txt	ENSG00000132746	ALDH3B2	0	-0.7913414040995168	0.1404301427479575	0.0	0.0689388102508662
ebmd	annotated_credset_1101.txt	ENSG00000110057	UNC93B1	0	-0.7183897485214656	0.4077288975604198	0.145903311156102	0.5043021206045962
ebmd	annotated_credset_1101.txt	ENSG00000006534	ALDH3B1	0	-0.7230982811241422	0.4019966674736887	0.1364862459507493	0.5369656973281001
ebmd	annotated_credset_1101.txt	ENSG00000110717	NDUFS8	0	-0.689731138579948	0.2581568566016776	0.2009956088589618	0.5468715333943792
ebmd	annotated_credset_1101.txt	ENSG00000110719	TCIRG1	0	-0.6754365370667113	0.441611955319462	0.2295848118854352	0.5660337527211804
ebmd	annotated_credset_1101.txt	ENSG00000110721	CHKA	0	-0.6695846155231513	0.2512022254819583	0.2337022949948333	0.660895545668096
ebmd	annotated_credset_1101.txt	ENSG00000110066	SUV420H1	0	-0.6733056455352868	0.3132717148268937	0.1750331422276423	0.7851171771527075
ebmd	annotated_credset_1101.txt	ENSG00000171067	C11orf24	0	-0.5327384640371153	0.2842307893150281	0.2085625390603496	0.8633392631198207
ebmd	annotated_credset_1101.txt	ENSG00000162337	LRP5	1	0.5074656208562327	1.0	1.0	1.0
ebmd	annotated_credset_1101.txt	ENSG00000110075	PPP6R3	0	-0.5074656208562327	0.8590915780129218	0.2742840448190877	0.8829075585280683
ebmd	annotated_credset_1101.txt	ENSG00000069482	GAL	0	-0.6372398309114169	0.5992898206037475	0.2967161392350864	0.582974655205102
ebmd	annotated_credset_1101.txt	ENSG00000132749	MTL5	0	-0.739048781573638	0.5604815547991702	0.0945447234300533	0.5511595354597199
ebmd	annotated_credset_1101.txt	ENSG00000110090	CPT1A	0	-0.6364464389650633	0.6801344403776862	0.2366704091278548	0.4877202324046024
ebmd	annotated_credset_1101.txt	ENSG00000197345	MRPL21	0	-0.7363334014915595	0.4932494979848185	0.1100160052159145	0.3039694609272788
ebmd	annotated_credset_1101.txt	ENSG00000132740	IGHMBP2	0	-0.6868507204642988	0.5006551120099121	0.2089813672704359	0.2870729309953032
ebmd	annotated_credset_1101.txt	ENSG00000172938	MRGPRD	0	-0.761629048974019	0.2870909703727967	0.0594247102509959	0.1846395671390326
ebmd	annotated_credset_1101.txt	ENSG00000172935	MRGPRF	0	-0.6688099889164165	0.2401531443002881	0.203900339521474	0.1518670759698428
ebmd	annotated_credset_1101.txt	ENSG00000162341	TPCN2	0	-0.6320503902033321	0.9411348628774608	0.23932906949464	0.0920286727362939
ebmd	annotated_credset_1102.txt	ENSG00000110057	UNC93B1	0	-0.709657313204009	0.2205388520109332	0.0919422419955166	0.0
ebmd	annotated_credset_1102.txt	ENSG00000006534	ALDH3B1	0	-0.7773939966839959	0.2129949238578679	0.0819302149861044	0.0449848805829082
ebmd	annotated_credset_1102.txt	ENSG00000110717	NDUFS8	0	-0.7417928731671527	0.0236938695821944	0.1505152220677034	0.0586273807992052
ebmd	annotated_credset_1102.txt	ENSG00000110719	TCIRG1	0	-0.84521036150035	0.2651308082780164	0.1809106655139187	0.0850179428437888
ebmd	annotated_credset_1102.txt	ENSG00000110721	CHKA	0	-0.8430215504852866	0.0145411948457633	0.1852882875440455	0.2156633545119757
ebmd	annotated_credset_1102.txt	ENSG00000110066	SUV420H1	0	-0.7572668151951232	0.0962280359234673	0.1229124698858471	0.3867436775718884
ebmd	annotated_credset_1102.txt	ENSG00000171067	C11orf24	0	-0.7068581516283838	0.0580085903943771	0.1585602241891254	0.4944725777460242
ebmd	annotated_credset_1102.txt	ENSG00000162337	LRP5	1	-0.0903759870734715	1.0	1.0	0.822755540056846
ebmd	annotated_credset_1102.txt	ENSG00000110075	PPP6R3	0	0.0903759870734715	0.814556813744631	0.2284339562284564	1.0
ebmd	annotated_credset_1102.txt	ENSG00000069482	GAL	0	-0.735960592512785	0.4726434986333463	0.25228329041837	0.7429807337693386
ebmd	annotated_credset_1102.txt	ENSG00000132749	MTL5	0	-0.4908073162992039	0.4215696993361968	0.0373388643756836	0.6991643637927129
ebmd	annotated_credset_1102.txt	ENSG00000110090	CPT1A	0	-0.833418443431398	0.5790394377196407	0.1884439244881263	0.6117945850218577
ebmd	annotated_credset_1102.txt	ENSG00000197345	MRPL21	0	-0.7902971087518498	0.3330886372510738	0.0537876079844911	0.3587296319122778
ebmd	annotated_credset_1102.txt	ENSG00000132740	IGHMBP2	0	-0.6805801709279036	0.3428348301444748	0.1590055135930157	0.3354594191095104
ebmd	annotated_credset_1102.txt	ENSG00000172938	MRGPRD	0	-0.9356656942573094	0.0617727450214759	0.0	0.194386300271788
ebmd	annotated_credset_1102.txt	ENSG00000172935	MRGPRF	0	-0.8588639587423184	0.0	0.153603471029982	0.149251420704555
ebmd	annotated_credset_1102.txt	ENSG00000162341	TPCN2	0	-0.8053404530672619	0.922530261616556	0.1912705566522508	0.0668408676129782
ebmd	annotated_credset_1103.txt	ENSG00000162337	LRP5	1	-0.3443324881055001	1.0	1.0	0.1524313306107215
ebmd	annotated_credset_1103.txt	ENSG00000110075	PPP6R3	0	-0.6777040290922935	0.8602777029197759	0.3431435404553072	0.3908043667056636
ebmd	annotated_credset_1103.txt	ENSG00000069482	GAL	0	-0.6903942651521819	0.6026628789171493	0.3634471675329178	0.4996719946600443
ebmd	annotated_credset_1103.txt	ENSG00000132749	MTL5	0	-0.6679300162322055	0.5641812894745204	0.1804587690296396	0.5863587100849081
ebmd	annotated_credset_1103.txt	ENSG00000110090	CPT1A	0	-0.6375150539819306	0.6828269728875431	0.309098871333229	0.7196365385029463
ebmd	annotated_credset_1103.txt	ENSG00000197345	MRPL21	0	-0.6062309765852703	0.4975151719844614	0.1944620595814447	0.804939458970623
ebmd	annotated_credset_1103.txt	ENSG00000132740	IGHMBP2	0	-0.5318860485649417	0.504858447768009	0.2840371018174755	0.857717456056615
ebmd	annotated_credset_1103.txt	ENSG00000172938	MRGPRD	0	-0.7168756319222627	0.2930920251318906	0.148671115263356	0.9156889906479002
ebmd	annotated_credset_1103.txt	ENSG00000172935	MRGPRF	0	-0.5053901444813256	0.2465493076255918	0.279438186946988	0.9622298621229196
ebmd	annotated_credset_1103.txt	ENSG00000162341	TPCN2	0	0.3443324881055001	0.9416303719769298	0.3115052649410738	1.0
ebmd	annotated_credset_1103.txt	ENSG00000172927	MYEOV	0	-0.7774827321815359	0.3178638128311976	0.1667707913736856	0.6479648596467303
ebmd	annotated_credset_1103.txt	ENSG00000110092	CCND1	0	-0.4809900991098913	0.3632650275314002	0.5552203943890752	0.0820300444278567
ebmd	annotated_credset_1103.txt	ENSG00000149716	ORAOV1	0	-0.6077654585789679	0.2957633770595594	0.2072430435234317	0.0648201712518033
ebmd	annotated_credset_1103.txt	ENSG00000162344	FGF19	0	-0.873029531762803	0.0	0.0	0.0
ebmd	annotated_credset_1104.txt	ENSG00000162337	LRP5	1	-0.2407945104720413	1.0	1.0	0.0
ebmd	annotated_credset_1104.txt	ENSG00000110075	PPP6R3	0	-0.3512090802856696	0.814556813744631	0.2284339562284564	0.3089415403855513
ebmd	annotated_credset_1104.txt	ENSG00000069482	GAL	0	-0.5031347206553124	0.4726434986333463	0.25228329041837	0.4500385924235656
ebmd	annotated_credset_1104.txt	ENSG00000132749	MTL5	0	-0.5498748074406937	0.4215696993361968	0.0373388643756836	0.5623882433448831
ebmd	annotated_credset_1104.txt	ENSG00000110090	CPT1A	0	-0.3871433318430904	0.5790394377196407	0.1884439244881263	0.7351219479838181
ebmd	annotated_credset_1104.txt	ENSG00000197345	MRPL21	0	-0.4014721128442368	0.3330886372510738	0.0537876079844911	0.845678142092005
ebmd	annotated_credset_1104.txt	ENSG00000132740	IGHMBP2	0	-0.3788006657620203	0.3428348301444748	0.1590055135930157	0.9140806593621053
ebmd	annotated_credset_1104.txt	ENSG00000172938	MRGPRD	0	-0.7545557924392045	0.0617727450214759	0.0	0.9892142209785818
ebmd	annotated_credset_1104.txt	ENSG00000172935	MRGPRF	0	-0.0462668065961494	0.0	0.153603471029982	1.0
ebmd	annotated_credset_1104.txt	ENSG00000162341	TPCN2	0	0.0462668065961494	0.922530261616556	0.1912705566522508	0.9172070382801424
ebmd	annotated_credset_1104.txt	ENSG00000172927	MYEOV	0	-0.2682083564767316	0.0946505271378367	0.0212604980693549	0.4609546017114974
ebmd	annotated_credset_1105.txt	ENSG00000162337	LRP5	1	-0.1826087176699091	1.0	1.0	0.0
ebmd	annotated_credset_1105.txt	ENSG00000110075	PPP6R3	0	-0.430283859444819	0.8602777029197759	0.3431435404553072	0.2589295042014317
ebmd	annotated_credset_1105.txt	ENSG00000069482	GAL	0	-0.5555775214843218	0.6026628789171493	0.3634471675329178	0.3771855007336328
ebmd	annotated_credset_1105.txt	ENSG00000132749	MTL5	0	-0.647071720735961	0.5641812894745204	0.1804587690296396	0.4713477793768876
ebmd	annotated_credset_1105.txt	ENSG00000110090	CPT1A	0	-0.5463439604624621	0.6828269728875431	0.309098871333229	0.6161190278312692
ebmd	annotated_credset_1105.txt	ENSG00000197345	MRPL21	0	-0.6421090311485349	0.4975151719844614	0.1944620595814447	0.7087781778151307
ebmd	annotated_credset_1105.txt	ENSG00000132740	IGHMBP2	0	-0.3609207865731831	0.504858447768009	0.2840371018174755	0.7661075672548723
ebmd	annotated_credset_1105.txt	ENSG00000172938	MRGPRD	0	-0.6401437635996325	0.2930920251318906	0.148671115263356	0.8290783669536229
ebmd	annotated_credset_1105.txt	ENSG00000172935	MRGPRF	0	-0.5716551237882426	0.2465493076255918	0.279438186946988	0.8796327625914312
ebmd	annotated_credset_1105.txt	ENSG00000162341	TPCN2	0	0.1459271703777152	0.9416303719769298	0.3115052649410738	1.0
ebmd	annotated_credset_1105.txt	ENSG00000172927	MYEOV	0	-0.2367896500317723	0.3178638128311976	0.1667707913736856	0.9286512332774955
ebmd	annotated_credset_1105.txt	ENSG00000110092	CCND1	0	-0.1459271703777152	0.3632650275314002	0.5552203943890752	0.31391215240013
ebmd	annotated_credset_1105.txt	ENSG00000149716	ORAOV1	0	-0.3630811719290063	0.2957633770595594	0.2072430435234317	0.2952181591454978
ebmd	annotated_credset_1105.txt	ENSG00000162344	FGF19	0	-0.4877551734346796	0.0	0.0	0.2248081199924266
ebmd	annotated_credset_1105.txt	ENSG00000268351	AP001888.1	0	-0.6469270787007326	0.0570951460240986	0.189299412276732	0.109026672404683
ebmd	annotated_credset_1105.txt	ENSG00000075388	FGF4	0	-0.5533580315502693	0.1224255875503232	0.0991733883830785	0.1081799930872032
ebmd	annotated_credset_1105.txt	ENSG00000186895	FGF3	0	-0.6837067999321504	0.15958797632735	0.1157399698138964	0.0501832394708846
ebmd	annotated_credset_1127.txt	ENSG00000095110	NXPE1	0	-0.84839026963262	0.008179229288406	0.0	0.0
ebmd	annotated_credset_1127.txt	ENSG00000137634	NXPE4	0	-0.7881849225804385	0.0511545778133621	0.1216647162257922	0.0560640475439293
ebmd	annotated_credset_1127.txt	ENSG00000204361	NXPE2	0	-0.796968816993942	0.0	0.1040969273987855	0.232504718875896
ebmd	annotated_credset_1127.txt	ENSG00000182985	CADM1	1	0.7881849225804385	1.0	1.0	1.0
ebmd	annotated_credset_1129.txt	ENSG00000182985	CADM1	1	0.2971932291984558	1.0	1.0	1.0
ebmd	annotated_credset_1173.txt	ENSG00000111424	VDR	0	-0.0374399423599243	0.5814543014218193	1.0	0.1447208146061668
ebmd	annotated_credset_1173.txt	ENSG00000134291	TMEM106C	0	-0.4933338777335089	0.3684886499042763	0.0952469078478015	0.1799540317685492
ebmd	annotated_credset_1173.txt	ENSG00000139219	COL2A1	0	-0.1758377208343411	0.3820911742629154	0.7302392216461369	0.228524856264024
ebmd	annotated_credset_1173.txt	ENSG00000257955	RP1-228P16.5	0	-0.4711778616483308	0.0600282171054454	0.1395589400181575	0.2570278878484276
ebmd	annotated_credset_1173.txt	ENSG00000079387	SENP1	0	-0.410102257236931	0.4498989750515968	0.2617101488409573	0.3674143892840823
ebmd	annotated_credset_1173.txt	ENSG00000152556	PFKM	0	-0.3497605113756339	0.394488869183234	0.3823936405635517	0.4221070364131139
ebmd	annotated_credset_1173.txt	ENSG00000177981	ASB8	0	-0.4369145615766476	0.3858502421104756	0.2080855401615239	0.4695879909700388
ebmd	annotated_credset_1173.txt	ENSG00000177875	C12orf68	0	-0.5046988292443104	0.3276328836508259	0.0725170048261984	0.4760167231607592
ebmd	annotated_credset_1173.txt	ENSG00000269514	DKFZP779L1853	0	-0.4929073904809343	0.3045242550238375	0.0960998823529505	0.4979846272412923
ebmd	annotated_credset_1173.txt	ENSG00000172640	OR10AD1	0	-0.533376278010083	0.282343345064356	0.0151621072946533	0.4998342688391316
ebmd	annotated_credset_1173.txt	ENSG00000187166	H1FNT	0	-0.4825318744657449	0.3392233428474698	0.1114845890049113	0.6729203467395974
ebmd	annotated_credset_1173.txt	ENSG00000167528	ZNF641	0	-0.4539114216136461	0.3905852218030754	0.1637052338982567	0.7017493844758326
ebmd	annotated_credset_1173.txt	ENSG00000269282	AC024257.1	0	-0.4659845685536958	0.0600282171054454	0.1395589400181575	0.7243120110760249
ebmd	annotated_credset_1173.txt	ENSG00000139223	ANP32D	0	-0.5131624506218542	0.2672709287909657	0.0421497491392871	0.8676796955457193
ebmd	annotated_credset_1173.txt	ENSG00000177627	C12orf54	0	-0.5004550534126511	0.3390908116092545	0.0675645435576935	0.8996692196995014
ebmd	annotated_credset_1173.txt	ENSG00000197376	OR8S1	0	-0.507228656461976	0.3351269227571798	0.0433471523699322	0.9452077777701996
ebmd	annotated_credset_1173.txt	ENSG00000167531	LALBA	0	0.0374399423599243	0.2594636340306484	0.0	1.0
ebmd	annotated_credset_1173.txt	ENSG00000139620	KANSL2	0	-0.0725783685903518	0.4506580175977387	0.2041014472522797	0.9262066660755816
ebmd	annotated_credset_1173.txt	ENSG00000129315	CCNT1	0	-0.3332145436113267	0.4979837179349706	0.4020455631603423	0.8783792447296809
ebmd	annotated_credset_1173.txt	ENSG00000257987	LINC00935	0	-0.464457855182419	0.0600282171054454	0.1395589400181575	0.8252211453864673
ebmd	annotated_credset_1173.txt	ENSG00000174233	ADCY6	0	-0.2588587476181554	0.6197076360884972	0.514431581225481	0.7723549511331783
ebmd	annotated_credset_1173.txt	ENSG00000167535	CACNB3	0	-0.3249191481968299	0.857926512633239	0.3251101098258226	0.7074238011771686
ebmd	annotated_credset_1173.txt	ENSG00000174243	DDX23	0	-0.3867068032870793	0.6977323905141369	0.2096064606408073	0.6856400428309337
ebmd	annotated_credset_1173.txt	ENSG00000172602	RND1	0	-0.4784441289926721	0.5178272587841103	0.1196600799510571	0.6482911957878368
ebmd	annotated_credset_1173.txt	ENSG00000272822	RP11-302B13.5	0	-0.4697157001073457	0.0600282171054454	0.1395589400181575	0.5850569146723229
ebmd	annotated_credset_1173.txt	ENSG00000139537	CCDC65	0	-0.5325918117668186	0.3180665379105607	0.013806716699212	0.5842289408892193
ebmd	annotated_credset_1173.txt	ENSG00000134285	FKBP11	0	-0.2630374536754323	0.2877771258311817	0.2270276336189839	0.5604836894620898
ebmd	annotated_credset_1173.txt	ENSG00000255863	AC073610.5	0	-0.4697157001073457	0.0600282171054454	0.1395589400181575	0.5598480456681421
ebmd	annotated_credset_1173.txt	ENSG00000134287	ARF3	0	-0.4415274219333343	0.3455968905761856	0.1988598194481508	0.541107466086494
ebmd	annotated_credset_1173.txt	ENSG00000169884	WNT10B	0	-0.3482057438964934	0.4708630072783746	0.3855031755218328	0.5007086200664289
ebmd	annotated_credset_1173.txt	ENSG00000125084	WNT1	1	-0.1171780208143076	0.4458146032556901	0.8475586216862042	0.4826009561937758
ebmd	annotated_credset_1173.txt	ENSG00000181418	DDN	0	-0.3985243016670161	1.0	0.1555640351394783	0.4600478778909175
ebmd	annotated_credset_1173.txt	ENSG00000181929	PRKAG1	0	-0.433172093086025	0.3686211811424916	0.2155704771427692	0.4503290752474032
ebmd	annotated_credset_1173.txt	ENSG00000167548	KMT2D	0	-0.3822037143039862	0.5145983158894112	0.3175072347068468	0.4275482018510056
ebmd	annotated_credset_1173.txt	ENSG00000167550	RHEBL1	0	-0.4540465222883174	0.7136602356887347	0.0810689236545664	0.3651978202601229
ebmd	annotated_credset_1173.txt	ENSG00000139549	DHH	0	-0.3839699499890912	0.1504265698626374	0.1644796385197423	0.3314568655667937
ebmd	annotated_credset_1173.txt	ENSG00000139636	LMBR1L	0	-0.4679975012096311	0.1161576061484855	0.145919660895557	0.3209332778622726
ebmd	annotated_credset_1173.txt	ENSG00000123416	TUBA1B	0	-0.5317412180546155	0.0	0.0184322272055884	0.2791308321341126
ebmd	annotated_credset_1173.txt	ENSG00000167552	TUBA1A	0	-0.4623610980151336	0.0759488333034134	0.1571924672845523	0.2013613143913301
ebmd	annotated_credset_1173.txt	ENSG00000167553	TUBA1C	0	-0.3815341065102791	0.3329943746513525	0.3188464502942613	0.1959869870347762
ebmd	annotated_credset_1173.txt	ENSG00000135406	PRPH	0	-0.301844933090533	0.4527182759372669	0.3522618244927621	0.0534227235836123
ebmd	annotated_credset_1173.txt	ENSG00000135451	TROAP	0	-0.474502107518905	0.1743159279656575	0.1329104482770093	0.0125232739747515
ebmd	annotated_credset_1173.txt	ENSG00000186897	C1QL4	0	-0.5111915164186228	0.2373188689543164	0.0563368215176127	0.0
ebmd	annotated_credset_1174.txt	ENSG00000111424	VDR	0	0.1712931241034474	0.5814543014218193	1.0	0.2442265795088859
ebmd	annotated_credset_1174.txt	ENSG00000134291	TMEM106C	0	-0.7105166485580399	0.3684886499042763	0.0952469078478015	0.2836546511357862
ebmd	annotated_credset_1174.txt	ENSG00000139219	COL2A1	0	-0.3930204916588722	0.3820911742629154	0.7302392216461369	0.3380083009418513
ebmd	annotated_credset_1174.txt	ENSG00000257955	RP1-228P16.5	0	-0.6883606324728619	0.0600282171054454	0.1395589400181575	0.3699048934589132
ebmd	annotated_credset_1174.txt	ENSG00000079387	SENP1	0	-0.5667152648778684	0.4498989750515968	0.2617101488409573	0.4934339729973773
ebmd	annotated_credset_1174.txt	ENSG00000152556	PFKM	0	-0.5013403836024477	0.394488869183234	0.3823936405635517	0.5546383074903
ebmd	annotated_credset_1174.txt	ENSG00000177981	ASB8	0	-0.5958796877097114	0.3858502421104756	0.2080855401615239	0.6077723278255989
ebmd	annotated_credset_1174.txt	ENSG00000177875	C12orf68	0	-0.5935365874040466	0.3276328836508259	0.0725170048261984	0.6149664626137359
ebmd	annotated_credset_1174.txt	ENSG00000269514	DKFZP779L1853	0	-0.6443796167192839	0.3045242550238375	0.0960998823529505	0.6395498576408838
ebmd	annotated_credset_1174.txt	ENSG00000172640	OR10AD1	0	-0.578058080855183	0.282343345064356	0.0151621072946533	0.641619716917929
ebmd	annotated_credset_1174.txt	ENSG00000187166	H1FNT	0	-0.1712931241034474	0.3392233428474698	0.1114845890049113	0.8353133624804773
ebmd	annotated_credset_1174.txt	ENSG00000167528	ZNF641	0	-0.1991036667156736	0.3905852218030754	0.1637052338982567	0.8675747753273428
ebmd	annotated_credset_1174.txt	ENSG00000269282	AC024257.1	0	-0.6795162568625104	0.0600282171054454	0.1395589400181575	0.8928237003285258
ebmd	annotated_credset_1174.txt	ENSG00000139223	ANP32D	0	-0.3347524723275803	0.2672709287909657	0.0421497491392871	1.0
ebmd	annotated_credset_1174.txt	ENSG00000177627	C12orf54	0	-0.354758369147613	0.3390908116092545	0.0675645435576935	0.9849828351271604
ebmd	annotated_credset_1174.txt	ENSG00000197376	OR8S1	0	-0.6719322197707907	0.3351269227571798	0.0433471523699322	0.9470491530520504
ebmd	annotated_credset_1174.txt	ENSG00000167531	LALBA	0	-0.2897086297036204	0.2594636340306484	0.0	0.8549587325622752
ebmd	annotated_credset_1174.txt	ENSG00000139620	KANSL2	0	-0.4003119006377222	0.4506580175977387	0.2041014472522797	0.724116455533897
ebmd	annotated_credset_1174.txt	ENSG00000129315	CCNT1	0	-0.5455234426325741	0.4979837179349706	0.4020455631603423	0.6705947181953757
ebmd	annotated_credset_1174.txt	ENSG00000257987	LINC00935	0	-0.681484879070152	0.0600282171054454	0.1395589400181575	0.6111076342088513
ebmd	annotated_credset_1174.txt	ENSG00000174233	ADCY6	0	-0.3965892422128281	0.6197076360884972	0.514431581225481	0.5519472094297659
ebmd	annotated_credset_1174.txt	ENSG00000167535	CACNB3	0	-0.4310658567807603	0.857926512633239	0.3251101098258226	0.4792853795581552
ebmd	annotated_credset_1174.txt	ENSG00000174243	DDX23	0	-0.5008432760845718	0.6977323905141369	0.2096064606408073	0.4549080545917752
ebmd	annotated_credset_1174.txt	ENSG00000172602	RND1	0	-0.6471137257601964	0.5178272587841103	0.1196600799510571	0.4131124669333875
ebmd	annotated_credset_1174.txt	ENSG00000272822	RP11-302B13.5	0	-0.6883606324728619	0.0600282171054454	0.1395589400181575	0.3423495345106294
ebmd	annotated_credset_1174.txt	ENSG00000139537	CCDC65	0	-0.7512367441323348	0.3180665379105607	0.013806716699212	0.3414229824596217
ebmd	annotated_credset_1174.txt	ENSG00000134285	FKBP11	0	-0.5874698420765625	0.2877771258311817	0.2270276336189839	0.3148506297348412
ebmd	annotated_credset_1174.txt	ENSG00000255863	AC073610.5	0	-0.6883606324728619	0.0600282171054454	0.1395589400181575	0.3141393064139688
ebmd	annotated_credset_1174.txt	ENSG00000134287	ARF3	0	-0.6587101927578654	0.3455968905761856	0.1988598194481508	0.293167480007388
ebmd	annotated_credset_1174.txt	ENSG00000169884	WNT10B	0	-0.5042169830437784	0.4708630072783746	0.3855031755218328	0.2479587615647281
ebmd	annotated_credset_1174.txt	ENSG00000125084	WNT1	1	-0.3343607916388387	0.4458146032556901	0.8475586216862042	0.2276952055892306
ebmd	annotated_credset_1174.txt	ENSG00000181418	DDN	0	-0.6164378254364935	1.0	0.1555640351394783	0.2024569657023096
ebmd	annotated_credset_1174.txt	ENSG00000181929	PRKAG1	0	-0.6503548639105561	0.3686211811424916	0.2155704771427692	0.191581045828455
ebmd	annotated_credset_1174.txt	ENSG00000167548	KMT2D	0	-0.5227495746899797	0.5145983158894112	0.3175072347068468	0.1660878896441399
ebmd	annotated_credset_1174.txt	ENSG00000167550	RHEBL1	0	-0.6688493988562567	0.7136602356887347	0.0810689236545664	0.0963140935130671
ebmd	annotated_credset_1174.txt	ENSG00000139549	DHH	0	-0.6759002832220695	0.1504265698626374	0.1644796385197423	0.0585559526008331
ebmd	annotated_credset_1174.txt	ENSG00000139636	LMBR1L	0	-0.6851802720341622	0.1161576061484855	0.145919660895557	0.0467794302391786
ebmd	annotated_credset_1174.txt	ENSG00000123416	TUBA1B	0	-0.7489239888791466	0.0	0.0184322272055884	0.0
ebmd	annotated_credset_1179.txt	ENSG00000187166	H1FNT	0	-0.79306989390614	0.3392233428474698	0.131536139391886	0.098104959430234
ebmd	annotated_credset_1179.txt	ENSG00000167528	ZNF641	0	-0.7880481156526051	0.3905852218030754	0.1931491577214657	0.1273675315367098
ebmd	annotated_credset_1179.txt	ENSG00000269282	AC024257.1	0	-0.8022927314598636	0.0600282171054454	0.1646599261069485	0.1502694574990101
ebmd	annotated_credset_1179.txt	ENSG00000139223	ANP32D	0	-0.8597573058187891	0.2672709287909657	0.0497307773890977	0.2957931216225557
ebmd	annotated_credset_1179.txt	ENSG00000177627	C12orf54	0	-0.8447643638746414	0.3390908116092545	0.0797166612773933	0.3282637079031836
ebmd	annotated_credset_1179.txt	ENSG00000197376	OR8S1	0	-0.8590509220949925	0.3351269227571798	0.0511435448366907	0.3744870800240586
ebmd	annotated_credset_1179.txt	ENSG00000167531	LALBA	0	-0.884622694513338	0.2594636340306484	0.0	0.4301032739651528
ebmd	annotated_credset_1179.txt	ENSG00000139620	KANSL2	0	-0.7624918737430444	0.4506580175977387	0.2408110094452502	0.5854115890031278
ebmd	annotated_credset_1179.txt	ENSG00000129315	CCNT1	0	-0.6291358553820559	0.4979837179349706	0.4743572336748567	0.6334002688806035
ebmd	annotated_credset_1179.txt	ENSG00000257987	LINC00935	0	-0.798571851905115	0.0600282171054454	0.1646599261069485	0.7010883987666404
ebmd	annotated_credset_1179.txt	ENSG00000174233	ADCY6	0	-0.5223514582996318	0.6197076360884972	0.6069569326096025	0.7332806894715218
ebmd	annotated_credset_1179.txt	ENSG00000167535	CACNB3	0	-0.5882740853584094	0.857926512633239	0.3835842164864317	0.7885299763102637
ebmd	annotated_credset_1179.txt	ENSG00000174243	DDX23	0	-0.5336224833723373	0.6977323905141369	0.2473061511943547	0.8216222278322356
ebmd	annotated_credset_1179.txt	ENSG00000172602	RND1	0	-0.7731363767070094	0.5178272587841103	0.1411820691682604	0.8396989792598272
ebmd	annotated_credset_1179.txt	ENSG00000272822	RP11-302B13.5	0	-0.7842771083672122	0.0600282171054454	0.1646599261069485	0.9663400808857092
ebmd	annotated_credset_1179.txt	ENSG00000139537	CCDC65	0	-0.8432435829134766	0.3180665379105607	0.0162899843691564	0.9309993118761142
ebmd	annotated_credset_1179.txt	ENSG00000134285	FKBP11	0	-0.6767910559759442	0.2877771258311817	0.2678606857509351	0.9235697891922556
ebmd	annotated_credset_1179.txt	ENSG00000255863	AC073610.5	0	-0.7950830728371219	0.0600282171054454	0.1646599261069485	0.941830686448575
ebmd	annotated_credset_1179.txt	ENSG00000134287	ARF3	0	-0.5144034764408059	0.3455968905761856	0.234626625651595	0.9665976081349076
ebmd	annotated_credset_1179.txt	ENSG00000169884	WNT10B	0	-0.550906562893249	0.4708630072783746	0.4548395422547651	0.9862749052618172
ebmd	annotated_credset_1179.txt	ENSG00000125084	WNT1	1	0.4550734743861981	0.4458146032556901	1.0	1.0
ebmd	annotated_credset_1179.txt	ENSG00000181418	DDN	0	-0.4550734743861981	1.0	0.1835436879044262	0.986600737229434
ebmd	annotated_credset_1179.txt	ENSG00000181929	PRKAG1	0	-0.7349063480299665	0.3686211811424916	0.2543428520777657	0.976735782119018
ebmd	annotated_credset_1179.txt	ENSG00000167548	KMT2D	0	-0.6649661615906683	0.5145983158894112	0.3746138928717063	0.9536123273402032
ebmd	annotated_credset_1179.txt	ENSG00000167550	RHEBL1	0	-0.7979028968957118	0.7136602356887347	0.0956499309667585	0.8903243135721876
ebmd	annotated_credset_1179.txt	ENSG00000139549	DHH	0	-0.7162237691571773	0.1504265698626374	0.1940628462872724	0.8560759585390301
ebmd	annotated_credset_1179.txt	ENSG00000139636	LMBR1L	0	-0.7937256093309035	0.1161576061484855	0.1721646823735356	0.8453941159177165
ebmd	annotated_credset_1179.txt	ENSG00000123416	TUBA1B	0	-0.8382267538031505	0.0	0.0217474363825334	0.8029630402245509
ebmd	annotated_credset_1179.txt	ENSG00000167552	TUBA1A	0	-0.7236474017660697	0.0759488333034134	0.1854650088648977	0.7240240155697787
ebmd	annotated_credset_1179.txt	ENSG00000167553	TUBA1C	0	-0.6725766183670687	0.3329943746513525	0.3761939789603242	0.7185688684631066
ebmd	annotated_credset_1179.txt	ENSG00000135406	PRPH	0	-0.675087667444181	0.4527182759372669	0.4156194220429767	0.5738607072953553
ebmd	annotated_credset_1179.txt	ENSG00000135451	TROAP	0	-0.6373472265234572	0.1743159279656575	0.1568156406840463	0.5323462070805188
ebmd	annotated_credset_1179.txt	ENSG00000186897	C1QL4	0	-0.8513879305240746	0.2373188689543164	0.0664695279785268	0.5196346066778903
ebmd	annotated_credset_1179.txt	ENSG00000178401	DNAJC22	0	-0.7700575466199846	0.2061017382074306	0.1932125368450561	0.4995585576812544
ebmd	annotated_credset_1179.txt	ENSG00000123352	SPATS2	0	-0.6898902879702904	0.3268617928103008	0.3535470541444448	0.4723285124663001
ebmd	annotated_credset_1179.txt	ENSG00000135519	KCNH3	0	-0.8431805370197631	0.1231974245565926	0.0414918694228795	0.2333916846389595
ebmd	annotated_credset_1179.txt	ENSG00000187778	MCRS1	0	-0.7789372807324215	0.0344171577350652	0.2113708275618326	0.2093184250593383
ebmd	annotated_credset_1179.txt	ENSG00000110844	PRPF40B	0	-0.7541798421633299	0.0846549308247178	0.2608857047000161	0.1931551287843916
ebmd	annotated_credset_1179.txt	ENSG00000135436	FAM186B	0	-0.8493773989695996	0.1245516528452649	0.0704905910874766	0.1728478590855186
ebmd	annotated_credset_1179.txt	ENSG00000161791	FMNL3	0	-0.7068078621853122	0.028267708281877	0.3556296646560513	0.0966197933228439
ebmd	annotated_credset_1179.txt	ENSG00000139644	TMBIM6	0	-0.8248824506304169	0.0272869771190841	0.0451632708926735	0.0
ebmd	annotated_credset_1180.txt	ENSG00000187166	H1FNT	0	-0.7361413409283815	0.3392233428474698	0.131536139391886	0.1116374758266928
ebmd	annotated_credset_1180.txt	ENSG00000167528	ZNF641	0	-0.7053348317635917	0.3905852218030754	0.1931491577214657	0.1406248714185788
ebmd	annotated_credset_1180.txt	ENSG00000269282	AC024257.1	0	-0.7195794475708504	0.0600282171054454	0.1646599261069485	0.1633114344886231
ebmd	annotated_credset_1180.txt	ENSG00000139223	ANP32D	0	-0.7770440219297756	0.2672709287909657	0.0497307773890977	0.3074666374072499
ebmd	annotated_credset_1180.txt	ENSG00000177627	C12orf54	0	-0.7620510799856279	0.3390908116092545	0.0797166612773933	0.3396318799632428
ebmd	annotated_credset_1180.txt	ENSG00000197376	OR8S1	0	-0.7763376382059792	0.3351269227571798	0.0511435448366907	0.3854205812566005
ebmd	annotated_credset_1180.txt	ENSG00000167531	LALBA	0	-0.8019094106243245	0.2594636340306484	0.0	0.4405137770706752
ebmd	annotated_credset_1180.txt	ENSG00000139620	KANSL2	0	-0.5117076774928859	0.4506580175977387	0.2408110094452502	0.5943616189601021
ebmd	annotated_credset_1180.txt	ENSG00000129315	CCNT1	0	-0.5618703668841252	0.4979837179349706	0.4743572336748567	0.641899027581572
ebmd	annotated_credset_1180.txt	ENSG00000257987	LINC00935	0	-0.7140430701408882	0.0600282171054454	0.1646599261069485	0.7089506384496167
ebmd	annotated_credset_1180.txt	ENSG00000174233	ADCY6	0	-0.4701524742801557	0.6197076360884972	0.6069569326096025	0.7408402024385895
ebmd	annotated_credset_1180.txt	ENSG00000167535	CACNB3	0	-0.5499048094382986	0.857926512633239	0.3835842164864317	0.7955699414354487
ebmd	annotated_credset_1180.txt	ENSG00000174243	DDX23	0	-0.3623821160864122	0.6977323905141369	0.2473061511943547	0.8283510032779691
ebmd	annotated_credset_1180.txt	ENSG00000172602	RND1	0	-0.6466022944209315	0.5178272587841103	0.1411820691682604	0.8462577663178396
ebmd	annotated_credset_1180.txt	ENSG00000272822	RP11-302B13.5	0	-0.6095062387619514	0.0600282171054454	0.1646599261069485	0.971707972733881
ebmd	annotated_credset_1180.txt	ENSG00000139537	CCDC65	0	-0.7830370724962954	0.3180665379105607	0.0162899843691564	0.9366995377926514
ebmd	annotated_credset_1180.txt	ENSG00000134285	FKBP11	0	-0.6572517218054061	0.2877771258311817	0.2678606857509351	0.9293398801278272
ebmd	annotated_credset_1180.txt	ENSG00000255863	AC073610.5	0	-0.7065554750595588	0.0600282171054454	0.1646599261069485	0.947429057343885
ebmd	annotated_credset_1180.txt	ENSG00000134287	ARF3	0	-0.2156175735904582	0.3455968905761856	0.234626625651595	0.9719630782735116
ebmd	annotated_credset_1180.txt	ENSG00000169884	WNT10B	0	-0.405646727776666	0.4708630072783746	0.4548395422547651	0.9914553359575372
ebmd	annotated_credset_1180.txt	ENSG00000125084	WNT1	1	0.2156175735904582	0.4458146032556901	1.0	1.0
ebmd	annotated_credset_1180.txt	ENSG00000181418	DDN	0	-0.3777268735034713	1.0	0.1835436879044262	0.9773230376760708
ebmd	annotated_credset_1180.txt	ENSG00000181929	PRKAG1	0	-0.6494504756209032	0.3686211811424916	0.2543428520777657	0.9675508496660312
ebmd	annotated_credset_1180.txt	ENSG00000167548	KMT2D	0	-0.6051489291085153	0.5145983158894112	0.3746138928717063	0.9446448409704984
ebmd	annotated_credset_1180.txt	ENSG00000167550	RHEBL1	0	-0.6944139968377225	0.7136602356887347	0.0956499309667585	0.8819519688387212
ebmd	annotated_credset_1180.txt	ENSG00000139549	DHH	0	-0.6201619058614256	0.1504265698626374	0.1940628462872724	0.8480256751381822
ebmd	annotated_credset_1180.txt	ENSG00000139636	LMBR1L	0	-0.7086631275773576	0.1161576061484855	0.1721646823735356	0.8374442813841533
ebmd	annotated_credset_1180.txt	ENSG00000123416	TUBA1B	0	-0.7838717505728587	0.0	0.0217474363825334	0.7954122148921288
ebmd	annotated_credset_1180.txt	ENSG00000167552	TUBA1A	0	-0.7036405287619134	0.0759488333034134	0.1854650088648977	0.7172155093195814
ebmd	annotated_credset_1180.txt	ENSG00000167553	TUBA1C	0	-0.5743278010498631	0.3329943746513525	0.3761939789603242	0.7118116607919244
ebmd	annotated_credset_1180.txt	ENSG00000135406	PRPH	0	-0.5925409189326702	0.4527182759372669	0.4156194220429767	0.5684642920821276
ebmd	annotated_credset_1180.txt	ENSG00000135451	TROAP	0	-0.7235015902823014	0.1743159279656575	0.1568156406840463	0.5273401818655621
ebmd	annotated_credset_1180.txt	ENSG00000186897	C1QL4	0	-0.7686746466350611	0.2373188689543164	0.0664695279785268	0.5147481175679939
ebmd	annotated_credset_1180.txt	ENSG00000178401	DNAJC22	0	-0.7053031422017966	0.2061017382074306	0.1932125368450561	0.4948608577580886
ebmd	annotated_credset_1180.txt	ENSG00000123352	SPATS2	0	-0.6251358835521021	0.3268617928103008	0.3535470541444448	0.4678868757800606
ebmd	annotated_credset_1180.txt	ENSG00000135519	KCNH3	0	-0.7811634759128847	0.1231974245565926	0.0414918694228795	0.2311969387335244
ebmd	annotated_credset_1180.txt	ENSG00000187778	MCRS1	0	-0.6962239968434083	0.0344171577350652	0.2113708275618326	0.2073500569187091
ebmd	annotated_credset_1180.txt	ENSG00000110844	PRPF40B	0	-0.6714665582743164	0.0846549308247178	0.2608857047000161	0.1913387554689964
ebmd	annotated_credset_1180.txt	ENSG00000135436	FAM186B	0	-0.7666641150805862	0.1245516528452649	0.0704905910874766	0.1712224492874874
ebmd	annotated_credset_1180.txt	ENSG00000161791	FMNL3	0	-0.6240945782962988	0.028267708281877	0.3556296646560513	0.095711209556857
ebmd	annotated_credset_1180.txt	ENSG00000139644	TMBIM6	0	-0.6574650060510956	0.0272869771190841	0.0451632708926735	0.0
ebmd	annotated_credset_1181.txt	ENSG00000187166	H1FNT	0	-0.6198894925809142	0.3392233428474698	0.131536139391886	0.0760789024609304
ebmd	annotated_credset_1181.txt	ENSG00000167528	ZNF641	0	-0.5890829834161244	0.3905852218030754	0.1931491577214657	0.1057388966229567
ebmd	annotated_credset_1181.txt	ENSG00000269282	AC024257.1	0	-0.603327599223383	0.0600282171054454	0.1646599261069485	0.1289518591701095
ebmd	annotated_credset_1181.txt	ENSG00000139223	ANP32D	0	-0.6607921735823084	0.2672709287909657	0.0497307773890977	0.2764519153044728
ebmd	annotated_credset_1181.txt	ENSG00000177627	C12orf54	0	-0.6457992316381606	0.3390908116092545	0.0797166612773933	0.3093634924555415
ebmd	annotated_credset_1181.txt	ENSG00000197376	OR8S1	0	-0.6600857898585119	0.3351269227571798	0.0511435448366907	0.3562146353511766
ebmd	annotated_credset_1181.txt	ENSG00000167531	LALBA	0	-0.6856575622768573	0.2594636340306484	0.0	0.4125861662475301
ebmd	annotated_credset_1181.txt	ENSG00000139620	KANSL2	0	-0.5631160655040612	0.4506580175977387	0.2408110094452502	0.5700037610023352
ebmd	annotated_credset_1181.txt	ENSG00000129315	CCNT1	0	-0.4460989915781923	0.4979837179349706	0.4743572336748567	0.6186441867253458
ebmd	annotated_credset_1181.txt	ENSG00000257987	LINC00935	0	-0.5987212330658512	0.0600282171054454	0.1646599261069485	0.6872516054427878
ebmd	annotated_credset_1181.txt	ENSG00000174233	ADCY6	0	-0.288111999261851	0.6197076360884972	0.6069569326096025	0.7198811074187175
ebmd	annotated_credset_1181.txt	ENSG00000167535	CACNB3	0	-0.44376655800703	0.857926512633239	0.3835842164864317	0.7758807481587929
ebmd	annotated_credset_1181.txt	ENSG00000174243	DDX23	0	-0.3277814785238571	0.6977323905141369	0.2473061511943547	0.809422433536914
ebmd	annotated_credset_1181.txt	ENSG00000172602	RND1	0	-0.5644384616297998	0.5178272587841103	0.1411820691682604	0.8277446896892402
ebmd	annotated_credset_1181.txt	ENSG00000272822	RP11-302B13.5	0	-0.5800718337853031	0.0600282171054454	0.1646599261069485	0.9561057346865456
ebmd	annotated_credset_1181.txt	ENSG00000139537	CCDC65	0	-0.6268845040293518	0.3180665379105607	0.0162899843691564	0.9202849941620262
ebmd	annotated_credset_1181.txt	ENSG00000134285	FKBP11	0	-0.5010991533384626	0.2877771258311817	0.2678606857509351	0.9127545693371656
ebmd	annotated_credset_1181.txt	ENSG00000255863	AC073610.5	0	-0.5944021612961369	0.0600282171054454	0.1646599261069485	0.9312634722471708
ebmd	annotated_credset_1181.txt	ENSG00000134287	ARF3	0	-0.5450884840129799	0.3455968905761856	0.234626625651595	0.9563667594754806
ebmd	annotated_credset_1181.txt	ENSG00000169884	WNT10B	0	-0.4215041638301386	0.4708630072783746	0.4548395422547651	0.9763112987246272
ebmd	annotated_credset_1181.txt	ENSG00000125084	WNT1	1	-0.0886622085781267	0.4458146032556901	1.0	0.9902227972875876
ebmd	annotated_credset_1181.txt	ENSG00000181418	DDN	0	0.0886622085781267	1.0	0.1835436879044262	1.0
ebmd	annotated_credset_1181.txt	ENSG00000181929	PRKAG1	0	-0.362748893539305	0.3686211811424916	0.2543428520777657	0.990001066552901
ebmd	annotated_credset_1181.txt	ENSG00000167548	KMT2D	0	-0.4904850081025091	0.5145983158894112	0.3746138928717063	0.966563566552901
ebmd	annotated_credset_1181.txt	ENSG00000167550	RHEBL1	0	-0.5125150232461146	0.7136602356887347	0.0956499309667585	0.9024160229926352
ebmd	annotated_credset_1181.txt	ENSG00000139549	DHH	0	-0.5379980730702938	0.1504265698626374	0.1940628462872724	0.8677025327824681
ebmd	annotated_credset_1181.txt	ENSG00000139636	LMBR1L	0	-0.5936146970079056	0.1161576061484855	0.1721646823735356	0.8568756174779953
ebmd	annotated_credset_1181.txt	ENSG00000123416	TUBA1B	0	-0.6688233200034067	0.0	0.0217474363825334	0.8138682751032872
ebmd	annotated_credset_1181.txt	ENSG00000167552	TUBA1A	0	-0.5883186916868767	0.0759488333034134	0.1854650088648977	0.7338571604993713
ebmd	annotated_credset_1181.txt	ENSG00000167553	TUBA1C	0	-0.4929542066391634	0.3329943746513525	0.3761939789603242	0.7283279257230106
ebmd	annotated_credset_1181.txt	ENSG00000135406	PRPH	0	-0.4757118592051981	0.4527182759372669	0.4156194220429767	0.5816544480869409
ebmd	annotated_credset_1181.txt	ENSG00000135451	TROAP	0	-0.6059528640738112	0.1743159279656575	0.1568156406840463	0.5395761294233878
ebmd	annotated_credset_1181.txt	ENSG00000186897	C1QL4	0	-0.65176571668359	0.2373188689543164	0.0664695279785268	0.5266918897072032
ebmd	annotated_credset_1181.txt	ENSG00000178401	DNAJC22	0	-0.5890512938543292	0.2061017382074306	0.1932125368450561	0.5063431830429316
ebmd	annotated_credset_1181.txt	ENSG00000123352	SPATS2	0	-0.5088840352046349	0.3268617928103008	0.3535470541444448	0.4787433200107778
ebmd	annotated_credset_1181.txt	ENSG00000135519	KCNH3	0	-0.6649116275654174	0.1231974245565926	0.0414918694228795	0.2365614334470989
ebmd	annotated_credset_1181.txt	ENSG00000187778	MCRS1	0	-0.5799721484959409	0.0344171577350652	0.2113708275618326	0.2121612291180168
ebmd	annotated_credset_1181.txt	ENSG00000110844	PRPF40B	0	-0.5020726391565855	0.0846549308247178	0.2608857047000161	0.1957784152146578
ebmd	annotated_credset_1181.txt	ENSG00000135436	FAM186B	0	-0.6504122667331189	0.1245516528452649	0.0704905910874766	0.175195347583977
ebmd	annotated_credset_1181.txt	ENSG00000161791	FMNL3	0	-0.5078427299488316	0.028267708281877	0.3556296646560513	0.0979320100592778
ebmd	annotated_credset_1181.txt	ENSG00000139644	TMBIM6	0	-0.6616590648195647	0.0272869771190841	0.0451632708926735	0.0
ebmd	annotated_credset_1182.txt	ENSG00000167531	LALBA	0	-0.6375200704733881	0.2594636340306484	0.0	0.0486476453125859
ebmd	annotated_credset_1182.txt	ENSG00000139620	KANSL2	0	-0.5187739590613099	0.4506580175977387	0.2408110094452502	0.2071839383069522
ebmd	annotated_credset_1182.txt	ENSG00000129315	CCNT1	0	-0.4020008469465066	0.4979837179349706	0.4743572336748567	0.2561700303369127
ebmd	annotated_credset_1182.txt	ENSG00000257987	LINC00935	0	-0.5568495007304608	0.0600282171054454	0.1646599261069485	0.325265012078422
ebmd	annotated_credset_1182.txt	ENSG00000174233	ADCY6	0	-0.3129748789145281	0.6197076360884972	0.6069569326096025	0.3581263977041754
ebmd	annotated_credset_1182.txt	ENSG00000167535	CACNB3	0	-0.3950330793604517	0.857926512633239	0.3835842164864317	0.4145240034850047
ebmd	annotated_credset_1182.txt	ENSG00000174243	DDX23	0	-0.291145120162313	0.6977323905141369	0.2473061511943547	0.4483040550028376
ebmd	annotated_credset_1182.txt	ENSG00000172602	RND1	0	-0.5132905180326599	0.5178272587841103	0.1411820691682604	0.46675651944436
ebmd	annotated_credset_1182.txt	ENSG00000272822	RP11-302B13.5	0	-0.5540623279361188	0.0600282171054454	0.1646599261069485	0.596029770445641
ebmd	annotated_credset_1182.txt	ENSG00000139537	CCDC65	0	-0.6272969027440711	0.3180665379105607	0.0162899843691564	0.5599544675297511
ebmd	annotated_credset_1182.txt	ENSG00000134285	FKBP11	0	-0.5015115520531819	0.2877771258311817	0.2678606857509351	0.5523705272575997
ebmd	annotated_credset_1182.txt	ENSG00000255863	AC073610.5	0	-0.554348072603172	0.0600282171054454	0.1646599261069485	0.571010964873963
ebmd	annotated_credset_1182.txt	ENSG00000134287	ARF3	0	-0.5190789781637954	0.3455968905761856	0.234626625651595	0.5962926502239899
ebmd	annotated_credset_1182.txt	ENSG00000169884	WNT10B	0	-0.4089725198622103	0.4708630072783746	0.4548395422547651	0.616378926621272
ebmd	annotated_credset_1182.txt	ENSG00000125084	WNT1	1	-0.1363922909895929	0.4458146032556901	1.0	0.6303892881415548
ebmd	annotated_credset_1182.txt	ENSG00000181418	DDN	0	-0.4735199736334492	1.0	0.1835436879044262	0.6553105737954582
ebmd	annotated_credset_1182.txt	ENSG00000181929	PRKAG1	0	-0.4340756203523215	0.3686211811424916	0.2543428520777657	0.6834189234288066
ebmd	annotated_credset_1182.txt	ENSG00000167548	KMT2D	0	-0.4444403545863935	0.5145983158894112	0.3746138928717063	0.7407677017409736
ebmd	annotated_credset_1182.txt	ENSG00000167550	RHEBL1	0	-0.4606645793056521	0.7136602356887347	0.0956499309667585	0.7552557695251377
ebmd	annotated_credset_1182.txt	ENSG00000139549	DHH	0	-0.5334094036697787	0.1504265698626374	0.1940628462872724	0.7902979266454736
ebmd	annotated_credset_1182.txt	ENSG00000139636	LMBR1L	0	-0.0916004714245291	0.1161576061484855	0.1721646823735356	0.8130257208155196
ebmd	annotated_credset_1182.txt	ENSG00000123416	TUBA1B	0	-0.2591064100175644	0.0	0.0217474363825334	0.8419947897231393
ebmd	annotated_credset_1182.txt	ENSG00000167552	TUBA1A	0	-0.2243541282166898	0.0759488333034134	0.1854650088648977	0.92386488069312
ebmd	annotated_credset_1182.txt	ENSG00000167553	TUBA1C	0	0.0916004714245291	0.3329943746513525	0.3761939789603242	1.0
ebmd	annotated_credset_1182.txt	ENSG00000135406	PRPH	0	-0.361437709210048	0.4527182759372669	0.4156194220429767	0.9292503364883647
ebmd	annotated_credset_1182.txt	ENSG00000135451	TROAP	0	-0.4756587737023794	0.1743159279656575	0.1568156406840463	0.8868729855528098
ebmd	annotated_credset_1182.txt	ENSG00000186897	C1QL4	0	-0.575330144912622	0.2373188689543164	0.0664695279785268	0.8738971831602228
ebmd	annotated_credset_1182.txt	ENSG00000178401	DNAJC22	0	-0.5256162103646114	0.2061017382074306	0.1932125368450561	0.8534038671061424
ebmd	annotated_credset_1182.txt	ENSG00000123352	SPATS2	0	-0.4536672997411926	0.3268617928103008	0.3535470541444448	0.825607863876101
ebmd	annotated_credset_1182.txt	ENSG00000135519	KCNH3	0	-0.2328480421836096	0.1231974245565926	0.0414918694228795	0.5817048961932856
ebmd	annotated_credset_1182.txt	ENSG00000187778	MCRS1	0	-0.4766027874717382	0.0344171577350652	0.2113708275618326	0.5571312902462306
ebmd	annotated_credset_1182.txt	ENSG00000110844	PRPF40B	0	-0.4518453489026464	0.0846549308247178	0.2608857047000161	0.5406320508244834
ebmd	annotated_credset_1182.txt	ENSG00000135436	FAM186B	0	-0.6031646126715016	0.1245516528452649	0.0704905910874766	0.5199027083027457
ebmd	annotated_credset_1182.txt	ENSG00000161791	FMNL3	0	-0.4004522011695017	0.028267708281877	0.3556296646560513	0.4420902939114731
ebmd	annotated_credset_1182.txt	ENSG00000139644	TMBIM6	0	-0.3900712699383977	0.0272869771190841	0.0451632708926735	0.3434623237378214
ebmd	annotated_credset_1182.txt	ENSG00000167566	NCKAP5L	0	-0.3628832397495418	0.6389005690409437	0.4711771524678951	0.2255607431483425
ebmd	annotated_credset_1182.txt	ENSG00000186666	BCDIN3D	0	-0.5220765245102259	0.2717287977127518	0.1069589026486755	0.1596372787327199
ebmd	annotated_credset_1182.txt	ENSG00000135472	FAIM2	0	-0.5605603486052961	0.4631882437562726	0.1572382303572775	0.118500833417543
ebmd	annotated_credset_1182.txt	ENSG00000167580	AQP2	0	-0.5826643865530561	0.063939093462234	0.1130301544617577	0.0
ebmd	annotated_credset_1183.txt	ENSG00000169884	WNT10B	0	-0.2434013203071097	0.4773520822374919	0.532092264571645	0.0
ebmd	annotated_credset_1183.txt	ENSG00000125084	WNT1	1	-0.0094474525929322	0.4526108594808032	1.0	0.0133101315706437
ebmd	annotated_credset_1183.txt	ENSG00000181418	DDN	0	-0.2827250038573878	1.0	0.2992407672983591	0.0369858654539445
ebmd	annotated_credset_1183.txt	ENSG00000181929	PRKAG1	0	-0.3294438339641086	0.3763640994028309	0.3600072372576473	0.0636893756604372
ebmd	annotated_credset_1183.txt	ENSG00000167548	KMT2D	0	-0.2778299012806391	0.5205510426063135	0.4632351026245864	0.1181718944480909
ebmd	annotated_credset_1183.txt	ENSG00000167550	RHEBL1	0	-0.341687424073108	0.7171717652547073	0.2238021176628174	0.1319358567935634
ebmd	annotated_credset_1183.txt	ENSG00000139549	DHH	0	-0.3553128057505939	0.1608453191605835	0.3082692936846766	0.1652266267080737
ebmd	annotated_credset_1183.txt	ENSG00000139636	LMBR1L	0	-0.3647103327918011	0.1269966131063027	0.2894742396022622	0.1868184985720424
ebmd	annotated_credset_1183.txt	ENSG00000123416	TUBA1B	0	-0.4292614130665102	0.0122635065179257	0.1603720790528439	0.2143397097899869
ebmd	annotated_credset_1183.txt	ENSG00000167552	TUBA1A	0	-0.3590025401954979	0.0872809408090939	0.3008898247948685	0.2921179798891173
ebmd	annotated_credset_1183.txt	ENSG00000167553	TUBA1C	0	-0.2771518123868068	0.3411742024853088	0.4645912804122508	0.4049137251584674
ebmd	annotated_credset_1183.txt	ENSG00000135406	PRPH	0	-0.2602325095201228	0.4594298689274519	0.4984298861456188	0.4389523759652252
ebmd	annotated_credset_1183.txt	ENSG00000135451	TROAP	0	-0.3712973249662048	0.1844417099647982	0.2763002552534548	0.4833270898034381
ebmd	annotated_credset_1183.txt	ENSG00000186897	C1QL4	0	-0.4100690704222463	0.2466720139759942	0.198756764341372	0.4906541742361026
ebmd	annotated_credset_1183.txt	ENSG00000178401	DNAJC22	0	-0.355677713329517	0.2158377147154938	0.3075394785268305	0.5179618970126336
ebmd	annotated_credset_1183.txt	ENSG00000123352	SPATS2	0	-0.274050900777296	0.3351168276016366	0.4451535696346904	0.7460803387886941
ebmd	annotated_credset_1183.txt	ENSG00000135519	KCNH3	0	-0.4106930332684184	0.133950098655477	0.1773185996963909	0.7875508042069228
ebmd	annotated_credset_1183.txt	ENSG00000187778	MCRS1	0	-0.3377900214391267	0.0462585892147785	0.3231246233549742	0.8007696325447607
ebmd	annotated_credset_1183.txt	ENSG00000110844	PRPF40B	0	-0.3165408702006416	0.0958802710467001	0.3656229258319447	0.9035032244810732
ebmd	annotated_credset_1183.txt	ENSG00000135436	FAM186B	0	-0.3982483245669486	0.1352877193567044	0.2022080170993306	0.8511018823235513
ebmd	annotated_credset_1183.txt	ENSG00000161791	FMNL3	0	-0.1238059159293629	0.0401845535750412	0.4469410609217428	0.9887629888918776
ebmd	annotated_credset_1183.txt	ENSG00000139644	TMBIM6	0	0.0094474525929322	0.0392158496152555	0.1804697401050051	1.0
ebmd	annotated_credset_1183.txt	ENSG00000167566	NCKAP5L	0	-0.17230996797797	0.6433289142661294	0.5461147309639329	0.8998188704984595
ebmd	annotated_credset_1183.txt	ENSG00000186666	BCDIN3D	0	-0.3825980652395648	0.2806599563488192	0.233508535754098	0.8371902235720895
ebmd	annotated_credset_1183.txt	ENSG00000135472	FAIM2	0	-0.3610208524825216	0.4697714382278668	0.2766629612681846	0.7981097545420122
ebmd	annotated_credset_1183.txt	ENSG00000167580	AQP2	0	-0.3817703750671641	0.0754184824907354	0.238719452369041	0.6855315257978758
ebmd	annotated_credset_1183.txt	ENSG00000161798	AQP5	0	-0.4719476770718727	0.0	0.0642216007552536	0.6705886775935286
ebmd	annotated_credset_1183.txt	ENSG00000086159	AQP6	0	-0.4135943979978396	0.126007678228438	0.1827685119154049	0.6634401715426754
ebmd	annotated_credset_1183.txt	ENSG00000161800	RACGAP1	0	-0.506328341531836	0.0934394702831614	0.0	0.6503770957784474
ebmd	annotated_credset_1183.txt	ENSG00000110881	ASIC1	0	-0.4531849997607036	0.1898243242278334	0.1108025698490274	0.5421223436465852
ebmd	annotated_credset_1183.txt	ENSG00000066117	SMARCD1	0	-0.0790281992614334	0.2656533753501734	0.3732009868265716	0.505300286933851
ebmd	annotated_credset_1183.txt	ENSG00000167588	GPD1	0	-0.416832218022892	0.1500146376642572	0.1852304691400804	0.4799945218060468
ebmd	annotated_credset_1183.txt	ENSG00000178449	COX14	0	-0.3315290267942616	0.580708272541408	0.3439113926892601	0.4690381338693523
ebmd	annotated_credset_1183.txt	ENSG00000139624	CERS5	0	-0.3203981708536965	0.518920668619942	0.3780985634784713	0.4451207149580362
ebmd	annotated_credset_1183.txt	ENSG00000050405	LIMA1	0	-0.2628017559750386	0.4128868568055618	0.4932913932357874	0.3833621341325213
ebmd	annotated_credset_1183.txt	ENSG00000269529	AC140061.12	0	-0.3679309749529771	0.0715555671916391	0.2830329552799103	0.2210061884794296
ebmd	annotated_credset_1183.txt	ENSG00000185958	FAM186A	0	-0.4255772278480876	0.3883241421495708	0.167740449489689	0.1813644731065167
ebmd	annotated_credset_1183.txt	ENSG00000161813	LARP4	0	-0.30540226317912	0.1416247569314695	0.4043762942023803	0.0925411972270861
ebmd	annotated_credset_124.txt	ENSG00000133019	CHRM3	0	-0.9026828095001896	0.0931997202591283	0.2440437726842169	0.0
ebmd	annotated_credset_124.txt	ENSG00000155816	FMN2	0	0.258803964755567	1.0	0.3914153619672141	1.0
ebmd	annotated_credset_124.txt	ENSG00000268365	AL646016.1	0	-0.7385043209952858	0.0	0.4854856143104183	0.9165057342464044
ebmd	annotated_credset_124.txt	ENSG00000180875	GREM2	1	-0.258803964755567	0.4592167255594817	1.0	0.869873393606031
ebmd	annotated_credset_124.txt	ENSG00000182901	RGS7	0	-0.976017714641126	0.0877815812720848	0.0	0.3213066007820582
ebmd	annotated_credset_125.txt	ENSG00000133019	CHRM3	0	-0.6857270881218631	0.0931997202591283	0.2440437726842169	0.0
ebmd	annotated_credset_125.txt	ENSG00000155816	FMN2	0	-0.3774210799717584	1.0	0.3914153619672141	0.8542653946846096
ebmd	annotated_credset_125.txt	ENSG00000268365	AL646016.1	0	-0.557036668674424	0.0	0.4854856143104183	0.861919213615117
ebmd	annotated_credset_125.txt	ENSG00000180875	GREM2	1	0.3774210799717584	0.4592167255594817	1.0	1.0
ebmd	annotated_credset_125.txt	ENSG00000182901	RGS7	0	-0.785833777091535	0.0877815812720848	0.0	0.698463130765207
ebmd	annotated_credset_1334.txt	ENSG00000104043	ATP8B4	0	-0.8380453655392717	0.2476426595988619	0.2015076685277701	0.413704479281192
ebmd	annotated_credset_1334.txt	ENSG00000140284	SLC27A2	0	-0.8968063768508409	0.1398837558549995	0.0747013880158379	0.4966026703477445
ebmd	annotated_credset_1334.txt	ENSG00000140287	HDC	0	-0.9309106442764232	0.2441331586477441	0.0	0.5424490307847339
ebmd	annotated_credset_1334.txt	ENSG00000104064	GABPB1	0	-0.5562847577147755	0.0	0.2324077389283492	0.6807447139739272
ebmd	annotated_credset_1334.txt	ENSG00000138592	USP8	0	-0.2561759379074145	0.3002098164832433	0.2800676717101855	0.9061393532590822
ebmd	annotated_credset_1334.txt	ENSG00000170236	USP50	0	-0.7765483016732245	0.2651578683334284	0.1532290415906749	0.9767323199135198
ebmd	annotated_credset_1334.txt	ENSG00000092439	TRPM7	0	-0.4496160925825531	0.2656530739891076	0.3946131054629356	1.0
ebmd	annotated_credset_1334.txt	ENSG00000138600	SPPL2A	0	-0.3600846692056848	0.2241742176558041	0.2493298866954321	0.774778890219755
ebmd	annotated_credset_1334.txt	ENSG00000081014	AP4E1	0	-0.4821938419420634	0.2813058788447067	0.3051570314875674	0.4632213769170148
ebmd	annotated_credset_1334.txt	ENSG00000183578	TNFAIP8L3	0	-0.8363845423791704	0.3102861750422809	0.2048293148479726	0.2343438934030567
ebmd	annotated_credset_1334.txt	ENSG00000137869	CYP19A1	1	0.2561759379074145	1.0	1.0	0.0
ebmd	annotated_credset_1335.txt	ENSG00000104043	ATP8B4	0	-0.6188028370505111	0.2476426595988619	0.2015076685277701	0.0
ebmd	annotated_credset_1335.txt	ENSG00000140284	SLC27A2	0	-0.7602313183404128	0.1398837558549995	0.0747013880158379	0.0894507124260041
ebmd	annotated_credset_1335.txt	ENSG00000140287	HDC	0	-0.7975820123483317	0.2441331586477441	0.0	0.1389209065335655
ebmd	annotated_credset_1335.txt	ENSG00000104064	GABPB1	0	-0.6813781428841571	0.0	0.2324077389283492	0.288147894813477
ebmd	annotated_credset_1335.txt	ENSG00000138592	USP8	0	-0.4772820346017594	0.3002098164832433	0.2800676717101855	0.5313584016009298
ebmd	annotated_credset_1335.txt	ENSG00000170236	USP50	0	-0.7169153889872288	0.2651578683334284	0.1532290415906749	0.6075312478146078
ebmd	annotated_credset_1335.txt	ENSG00000092439	TRPM7	0	-0.2790618565971494	0.2656530739891076	0.3946131054629356	0.841445745665781
ebmd	annotated_credset_1335.txt	ENSG00000138600	SPPL2A	0	0.0062479366832832	0.2241742176558041	0.2493298866954321	0.973327863823744
ebmd	annotated_credset_1335.txt	ENSG00000081014	AP4E1	0	-0.0062479366832832	0.2813058788447067	0.3051570314875674	1.0
ebmd	annotated_credset_1335.txt	ENSG00000183578	TNFAIP8L3	0	-0.4597008746692184	0.3102861750422809	0.2048293148479726	0.7530313545423666
ebmd	annotated_credset_1335.txt	ENSG00000137869	CYP19A1	1	-0.1308387338449137	1.0	1.0	0.5001642177823129
ebmd	annotated_credset_1335.txt	ENSG00000186417	GLDN	0	-0.5467888171189355	0.6492867423757168	0.4168240556351841	0.2771601758216906
ebmd	annotated_credset_1335.txt	ENSG00000104093	DMXL2	0	-0.7083773611041719	0.2057977816939694	0.1755637767467424	0.1000518389002795
ebmd	annotated_credset_1336.txt	ENSG00000104043	ATP8B4	0	-0.6142548025138853	0.2476426595988619	0.2015076685277701	0.008961997583491
ebmd	annotated_credset_1336.txt	ENSG00000140284	SLC27A2	0	-0.6776579427698515	0.1398837558549995	0.0747013880158379	0.1000403059852874
ebmd	annotated_credset_1336.txt	ENSG00000140287	HDC	0	-0.6524021232775568	0.2441331586477441	0.0	0.1504106325419643
ebmd	annotated_credset_1336.txt	ENSG00000104064	GABPB1	0	-0.5200505210787019	0.0	0.2324077389283492	0.302352873043091
ebmd	annotated_credset_1336.txt	ENSG00000138592	USP8	0	-0.4671241897128082	0.3002098164832433	0.2800676717101855	0.5499887044744939
ebmd	annotated_credset_1336.txt	ENSG00000170236	USP50	0	-0.6322764740566211	0.2651578683334284	0.1532290415906749	0.6275475499116502
ebmd	annotated_credset_1336.txt	ENSG00000092439	TRPM7	0	-0.0894806794938427	0.2656530739891076	0.3946131054629356	0.865718227339895
ebmd	annotated_credset_1336.txt	ENSG00000138600	SPPL2A	0	0.0352162922076104	0.2241742176558041	0.2493298866954321	1.0
ebmd	annotated_credset_1336.txt	ENSG00000081014	AP4E1	0	-0.2819567099507651	0.2813058788447067	0.3051570314875674	0.91632312297204
ebmd	annotated_credset_1336.txt	ENSG00000183578	TNFAIP8L3	0	-0.2717541761349424	0.3102861750422809	0.2048293148479726	0.6648607718457542
ebmd	annotated_credset_1336.txt	ENSG00000137869	CYP19A1	1	-0.0352162922076104	1.0	1.0	0.4073926037127948
ebmd	annotated_credset_1336.txt	ENSG00000186417	GLDN	0	-0.4598496397371558	0.6492867423757168	0.4168240556351841	0.180330902831001
ebmd	annotated_credset_1336.txt	ENSG00000104093	DMXL2	0	-0.6257111214970505	0.2057977816939694	0.1755637767467424	0.0
ebmd	annotated_credset_1338.txt	ENSG00000092439	TRPM7	0	-0.7545952538837227	0.1218860385363995	0.3311815326044388	0.0
ebmd	annotated_credset_1338.txt	ENSG00000138600	SPPL2A	0	-0.7919362600225798	0.0722866440789677	0.1706757459889561	0.1233084991213572
ebmd	annotated_credset_1338.txt	ENSG00000081014	AP4E1	0	-0.6826490517989786	0.1406032769327415	0.2323523791567395	0.498093406278256
ebmd	annotated_credset_1338.txt	ENSG00000183578	TNFAIP8L3	0	-0.5858909583511461	0.1752572011163403	0.1215124678773555	0.6532198783540601
ebmd	annotated_credset_1338.txt	ENSG00000137869	CYP19A1	1	0.3516776787734085	1.0	1.0	1.0
ebmd	annotated_credset_1338.txt	ENSG00000186417	GLDN	0	-0.3516776787734085	0.5806257273204741	0.355719714364984	0.9778318136587744
ebmd	annotated_credset_1338.txt	ENSG00000104093	DMXL2	0	-0.7591268495055647	0.0503125547099471	0.0891805285555788	0.8122372394079951
ebmd	annotated_credset_1338.txt	ENSG00000104112	SCG3	0	-0.8226756823563522	0.1767633337795948	0.0	0.4475208170451002
ebmd	annotated_credset_1338.txt	ENSG00000140280	LYSMD2	0	-0.8083696827406113	0.0667899035045261	0.0918763691960815	0.3824924543243845
ebmd	annotated_credset_1338.txt	ENSG00000128872	TMOD2	0	-0.7901634036095426	0.0410569189417422	0.1073445705398838	0.3379257503137158
ebmd	annotated_credset_1338.txt	ENSG00000138594	TMOD3	0	-0.8136515756500509	0.040245924430759	0.2130688890717825	0.2160627421875907
ebmd	annotated_credset_1338.txt	ENSG00000166477	LEO1	0	-0.8721512682839829	0.0657085774898819	0.0960695038039182	0.0468544404487308
ebmd	annotated_credset_1338.txt	ENSG00000069956	MAPK6	0	-0.8225448528301217	0.0	0.1927581972146924	0.0248739234899138
ebmd	annotated_credset_1339.txt	ENSG00000092439	TRPM7	0	-0.8667741159786019	0.1218860385363995	0.3311815326044388	0.0544839804512688
ebmd	annotated_credset_1339.txt	ENSG00000138600	SPPL2A	0	-0.8774867470640532	0.0722866440789677	0.1706757459889561	0.1759439030558024
ebmd	annotated_credset_1339.txt	ENSG00000081014	AP4E1	0	-0.8452197071448954	0.1406032769327415	0.2323523791567395	0.545110230932547
ebmd	annotated_credset_1339.txt	ENSG00000183578	TNFAIP8L3	0	-0.8598668671074022	0.1752572011163403	0.1215124678773555	0.6979111280848026
ebmd	annotated_credset_1339.txt	ENSG00000137869	CYP19A1	1	0.4636119234061294	1.0	1.0	1.0
ebmd	annotated_credset_1339.txt	ENSG00000186417	GLDN	0	-0.4636119234061294	0.5806257273204741	0.355719714364984	0.9386716439665268
ebmd	annotated_credset_1339.txt	ENSG00000104093	DMXL2	0	-0.9173045233222455	0.0503125547099471	0.0891805285555788	0.775559576951296
ebmd	annotated_credset_1339.txt	ENSG00000104112	SCG3	0	-1.0323648822808211	0.1767633337795948	0.0	0.4163107924112932
ebmd	annotated_credset_1339.txt	ENSG00000140280	LYSMD2	0	-0.9047260150427048	0.0667899035045261	0.0918763691960815	0.3522573008885044
ebmd	annotated_credset_1339.txt	ENSG00000128872	TMOD2	0	-0.9091523347885891	0.0410569189417422	0.1073445705398838	0.3083587175917637
ebmd	annotated_credset_1339.txt	ENSG00000138594	TMOD3	0	-0.7014250894439962	0.040245924430759	0.2130688890717825	0.1883226159375902
ebmd	annotated_credset_1339.txt	ENSG00000166477	LEO1	0	-0.914789868156572	0.0657085774898819	0.0960695038039182	0.021650996546459
ebmd	annotated_credset_1339.txt	ENSG00000069956	MAPK6	0	-0.8532916108142831	0.0	0.1927581972146924	0.0
ebmd	annotated_credset_1340.txt	ENSG00000081014	AP4E1	0	-0.4205638154379572	0.157230322539923	0.2323523791567395	0.0
ebmd	annotated_credset_1340.txt	ENSG00000183578	TNFAIP8L3	0	-0.4759837710776491	0.1912137852679417	0.1215124678773555	0.1540262791534944
ebmd	annotated_credset_1340.txt	ENSG00000137869	CYP19A1	1	0.0360365509986877	1.0	1.0	0.5156786682615435
ebmd	annotated_credset_1340.txt	ENSG00000186417	GLDN	0	-0.2716861819219696	0.5887395064066149	0.355719714364984	0.6232487641809806
ebmd	annotated_credset_1340.txt	ENSG00000104093	DMXL2	0	-0.341209680122998	0.0686864861453007	0.0891805285555788	0.9562056681392168
ebmd	annotated_credset_1340.txt	ENSG00000104112	SCG3	0	-0.0360365509986877	0.1926907782616928	0.0	1.0
ebmd	annotated_credset_1340.txt	ENSG00000140280	LYSMD2	0	-0.1328820082158324	0.0848450419743735	0.0918763691960815	0.935432833511348
ebmd	annotated_credset_1340.txt	ENSG00000128872	TMOD2	0	-0.1532423184402327	0.0596099223631888	0.1073445705398838	0.8911822069029892
ebmd	annotated_credset_1340.txt	ENSG00000138594	TMOD3	0	-0.3439838655341465	0.0588146184434766	0.2130688890717825	0.7701834794972187
ebmd	annotated_credset_1340.txt	ENSG00000166477	LEO1	0	-0.4857958311935915	0.0837846367480906	0.0960695038039182	0.6021752422829885
ebmd	annotated_credset_1340.txt	ENSG00000069956	MAPK6	0	-0.2660284069048912	0.0193473458309663	0.1927581972146924	0.5803506162489325
ebmd	annotated_credset_1340.txt	ENSG00000137875	BCL2L10	0	-0.4198210633131012	0.0	0.0513012813861877	0.3367675785645244
ebmd	annotated_credset_1340.txt	ENSG00000069966	GNB5	0	-0.5085142026534828	0.0534620968250962	0.0564516047256883	0.3186999934726281
ebmd	annotated_credset_1340.txt	ENSG00000128833	MYO5C	0	-0.4985264997376637	0.0775105724925834	0.0764270105573262	0.2080315787234148
ebmd	annotated_credset_1340.txt	ENSG00000197535	MYO5A	0	-0.4665351336346499	0.0422028656188853	0.1369455208090081	0.0298495722252173
ebmd	annotated_credset_1341.txt	ENSG00000137869	CYP19A1	1	-0.0360623286730273	1.0	1.0	0.0
ebmd	annotated_credset_1341.txt	ENSG00000186417	GLDN	0	-0.3129127166229816	0.6253335173429018	0.355719714364984	0.096709780085335
ebmd	annotated_credset_1341.txt	ENSG00000104093	DMXL2	0	-0.5612109292939196	0.1515548808538044	0.0891805285555788	0.3960512344595216
ebmd	annotated_credset_1341.txt	ENSG00000104112	SCG3	0	-0.6042868183619007	0.2645252553132763	0.0	0.5328785104550737
ebmd	annotated_credset_1341.txt	ENSG00000140280	LYSMD2	0	-0.5573689122176867	0.1662756463336093	0.0918763691960815	0.5754610237416428
ebmd	annotated_credset_1341.txt	ENSG00000128872	TMOD2	0	-0.3648140403284395	0.1432859508694452	0.1073445705398838	0.6657330535280822
ebmd	annotated_credset_1341.txt	ENSG00000138594	TMOD3	0	-0.4923067146653953	0.142561413193486	0.2130688890717825	0.8481736018794886
ebmd	annotated_credset_1341.txt	ENSG00000166477	LEO1	0	-0.2722207349207876	0.1653095960989971	0.0960695038039182	0.8823285147747763
ebmd	annotated_credset_1341.txt	ENSG00000069956	MAPK6	0	0.0360623286730273	0.1066059435090624	0.1927581972146924	1.0
ebmd	annotated_credset_1341.txt	ENSG00000137875	BCL2L10	0	-0.5731905185081928	0.0889801269666022	0.0513012813861877	0.9261316924037334
ebmd	annotated_credset_1341.txt	ENSG00000069966	GNB5	0	-0.5706153568384426	0.1376851596283006	0.0564516047256883	0.90988821724481
ebmd	annotated_credset_1341.txt	ENSG00000128833	MYO5C	0	-0.5609086302180947	0.1595937988775416	0.0764270105573262	0.8103929257206239
ebmd	annotated_credset_1341.txt	ENSG00000197535	MYO5A	0	-0.2357460967414236	0.1274277762443647	0.1369455208090081	0.6502002391164396
ebmd	annotated_credset_1341.txt	ENSG00000128989	ARPP19	0	-0.5846320217958269	0.0	0.0423383435517644	0.316103293842891
ebmd	annotated_credset_1341.txt	ENSG00000047346	FAM214A	0	-0.5283703065300379	0.1986728309872113	0.1548617740833423	0.2683468916256294
ebmd	annotated_credset_1341.txt	ENSG00000169856	ONECUT1	0	-0.5800882002214798	0.2546922439966879	0.0481169752411079	0.0229278665406985
ebmd	annotated_credset_1348.txt	ENSG00000157890	MEGF11	0	-1.039431272587699	0.2378764909966916	0.0016477496058014	0.0
ebmd	annotated_credset_1348.txt	ENSG00000166938	DIS3L	0	-1.0098920660489972	0.0905983075490945	0.0607261626832054	0.1517284331560824
ebmd	annotated_credset_1348.txt	ENSG00000075131	TIPIN	0	-0.9796282704109376	0.1137204543116345	0.073002244292882	0.2517714049896545
ebmd	annotated_credset_1348.txt	ENSG00000169032	MAP2K1	0	-0.9857911287268788	0.1011491659838935	0.1089280373274424	0.4516112544557248
ebmd	annotated_credset_1348.txt	ENSG00000174446	SNAPC5	0	-0.9051771495989984	0.1164077500220016	0.0576083357092402	0.4620248252257914
ebmd	annotated_credset_1348.txt	ENSG00000174444	RPL4	0	-0.8566320911266881	0.1327472020764565	0.1159935805225133	0.5126047556757841
ebmd	annotated_credset_1348.txt	ENSG00000174442	ZWILCH	0	-0.8959008039762932	0.1623396826065776	0.0	0.5603943564920597
ebmd	annotated_credset_1348.txt	ENSG00000188501	LCTL	0	-0.882329709098683	0.1485524177604464	0.0018438327453326	0.5910652660751572
ebmd	annotated_credset_1348.txt	ENSG00000259471	RP11-321F6.1	0	-0.858802084637554	0.0279872923636426	0.0402888331019168	0.8178789330112655
ebmd	annotated_credset_1348.txt	ENSG00000137834	SMAD6	1	0.0463168801596123	0.0	0.3206501729211642	1.0
ebmd	annotated_credset_1348.txt	ENSG00000166949	SMAD3	0	-0.0463168801596123	1.0	1.0	0.8421905515704073
ebmd	annotated_credset_1348.txt	ENSG00000259202	RP11-342M21.2	0	-1.016322974873455	0.0279872923636426	0.0402888331019168	0.6926958965471514
ebmd	annotated_credset_1348.txt	ENSG00000103591	AAGAB	0	-0.7803454216473062	0.4504306738443574	0.0850300323123928	0.5823340055593104
ebmd	annotated_credset_1348.txt	ENSG00000103599	IQCH	0	-0.8107136089806689	0.3574041318411073	0.0206161702723156	0.4805513370273758
ebmd	annotated_credset_1349.txt	ENSG00000157890	MEGF11	0	-0.6967569576119607	0.2530314277140708	0.0016477496058014	0.1987434744259347
ebmd	annotated_credset_1349.txt	ENSG00000166938	DIS3L	0	-0.6672177510732586	0.1086818923446807	0.0607261626832054	0.320316871607374
ebmd	annotated_credset_1349.txt	ENSG00000075131	TIPIN	0	-0.6610797102684204	0.1313442518590691	0.073002244292882	0.4004769556268461
ebmd	annotated_credset_1349.txt	ENSG00000169032	MAP2K1	0	-0.6424393473586231	0.1190229454264044	0.1089280373274424	0.5605999390812738
ebmd	annotated_credset_1349.txt	ENSG00000174446	SNAPC5	0	-0.5279513929537958	0.1339781103037562	0.0576083357092402	0.5689438806153171
ebmd	annotated_credset_1349.txt	ENSG00000174444	RPL4	0	-0.6373817101337987	0.1499926499798937	0.1159935805225133	0.6094713799514561
ebmd	annotated_credset_1349.txt	ENSG00000174442	ZWILCH	0	-0.6916840256979424	0.1789966797347189	0.0	0.6477631094600765
ebmd	annotated_credset_1349.txt	ENSG00000188501	LCTL	0	-0.6878511376837355	0.1654835766534204	0.0018438327453326	0.6723383759088255
ebmd	annotated_credset_1349.txt	ENSG00000259471	RP11-321F6.1	0	-0.4455221340188102	0.0473159062939254	0.0402888331019168	0.854074306630765
ebmd	annotated_credset_1349.txt	ENSG00000137834	SMAD6	1	0.1198681773474175	0.0198851453056454	0.3206501729211642	1.0
ebmd	annotated_credset_1349.txt	ENSG00000166949	SMAD3	0	-0.1198681773474175	1.0	1.0	0.7264674462759251
ebmd	annotated_credset_1349.txt	ENSG00000259202	RP11-342M21.2	0	-0.675234083844097	0.0473159062939254	0.0402888331019168	0.6066838784000975
ebmd	annotated_credset_1349.txt	ENSG00000103591	AAGAB	0	-0.6550658162586649	0.4613589397504881	0.0850300323123928	0.5182556930713962
ebmd	annotated_credset_1349.txt	ENSG00000103599	IQCH	0	-0.6872727472787036	0.3701822440522543	0.0206161702723156	0.4367016657198416
ebmd	annotated_credset_1349.txt	ENSG00000189227	C15orf61	0	-0.6656724243014891	0.0462573819106893	0.0638168162267446	0.0328251661040227
ebmd	annotated_credset_1349.txt	ENSG00000137764	MAP2K5	0	-0.6511408976928891	0.0	0.0899580497570548	0.0
ebmd	annotated_credset_1350.txt	ENSG00000166938	DIS3L	0	-0.7771253484817958	0.1130877545888861	0.0607261626832054	0.0049948775650777
ebmd	annotated_credset_1350.txt	ENSG00000075131	TIPIN	0	-0.7709873076769576	0.1356380921065356	0.073002244292882	0.0759543640057306
ebmd	annotated_credset_1350.txt	ENSG00000169032	MAP2K1	0	-0.7530244111596773	0.1233776909537533	0.1089280373274424	0.2176987847140634
ebmd	annotated_credset_1350.txt	ENSG00000174446	SNAPC5	0	-0.7786842619687784	0.138258931161873	0.0576083357092402	0.2250850270488732
ebmd	annotated_credset_1350.txt	ENSG00000174444	RPL4	0	-0.7494916395621418	0.1541943095878223	0.1159935805225133	0.2609608694309465
ebmd	annotated_credset_1350.txt	ENSG00000174442	ZWILCH	0	-0.8074884298233985	0.1830549699232123	0.0	0.2948575587133088
ebmd	annotated_credset_1350.txt	ENSG00000188501	LCTL	0	-0.8065665134507322	0.1696086632753718	0.0018438327453326	0.3166121303018544
ebmd	annotated_credset_1350.txt	ENSG00000259471	RP11-321F6.1	0	-0.7873440132724401	0.0520251058973714	0.0402888331019168	0.4774888118770669
ebmd	annotated_credset_1350.txt	ENSG00000137834	SMAD6	1	-0.6440795778560721	0.0247299375253863	0.3206501729211642	0.606665476131333
ebmd	annotated_credset_1350.txt	ENSG00000166949	SMAD3	0	0.5679276105971337	1.0	1.0	1.0
ebmd	annotated_credset_1350.txt	ENSG00000259202	RP11-342M21.2	0	-0.6852588401424047	0.0520251058973714	0.0402888331019168	0.9089737272125497
ebmd	annotated_credset_1350.txt	ENSG00000103591	AAGAB	0	-0.5679276105971337	0.4640214889460552	0.0850300323123928	0.8306951338882302
ebmd	annotated_credset_1350.txt	ENSG00000103599	IQCH	0	-0.6248913308246309	0.3732954875147483	0.0206161702723156	0.7585016978555594
ebmd	annotated_credset_1350.txt	ENSG00000189227	C15orf61	0	-0.7755800217100263	0.050971813891414	0.0638168162267446	0.4009812517539136
ebmd	annotated_credset_1350.txt	ENSG00000137764	MAP2K5	0	-0.7625094049448711	0.00494308620723	0.0899580497570548	0.3719236857899761
ebmd	annotated_credset_1350.txt	ENSG00000188779	SKOR1	0	-0.8015162020324788	0.0	0.009779138046439	0.0
ebmd	annotated_credset_1351.txt	ENSG00000169032	MAP2K1	0	-0.7252775549470614	0.1233776909537533	0.1089280373274424	0.1153196111983732
ebmd	annotated_credset_1351.txt	ENSG00000174446	SNAPC5	0	-0.7509374057561624	0.138258931161873	0.0576083357092402	0.1231301350065608
ebmd	annotated_credset_1351.txt	ENSG00000174444	RPL4	0	-0.6986631826834797	0.1541943095878223	0.1159935805225133	0.161066762098174
ebmd	annotated_credset_1351.txt	ENSG00000174442	ZWILCH	0	-0.7566599729447364	0.1830549699232123	0.0	0.1969105493255319
ebmd	annotated_credset_1351.txt	ENSG00000188501	LCTL	0	-0.7788196572381162	0.1696086632753718	0.0018438327453326	0.2199147497873126
ebmd	annotated_credset_1351.txt	ENSG00000259471	RP11-321F6.1	0	-0.7595971570598241	0.0520251058973714	0.0402888331019168	0.3900325302050543
ebmd	annotated_credset_1351.txt	ENSG00000137834	SMAD6	1	-0.6119376539516531	0.0247299375253863	0.3206501729211642	0.5266293768675694
ebmd	annotated_credset_1351.txt	ENSG00000166949	SMAD3	0	0.4837430831999779	1.0	1.0	1.0
ebmd	annotated_credset_1351.txt	ENSG00000259202	RP11-342M21.2	0	-0.6380282984363195	0.0520251058973714	0.0402888331019168	0.9611871118757964
ebmd	annotated_credset_1351.txt	ENSG00000103591	AAGAB	0	-0.4837430831999779	0.4640214889460552	0.0850300323123928	0.8784120296192016
ebmd	annotated_credset_1351.txt	ENSG00000103599	IQCH	0	-0.5560188790424043	0.3732954875147483	0.0206161702723156	0.8020716490347947
ebmd	annotated_credset_1351.txt	ENSG00000189227	C15orf61	0	-0.7478331654974103	0.050971813891414	0.0638168162267446	0.4240144679116362
ebmd	annotated_credset_1351.txt	ENSG00000137764	MAP2K5	0	-0.7347625487322551	0.00494308620723	0.0899580497570548	0.3932877735409785
ebmd	annotated_credset_1351.txt	ENSG00000188779	SKOR1	0	-0.7735754519104084	0.0	0.009779138046439	0.0
ebmd	annotated_credset_1451.txt	ENSG00000132530	XAF1	0	-0.8068476959211754	0.4231194994950356	0.1485157856345517	0.0
ebmd	annotated_credset_1451.txt	ENSG00000177294	FBXO39	0	-0.8459676357667358	0.2399656361895518	0.0702759059434309	0.0295901634923219
ebmd	annotated_credset_1451.txt	ENSG00000167858	TEKT1	0	-0.8811055887384514	0.2543105596579358	0.0	0.0773945387437378
ebmd	annotated_credset_1451.txt	ENSG00000215067	AC027763.2	0	-0.6777083689189489	0.324449457655129	0.1962539065732089	0.3264682986370646
ebmd	annotated_credset_1451.txt	ENSG00000108839	ALOX12	0	-0.8120126184089687	0.6080951693926	0.1322364434360649	0.3242435883866164
ebmd	annotated_credset_1451.txt	ENSG00000219200	RNASEK	0	-0.5380056390839476	0.7383759820573692	0.2343051391771715	0.3294791743200952
ebmd	annotated_credset_1451.txt	ENSG00000269871	AC040977.1	0	-0.7829786354518469	0.324449457655129	0.1962539065732089	0.3293467675103971
ebmd	annotated_credset_1451.txt	ENSG00000161939	RNASEK-C17orf49	0	-0.6781554633594091	0.324449457655129	0.1962539065732089	0.3336003362719484
ebmd	annotated_credset_1451.txt	ENSG00000258315	C17orf49	0	-0.4872531729976628	0.7543905670028723	0.2377370656734715	0.3336072324599535
ebmd	annotated_credset_1451.txt	ENSG00000161940	BCL6B	0	-0.6988117044398631	0.5918707291161156	0.1033048477597742	0.3512132004369969
ebmd	annotated_credset_1451.txt	ENSG00000174327	SLC16A13	0	-0.6891881275586927	0.3769775585955432	0.1482420802574663	0.3647724852926423
ebmd	annotated_credset_1451.txt	ENSG00000174326	SLC16A11	0	-0.6712623078791246	0.4873890062038482	0.18410504449911	0.3700163466517273
ebmd	annotated_credset_1451.txt	ENSG00000132514	CLEC10A	0	-0.726829205443895	0.3461458756869483	0.1647391565122085	0.4201985275273048
ebmd	annotated_credset_1451.txt	ENSG00000161944	ASGR2	0	-0.7692107580197635	0.4996524271080623	0.0915157490075662	0.4690138839402697
ebmd	annotated_credset_1451.txt	ENSG00000141505	ASGR1	0	-0.6810342550443523	0.6273493960101255	0.1545490003578635	0.5570975140919265
ebmd	annotated_credset_1451.txt	ENSG00000132535	DLG4	0	-0.5680588679801251	0.598861534829427	0.5269654336278584	0.61245735292174
ebmd	annotated_credset_1451.txt	ENSG00000072778	ACADVL	0	-0.4115659593797758	0.5848012276536863	0.5128664710891774	0.6201410855970325
ebmd	annotated_credset_1451.txt	ENSG00000004975	DVL2	0	-0.1006162086702044	0.6569652295948482	0.885787357701191	0.6329293766337067
ebmd	annotated_credset_1451.txt	ENSG00000040633	PHF23	0	-0.4756435894609503	0.6983067297981453	0.3547069480026337	0.6400696896941966
ebmd	annotated_credset_1451.txt	ENSG00000170296	GABARAP	0	-0.4318114875986325	0.6667759663182194	0.4307394245086417	0.6442736059021111
ebmd	annotated_credset_1451.txt	ENSG00000262526	CTD-2545G14.7	0	-0.7602762991405065	0.324449457655129	0.1962539065732089	0.6468458840280168
ebmd	annotated_credset_1451.txt	ENSG00000175826	CTDNEP1	0	-0.4188061076763858	0.7365397479112837	0.4277789891321877	0.6576811746216441
ebmd	annotated_credset_1451.txt	ENSG00000262302	RP1-4G17.5	0	-0.7775152141070898	0.324449457655129	0.1962539065732089	0.6709190971162515
ebmd	annotated_credset_1451.txt	ENSG00000170291	ELP5	0	-0.5476132034117094	0.7108980496570176	0.207714531777141	0.6679551155116557
ebmd	annotated_credset_1451.txt	ENSG00000181885	CLDN7	0	-0.6198558950039184	0.741274608816547	0.0733216454646713	0.6735313731325868
ebmd	annotated_credset_1451.txt	ENSG00000181856	SLC2A4	0	-0.3505078178946272	0.710989861364322	0.2775108111578632	0.7070109866597902
ebmd	annotated_credset_1451.txt	ENSG00000006047	YBX2	0	-0.6005633749739747	0.4524271080623795	0.2910948178106305	0.7157801793270869
ebmd	annotated_credset_1451.txt	ENSG00000132507	EIF5A	0	-0.5533857154759614	0.4807392154033813	0.3346601845285199	0.7403857781293159
ebmd	annotated_credset_1451.txt	ENSG00000132522	GPS2	0	-0.5422075491772753	0.6139055388691421	0.3362533583276745	0.7446738278308928
ebmd	annotated_credset_1451.txt	ENSG00000261915	RP11-542C16.2	0	-0.7705230528331335	0.324449457655129	0.1962539065732089	0.7496528755705816
ebmd	annotated_credset_1451.txt	ENSG00000215041	NEURL4	0	-0.3921568422570078	0.6649921960048791	0.3421722331820034	0.7637473046154234
ebmd	annotated_credset_1451.txt	ENSG00000072818	ACAP1	0	-0.6420140035221436	0.5216347730283436	0.1601392232127668	0.7942077670339901
ebmd	annotated_credset_1451.txt	ENSG00000213859	KCTD11	0	-0.6310680507899598	0.4024999016303136	0.2203830221021224	0.7989813083711266
ebmd	annotated_credset_1451.txt	ENSG00000182896	TMEM95	0	-0.616606267733997	0.6739503954461393	0.1255274105483373	0.8021259701014563
ebmd	annotated_credset_1451.txt	ENSG00000174292	TNK1	0	-0.6050323695463147	0.5786498432642996	0.1993982827904014	0.8470270502027213
ebmd	annotated_credset_1451.txt	ENSG00000187838	TMEM256-PLSCR3	0	-0.6349979454494055	0.324449457655129	0.1962539065732089	0.8667818703621567
ebmd	annotated_credset_1451.txt	ENSG00000262481	C17orf61-PLSCR3	0	-0.6634759122348364	0.324449457655129	0.1962539065732089	0.8667818703621567
ebmd	annotated_credset_1451.txt	ENSG00000205544	TMEM256	0	-0.5621192338206025	0.3776504072505017	0.2667487832915082	0.8668370398661976
ebmd	annotated_credset_1451.txt	ENSG00000169992	NLGN2	0	-0.5368994484334069	0.6264968587280144	0.2322493510751768	0.8885227926670636
ebmd	annotated_credset_1451.txt	ENSG00000181323	SPEM1	0	-0.6782960081852547	0.0	0.1255436110270476	0.8909668016960741
ebmd	annotated_credset_1451.txt	ENSG00000184560	C17orf74	0	-0.5235065426110721	0.6910404889629211	0.1020975635377175	0.8991539560957397
ebmd	annotated_credset_1451.txt	ENSG00000181284	TMEM102	0	-0.598610179297701	0.4005771021601983	0.1751452092165835	0.9130994274796712
ebmd	annotated_credset_1451.txt	ENSG00000161958	FGF11	0	-0.6132771802799089	0.5940348622168592	0.1073492836529246	0.9231099339878874
ebmd	annotated_credset_1451.txt	ENSG00000170175	CHRNB1	0	-0.2438453975710504	0.843762706084493	0.2238397449751828	0.940722798152936
ebmd	annotated_credset_1451.txt	ENSG00000174282	ZBTB4	0	-0.1079592680457872	0.9547892921317368	0.489362576230299	0.9773498318856711
ebmd	annotated_credset_1451.txt	ENSG00000259224	SLC35G6	0	-0.1159230655598337	0.8269086998150651	0.0894213284006921	0.975696126002046
ebmd	annotated_credset_1451.txt	ENSG00000181222	POLR2A	0	-0.0447268020467659	0.8693781724223864	0.7356800511055386	1.0
ebmd	annotated_credset_1451.txt	ENSG00000239697	TNFSF12	0	-0.4931939282823507	0.5611925029183007	0.4496174712646793	0.9335155589106932
ebmd	annotated_credset_1451.txt	ENSG00000248871	TNFSF12-TNFSF13	0	-0.6351953560329016	0.324449457655129	0.1962539065732089	0.9332286774896807
ebmd	annotated_credset_1451.txt	ENSG00000161955	TNFSF13	0	-0.6345215699100424	0.6159909762207678	0.1833762342968325	0.9205493462234872
ebmd	annotated_credset_1451.txt	ENSG00000161956	SENP3	0	-0.5764508745096544	0.5864407224269769	0.2620239193480967	0.9156075378990262
ebmd	annotated_credset_1451.txt	ENSG00000161960	EIF4A1	0	-0.3520264936532327	0.5652453339978751	0.3988864730989043	0.9006676362047579
ebmd	annotated_credset_1451.txt	ENSG00000129226	CD68	0	-0.491044985736546	0.5726165024985901	0.3299335228983418	0.8913426107842494
ebmd	annotated_credset_1451.txt	ENSG00000129255	MPDU1	0	-0.5200805465287921	0.6076361108560785	0.2280110257340158	0.8857401476488989
ebmd	annotated_credset_1451.txt	ENSG00000129194	SOX15	0	-0.6031732297750365	0.5252547774877694	0.2266069912575183	0.8793280720417485
ebmd	annotated_credset_1451.txt	ENSG00000129245	FXR2	0	-0.5083577545883906	0.5668192489802343	0.3749596985659297	0.8751186388834299
ebmd	annotated_credset_1451.txt	ENSG00000268503	AC007421.1	0	-0.777016263625675	0.324449457655129	0.1962539065732089	0.8437878775386184
ebmd	annotated_credset_1451.txt	ENSG00000129214	SHBG	1	-0.3714234767644793	0.5621630838240889	0.1470800499824901	0.8436251275016978
ebmd	annotated_credset_1451.txt	ENSG00000141504	SAT2	0	-0.4644946958043763	0.5071941030651994	0.3906263039955914	0.8268398058972624
ebmd	annotated_credset_1451.txt	ENSG00000129244	ATP1B2	0	-0.5270348568661483	0.5713442545545164	0.2971478876948016	0.7987130134996246
ebmd	annotated_credset_1451.txt	ENSG00000141510	TP53	0	0.0447268020467659	0.4963472056451084	1.0	0.7778148053689422
ebmd	annotated_credset_1451.txt	ENSG00000141499	WRAP53	0	-0.6198843337100699	0.4758731949162546	0.2052642606976318	0.7443103655649204
ebmd	annotated_credset_1451.txt	ENSG00000108947	EFNB3	0	-0.5882870812809304	0.5616646774130084	0.2478040872111843	0.7179241710197721
ebmd	annotated_credset_1451.txt	ENSG00000183914	DNAH2	0	-0.7349123902062782	0.764371811182666	0.1732364737397613	0.7011636756921551
ebmd	annotated_credset_1451.txt	ENSG00000132510	KDM6B	0	-0.4954922504768984	1.0	0.5627376161211893	0.5321381076869321
ebmd	annotated_credset_1451.txt	ENSG00000167874	TMEM88	0	-0.5906991091489806	0.6610967564235405	0.3318963332023792	0.5112274864178404
ebmd	annotated_credset_1451.txt	ENSG00000183011	LSMD1	0	-0.5963520190493723	0.9957635455058168	0.3123755628400723	0.5089931215041851
ebmd	annotated_credset_1451.txt	ENSG00000182224	CYB5D1	0	-0.7670704843513169	0.5736264312789371	0.2221207115513686	0.507529750409501
ebmd	annotated_credset_1451.txt	ENSG00000170004	CHD3	0	-0.5403180450633123	0.7166690712590008	0.5966127193388037	0.4702075809258508
ebmd	annotated_credset_1451.txt	ENSG00000170049	KCNAB3	0	-0.7598778720016429	0.6892042548168357	0.1574930654621422	0.4191026900951896
ebmd	annotated_credset_1451.txt	ENSG00000262730	RP11-1099M24.7	0	-0.7829786354518469	0.324449457655129	0.1962539065732089	0.4134864345838288
ebmd	annotated_credset_1451.txt	ENSG00000170043	TRAPPC1	0	-0.7019094597381845	0.6291462822816521	0.2017178729297328	0.4073984798129185
ebmd	annotated_credset_1451.txt	ENSG00000170037	CNTROB	0	-0.5656510781038084	0.7395957661686974	0.270631249319518	0.4049765385855242
ebmd	annotated_credset_1451.txt	ENSG00000132518	GUCY2D	0	-0.6552037703973874	0.66470364492478	0.0674231768966664	0.3077499423766938
ebmd	annotated_credset_1451.txt	ENSG00000179593	ALOX15B	0	-0.6994546733463327	0.9417257977781568	0.1146665387310147	0.2575139712346764
ebmd	annotated_credset_1451.txt	ENSG00000179477	ALOX12B	0	-0.7816125061822471	0.568380048004407	0.0337673350037658	0.2111453823259242
ebmd	annotated_credset_1451.txt	ENSG00000214999	AC129492.6	0	-0.7829786354518469	0.324449457655129	0.1962539065732089	0.2017031217093289
ebmd	annotated_credset_1451.txt	ENSG00000179148	ALOXE3	0	-0.7585475181097552	0.3764660362262765	0.0656286744452585	0.1790587987757528
ebmd	annotated_credset_1451.txt	ENSG00000179111	HES7	0	-0.6104615625164758	0.4601602770090369	0.3119978054804502	0.1450054224065243
ebmd	annotated_credset_1451.txt	ENSG00000179094	PER1	0	-0.5963388446502211	0.514316068360374	0.4704896420460893	0.1175834204230086
ebmd	annotated_credset_1451.txt	ENSG00000263620	RP11-599B13.6	0	-0.7551189476466711	0.324449457655129	0.1962539065732089	0.103316586678039
ebmd	annotated_credset_1451.txt	ENSG00000220205	VAMP2	0	-0.6236738391906831	0.6226932308539801	0.4778578361774455	0.0918233997487243
ebmd	annotated_credset_1451.txt	ENSG00000179029	TMEM107	0	-0.5603904391056782	0.5900213790118437	0.2997154402567574	0.072392700425529
ebmd	annotated_credset_1451.txt	ENSG00000196544	C17orf59	0	-0.7836342493925441	0.2796558372571908	0.1949426786918145	0.0515703503629028
ebmd	annotated_credset_1451.txt	ENSG00000178999	AURKB	0	-0.8092825083144911	0.2881379274162874	0.1409439246723834	0.028945336755741
ebmd	annotated_credset_1454.txt	ENSG00000141505	ASGR1	0	-0.6880732816120209	0.6273493960101255	0.1440727928579492	0.0
ebmd	annotated_credset_1454.txt	ENSG00000132535	DLG4	0	-0.5191804527230792	0.598861534829427	0.521103936895293	0.0574930135489166
ebmd	annotated_credset_1454.txt	ENSG00000072778	ACADVL	0	-0.5263172859839316	0.5848012276536863	0.5068302703735884	0.065472822669476
ebmd	annotated_credset_1454.txt	ENSG00000004975	DVL2	0	-0.2974430455796264	0.6569652295948482	0.8843721185680629	0.0787538835500768
ebmd	annotated_credset_1454.txt	ENSG00000040633	PHF23	0	-0.5662736295126702	0.6983067297981453	0.3467109507019754	0.0861693335262276
ebmd	annotated_credset_1454.txt	ENSG00000170296	GABARAP	0	-0.5277863219718266	0.6667759663182194	0.4236855657836624	0.0905352387855105
ebmd	annotated_credset_1454.txt	ENSG00000262526	CTD-2545G14.7	0	-0.6913776352173108	0.324449457655129	0.186294475623871	0.0932066342279523
ebmd	annotated_credset_1454.txt	ENSG00000175826	CTDNEP1	0	-0.5292848814298943	0.7365397479112837	0.4206884468675273	0.1044594399093587
ebmd	annotated_credset_1454.txt	ENSG00000262302	RP1-4G17.5	0	-0.6913776352173108	0.324449457655129	0.186294475623871	0.1182074578485311
ebmd	annotated_credset_1454.txt	ENSG00000170291	ELP5	0	-0.6406805486269671	0.7108980496570176	0.1978971124733815	0.1151292654593582
ebmd	annotated_credset_1454.txt	ENSG00000181885	CLDN7	0	-0.7087096407268532	0.741274608816547	0.0618389282736093	0.1209203924158152
ebmd	annotated_credset_1454.txt	ENSG00000181856	SLC2A4	0	-0.6053499768347905	0.710989861364322	0.2685582560577346	0.155690072292401
ebmd	annotated_credset_1454.txt	ENSG00000006047	YBX2	0	-0.6433695801599424	0.4524271080623795	0.2823105857386075	0.1647971673181625
ebmd	annotated_credset_1454.txt	ENSG00000132507	EIF5A	0	-0.3247053151166419	0.4807392154033813	0.3264157824664438	0.1903508910142278
ebmd	annotated_credset_1454.txt	ENSG00000132522	GPS2	0	-0.600367551707637	0.6139055388691421	0.3280286977045588	0.194804171674041
ebmd	annotated_credset_1454.txt	ENSG00000261915	RP11-542C16.2	0	-0.6913776352173108	0.324449457655129	0.186294475623871	0.1999750765250946
ebmd	annotated_credset_1454.txt	ENSG00000215041	NEURL4	0	-0.5726186474103871	0.6649921960048791	0.3340209149065414	0.2146126046893375
ebmd	annotated_credset_1454.txt	ENSG00000072818	ACAP1	0	-0.709658730206025	0.5216347730283436	0.1497322856464424	0.2462467968321404
ebmd	annotated_credset_1454.txt	ENSG00000213859	KCTD11	0	-0.679163582318791	0.4024999016303136	0.2107225814209104	0.2512042765245217
ebmd	annotated_credset_1454.txt	ENSG00000182896	TMEM95	0	-0.6822833104465115	0.6739503954461393	0.1146915888342926	0.2544701111672924
ebmd	annotated_credset_1454.txt	ENSG00000174292	TNK1	0	-0.6849935138504896	0.5786498432642996	0.1894778146404723	0.3011013597617659
ebmd	annotated_credset_1454.txt	ENSG00000187838	TMEM256-PLSCR3	0	-0.6913776352173108	0.324449457655129	0.186294475623871	0.321617390282996
ebmd	annotated_credset_1454.txt	ENSG00000262481	C17orf61-PLSCR3	0	-0.6913776352173108	0.324449457655129	0.186294475623871	0.321617390282996
ebmd	annotated_credset_1454.txt	ENSG00000205544	TMEM256	0	-0.6556934365039274	0.3776504072505017	0.2576628730506376	0.321674685627606
ebmd	annotated_credset_1454.txt	ENSG00000169992	NLGN2	0	-0.6511843017726335	0.6264968587280144	0.222735949222515	0.3441960532101865
ebmd	annotated_credset_1454.txt	ENSG00000181323	SPEM1	0	-0.7271708780005312	0.0	0.11470799005743	0.3467342369764101
ebmd	annotated_credset_1454.txt	ENSG00000184560	C17orf74	0	-0.6941433966750771	0.6910404889629211	0.0909714163771616	0.3552368661165359
ebmd	annotated_credset_1454.txt	ENSG00000181284	TMEM102	0	-0.7020627656284822	0.4005771021601983	0.1649242148015279	0.3697196968503317
ebmd	annotated_credset_1454.txt	ENSG00000161958	FGF11	0	-0.7315883151963456	0.5940348622168592	0.0962882119487602	0.3801159371298183
ebmd	annotated_credset_1454.txt	ENSG00000170175	CHRNB1	0	-0.6287520954656549	0.843762706084493	0.2142221374636083	0.3984074758965647
ebmd	annotated_credset_1454.txt	ENSG00000174282	ZBTB4	0	-0.4943455979366202	0.9547892921317368	0.4830351325216779	0.4364458551831517
ebmd	annotated_credset_1454.txt	ENSG00000259224	SLC35G6	0	-0.6967941108726744	0.8269086998150651	0.0781381066495693	0.4347284272284666
ebmd	annotated_credset_1454.txt	ENSG00000181222	POLR2A	0	-0.3696607679290347	0.8693781724223864	0.732404792536849	0.4799201302896136
ebmd	annotated_credset_1454.txt	ENSG00000239697	TNFSF12	0	-0.5569611969089325	0.5611925029183007	0.44279753542239	0.5472307011374559
ebmd	annotated_credset_1454.txt	ENSG00000248871	TNFSF12-TNFSF13	0	-0.6900114967590588	0.324449457655129	0.186294475623871	0.5472206744521491
ebmd	annotated_credset_1454.txt	ENSG00000161955	TNFSF13	0	-0.6770664598902072	0.6159909762207678	0.1732572326959248	0.5472307011374559
ebmd	annotated_credset_1454.txt	ENSG00000161956	SENP3	0	-0.6510321243802991	0.5864407224269769	0.2528794620653502	0.5620730601586794
ebmd	annotated_credset_1454.txt	ENSG00000161960	EIF4A1	0	-0.5814946304834137	0.5652453339978751	0.3914379160074978	0.5721513112755806
ebmd	annotated_credset_1454.txt	ENSG00000129226	CD68	0	-0.6163983127277743	0.5726165024985901	0.3216305515187764	0.576600294784548
ebmd	annotated_credset_1454.txt	ENSG00000129255	MPDU1	0	-0.6679910356530127	0.6076361108560785	0.2184451056682997	0.5918952870281907
ebmd	annotated_credset_1454.txt	ENSG00000129194	SOX15	0	-0.6161422568007648	0.5252547774877694	0.2170236734283374	0.5881438743398502
ebmd	annotated_credset_1454.txt	ENSG00000129245	FXR2	0	-0.5936062592534992	0.5668192489802343	0.3672146584673268	0.623525182020148
ebmd	annotated_credset_1454.txt	ENSG00000268503	AC007421.1	0	-0.6888706638580578	0.324449457655129	0.186294475623871	0.6224337057053272
ebmd	annotated_credset_1454.txt	ENSG00000129214	SHBG	1	-0.7071250992912428	0.5621630838240889	0.1365112927381529	0.6500400351220462
ebmd	annotated_credset_1454.txt	ENSG00000141504	SAT2	0	-0.5893955198650109	0.5071941030651994	0.3830753929587198	0.6421533309364781
ebmd	annotated_credset_1454.txt	ENSG00000129244	ATP1B2	0	-0.6306378480522983	0.5713442545545164	0.2884386608166276	0.6849701419635401
ebmd	annotated_credset_1454.txt	ENSG00000141510	TP53	0	-0.279672637712016	0.4963472056451084	1.0	0.7276122021895416
ebmd	annotated_credset_1454.txt	ENSG00000141499	WRAP53	0	-0.6817112570680249	0.4758731949162546	0.1954164794352599	0.7504787742233974
ebmd	annotated_credset_1454.txt	ENSG00000108947	EFNB3	0	-0.6541822706679004	0.5616646774130084	0.2384834282181751	0.7617602275771088
ebmd	annotated_credset_1454.txt	ENSG00000183914	DNAH2	0	-0.5817836941835626	0.764371811182666	0.1629918276773292	0.9370352810408272
ebmd	annotated_credset_1454.txt	ENSG00000132510	KDM6B	0	-0.1661663905320625	1.0	0.5573193819865552	0.9671898209090766
ebmd	annotated_credset_1454.txt	ENSG00000167874	TMEM88	0	-0.1416064121257652	0.6610967564235405	0.3236176835257118	0.9690562167597476
ebmd	annotated_credset_1454.txt	ENSG00000183011	LSMD1	0	-0.0420461028347134	0.9957635455058168	0.3038550261220977	1.0
ebmd	annotated_credset_1454.txt	ENSG00000182224	CYB5D1	0	-0.0393569886291804	0.5736264312789371	0.2124818030408541	0.9779126446528404
ebmd	annotated_credset_1454.txt	ENSG00000170004	CHD3	0	0.0393569886291804	0.7166690712590008	0.5916142405898026	0.9898243467972618
ebmd	annotated_credset_1454.txt	ENSG00000170049	KCNAB3	0	-0.6464454197364187	0.6892042548168357	0.1470533386535261	0.9367502367013923
ebmd	annotated_credset_1454.txt	ENSG00000262730	RP11-1099M24.7	0	-0.6819758369690198	0.324449457655129	0.186294475623871	0.9309175706200932
ebmd	annotated_credset_1454.txt	ENSG00000170043	TRAPPC1	0	-0.6455277739281318	0.6291462822816521	0.1918261474362376	0.9245950293423784
ebmd	annotated_credset_1454.txt	ENSG00000170037	CNTROB	0	-0.6014310338310187	0.7395957661686974	0.2615934477445996	0.9220797637139988
ebmd	annotated_credset_1454.txt	ENSG00000132518	GUCY2D	0	-0.4426380266807945	0.66470364492478	0.0558673702176551	0.8211067455241593
ebmd	annotated_credset_1454.txt	ENSG00000179593	ALOX15B	0	-0.4478337172955842	0.9417257977781568	0.103696137074624	0.7689350371058975
ebmd	annotated_credset_1454.txt	ENSG00000179477	ALOX12B	0	-0.7639599335284467	0.568380048004407	0.0217944898643309	0.7207797323447976
ebmd	annotated_credset_1454.txt	ENSG00000214999	AC129492.6	0	-0.6865253999000805	0.324449457655129	0.186294475623871	0.7109736341147941
ebmd	annotated_credset_1454.txt	ENSG00000179148	ALOXE3	0	-0.7526473219067278	0.3764660362262765	0.0540506316105764	0.6874567599196146
ebmd	annotated_credset_1454.txt	ENSG00000179111	HES7	0	-0.627936343776579	0.4601602770090369	0.3034725878708737	0.6520912084590846
ebmd	annotated_credset_1454.txt	ENSG00000179094	PER1	0	-0.5500537322669876	0.514316068360374	0.4639283388060114	0.6236125574206782
ebmd	annotated_credset_1454.txt	ENSG00000263620	RP11-599B13.6	0	-0.6888706638580578	0.324449457655129	0.186294475623871	0.608795981304529
ebmd	annotated_credset_1454.txt	ENSG00000220205	VAMP2	0	-0.5259078440214298	0.6226932308539801	0.4713878341844563	0.5968599286386483
ebmd	annotated_credset_1454.txt	ENSG00000179029	TMEM107	0	-0.6316945741855919	0.5900213790118437	0.2910380286031409	0.576680508267002
ebmd	annotated_credset_1454.txt	ENSG00000196544	C17orf59	0	-0.6897914169131955	0.2796558372571908	0.1849669999701386	0.5550558128275682
ebmd	annotated_credset_1454.txt	ENSG00000178999	AURKB	0	-0.7180091680347978	0.2881379274162874	0.130299133072393	0.5315589920030023
ebmd	annotated_credset_1454.txt	ENSG00000178971	CTC1	0	-0.6612010263789094	0.3630693965347638	0.2466476933006736	0.4998531806794368
ebmd	annotated_credset_1454.txt	ENSG00000178921	PFAS	0	-0.714533848118929	0.3580118830581168	0.1399820498206346	0.4701383825810693
ebmd	annotated_credset_1454.txt	ENSG00000125434	SLC25A35	0	-0.6236047490227026	0.27249190089582	0.2131118391996107	0.4126353423468459
ebmd	annotated_credset_1454.txt	ENSG00000108961	RANGRF	0	-0.6506311093861353	0.3907663654368269	0.2677875272862217	0.4115839727732522
ebmd	annotated_credset_1454.txt	ENSG00000198844	ARHGEF15	0	-0.7241956023893313	0.2546948572327951	0.1206585412798297	0.3804382234432497
ebmd	annotated_credset_1454.txt	ENSG00000184650	ODF4	0	-0.743377377855061	0.3311249557336411	0.0822949903483704	0.33800672360869
ebmd	annotated_credset_1454.txt	ENSG00000198150	AC135178.1	0	-0.6913776352173108	0.324449457655129	0.186294475623871	0.3114374399294121
ebmd	annotated_credset_1454.txt	ENSG00000184619	KRBA2	0	-0.7153979261634545	0.1769080440171556	0.1382538937315832	0.296792749847093
ebmd	annotated_credset_1454.txt	ENSG00000263809	RP11-849F2.7	0	-0.6913776352173108	0.324449457655129	0.186294475623871	0.2967913174634778
ebmd	annotated_credset_1454.txt	ENSG00000161970	RPL26	0	-0.7845248730292462	0.1366551683433233	0.0	0.2840688861928246
ebmd	annotated_credset_1454.txt	ENSG00000189051	RNF222	0	-0.7581337479990936	0.382107209842215	0.0527822500603052	0.2651843406093646
ebmd	annotated_credset_1454.txt	ENSG00000166579	NDEL1	0	-0.6854307442367709	0.2861429901761473	0.1981882575849506	0.2330602732701461
ebmd	annotated_credset_1454.txt	ENSG00000133026	MYH10	0	-0.6172252484070124	0.3490300748921212	0.3316142486341161	0.1455788763523491
ebmd	annotated_credset_1477.txt	ENSG00000033627	ATP6V0A1	0	-0.5894316286619423	0.4850284087750314	0.3076966445547553	0.0856029240484448
ebmd	annotated_credset_1477.txt	ENSG00000108784	NAGLU	0	-0.4601383848015496	0.4760360029798637	0.5695318238343786	0.1171045980887747
ebmd	annotated_credset_1477.txt	ENSG00000108786	HSD17B1	0	-0.576120594780261	0.467335468161046	0.3375674038769558	0.132631845060572
ebmd	annotated_credset_1477.txt	ENSG00000068120	COASY	0	-0.4246186549960884	0.3427065612595483	0.2970509997462655	0.1485918469646937
ebmd	annotated_credset_1477.txt	ENSG00000108788	MLX	0	-0.4969250815427843	0.4384958359740707	0.4959584303519093	0.1586346464275006
ebmd	annotated_credset_1477.txt	ENSG00000131470	PSMC3IP	0	-0.6568922593949709	0.4179119828324271	0.1760240746475359	0.1652586819249452
ebmd	annotated_credset_1477.txt	ENSG00000141699	FAM134C	0	-0.5168950464794142	0.4489197994151462	0.4560185004786493	0.2125616810608778
ebmd	annotated_credset_1477.txt	ENSG00000131462	TUBG1	0	-0.5626937250765145	0.3093637768660284	0.3644211432844488	0.219213124370703
ebmd	annotated_credset_1477.txt	ENSG00000037042	TUBG2	0	-0.6137319591569095	0.4733674683389484	0.2623446751236589	0.2938950855583556
ebmd	annotated_credset_1477.txt	ENSG00000068137	PLEKHH3	0	-0.5179531765676229	0.5677251854075631	0.4434709506293804	0.308354870363753
ebmd	annotated_credset_1477.txt	ENSG00000184451	CCR10	0	-0.6981783014838762	0.1009299565251231	0.0934519904697256	0.3182894810934787
ebmd	annotated_credset_1477.txt	ENSG00000108797	CNTNAP1	0	-0.6191844138300469	0.2323376363454418	0.1331079758069863	0.3412211649573455
ebmd	annotated_credset_1477.txt	ENSG00000108799	EZH1	0	-0.5051408550198042	0.2481542635400336	0.4795268833978692	0.4064791662354151
ebmd	annotated_credset_1477.txt	ENSG00000131477	RAMP2	0	-0.5826408274605765	0.2166127400291315	0.2110882130448282	0.4324271519775826
ebmd	annotated_credset_1477.txt	ENSG00000131475	VPS25	0	-0.7341675357446747	0.1498396099491866	0.0214735219481283	0.4563123392090041
ebmd	annotated_credset_1477.txt	ENSG00000126562	WNK4	0	-0.4295256795362097	0.2332688437461779	0.3606946685615308	0.4813212467480278
ebmd	annotated_credset_1477.txt	ENSG00000183978	COA3	0	-0.6293487538147828	0.0216470974126332	0.2311110858079122	0.4838716158158592
ebmd	annotated_credset_1477.txt	ENSG00000176563	CNTD1	0	-0.5445797515024164	0.2142263473320213	0.0428046185011873	0.5024555551263076
ebmd	annotated_credset_1477.txt	ENSG00000126581	BECN1	0	-0.3410726476055892	0.5231384191156031	0.4712800746926691	0.5338475979171152
ebmd	annotated_credset_1477.txt	ENSG00000131467	PSME3	0	-0.4865652590424336	0.691561871087539	0.4174248977097883	0.5488598665194466
ebmd	annotated_credset_1477.txt	ENSG00000131480	AOC2	0	-0.5789113810883983	0.0	0.0	0.5588853557849606
ebmd	annotated_credset_1477.txt	ENSG00000131471	AOC3	0	-0.4671430818633657	0.1976995007616442	0.2750986692966227	0.5695931553271059
ebmd	annotated_credset_1477.txt	ENSG00000131482	G6PC	0	-0.5814097223541306	0.2475010284977261	0.2347148405245657	0.6492763210159868
ebmd	annotated_credset_1477.txt	ENSG00000108825	PTGES3L-AARSD1	0	-0.628720567739089	0.0890428855754583	0.2218059917422587	0.7461542826825549
ebmd	annotated_credset_1477.txt	ENSG00000266967	AARSD1	0	-0.6649279575114004	0.3341033167661807	0.1493912121976357	0.7230307441320242
ebmd	annotated_credset_1477.txt	ENSG00000267060	PTGES3L	0	-0.7237174605567552	0.417078065757141	0.0318122061069263	0.7461542826825549
ebmd	annotated_credset_1477.txt	ENSG00000198863	RUNDC1	0	-0.676150123098938	0.3490443310317221	0.1243935372496726	0.7651406840800647
ebmd	annotated_credset_1477.txt	ENSG00000131469	RPL27	0	-0.6920266283409711	0.2681126788752127	0.0926405267656066	0.7785113689724459
ebmd	annotated_credset_1477.txt	ENSG00000068079	IFI35	0	-0.3972114448867154	0.5921172598596797	0.2824677320530239	0.7950959804955556
ebmd	annotated_credset_1477.txt	ENSG00000108828	VAT1	0	-0.4468523323961202	0.331226302856444	0.3137902241545759	0.8104833033725681
ebmd	annotated_credset_1477.txt	ENSG00000108830	RND2	0	-0.5168309715176644	0.3751876313419394	0.1738329459114871	0.8204611895955264
ebmd	annotated_credset_1477.txt	ENSG00000012048	BRCA1	0	-0.4328919530579147	0.3632348199295062	0.4751343112306449	0.9552542533994712
ebmd	annotated_credset_1477.txt	ENSG00000188554	NBR1	0	0.1812365707162664	0.3853197238066647	0.7265360807638706	1.0
ebmd	annotated_credset_1477.txt	ENSG00000184988	TMEM106A	0	-0.3879464326442949	0.3772863226480759	0.3417201266855702	0.9403432900626484
ebmd	annotated_credset_1477.txt	ENSG00000175906	ARL4D	0	-0.4437752040201081	0.3408580450759977	0.5885917940245807	0.7780991383849297
ebmd	annotated_credset_1477.txt	ENSG00000067596	DHX8	0	-0.4324619311040596	0.3303089940736293	0.3469195432029303	0.6556208374384948
ebmd	annotated_credset_1477.txt	ENSG00000175832	ETV4	0	-0.1812365707162664	0.3362298053081601	0.8511569728103041	0.5921804068761873
ebmd	annotated_credset_1477.txt	ENSG00000005102	MEOX1	0	-0.3574246189214303	0.5545214983822009	0.7645280659217657	0.4298338365311518
ebmd	annotated_credset_1477.txt	ENSG00000167941	SOST	1	-0.1960430911408885	0.704279106485651	1.0	0.2663346955496925
ebmd	annotated_credset_1477.txt	ENSG00000108861	DUSP3	0	-0.5199443536277493	0.7101165260126534	0.3521974750262786	0.2484619168446972
ebmd	annotated_credset_1477.txt	ENSG00000231256	C17orf105	0	-0.626144384445892	1.0	0.1104206681659942	0.2278137365070618
ebmd	annotated_credset_1477.txt	ENSG00000161647	MPP3	0	-0.7206941295785394	0.5944105318167161	0.0379890446075475	0.1984383317008855
ebmd	annotated_credset_1477.txt	ENSG00000161649	CD300LG	0	-0.6509421987013309	0.6056823109509991	0.1774929063619645	0.1315791371732159
ebmd	annotated_credset_1477.txt	ENSG00000108852	MPP2	0	-0.6584056386222934	0.4948408330275637	0.1729973161928911	0.0908871908867581
ebmd	annotated_credset_1477.txt	ENSG00000267496	FAM215A	0	-0.7444417457254056	0.2503363465536987	0.0009251019866667	0.0305164353110714
ebmd	annotated_credset_1477.txt	ENSG00000261514	RP11-527L4.2	0	-0.6340013008476095	0.0890428855754583	0.2218059917422587	0.0
ebmd	annotated_credset_1478.txt	ENSG00000131482	G6PC	0	-0.6987408840219355	0.1428392447724168	0.2340062181552067	0.1522442251476435
ebmd	annotated_credset_1478.txt	ENSG00000108825	PTGES3L-AARSD1	0	-0.5915490556337334	0.0	0.2210854163134466	0.2542096323803476
ebmd	annotated_credset_1478.txt	ENSG00000266967	AARSD1	0	-0.7432190157195641	0.2209053209216082	0.1486035836814584	0.2298717852125779
ebmd	annotated_credset_1478.txt	ENSG00000267060	PTGES3L	0	-0.6929549842190238	0.2957014169913677	0.0309157042997264	0.2542096323803476
ebmd	annotated_credset_1478.txt	ENSG00000198863	RUNDC1	0	-0.6186725990543386	0.2343736296778881	0.1235827619215772	0.2741930849331976
ebmd	annotated_credset_1478.txt	ENSG00000131469	RPL27	0	-0.7042950407869745	0.1614192465264292	0.0918003494646062	0.2882659174595893
ebmd	annotated_credset_1478.txt	ENSG00000068079	IFI35	0	-0.5350705105429004	0.4534873523184284	0.2818033268839067	0.3057214526366228
ebmd	annotated_credset_1478.txt	ENSG00000108828	VAT1	0	-0.5193947628267698	0.2183118884448175	0.3131548223161681	0.3219168247974837
ebmd	annotated_credset_1478.txt	ENSG00000108830	RND2	0	-0.5894381992705212	0.2579400378365511	0.1730679494286651	0.3324186893551545
ebmd	annotated_credset_1478.txt	ENSG00000012048	BRCA1	0	-0.5801966538922619	0.2471653908315271	0.4746483073360626	0.4742902709457913
ebmd	annotated_credset_1478.txt	ENSG00000188554	NBR1	0	-0.2799090698684666	0.2670734304722051	0.7262828644980329	0.6051771785340067
ebmd	annotated_credset_1478.txt	ENSG00000184988	TMEM106A	0	-0.4878242120613251	0.2598318653920844	0.341110586780407	0.6178592769365258
ebmd	annotated_credset_1478.txt	ENSG00000175906	ARL4D	0	-0.3013043973201438	0.2269942493453775	0.5882108470611092	0.7794698698202488
ebmd	annotated_credset_1478.txt	ENSG00000067596	DHX8	0	-0.375647540229736	0.2174849969304784	0.3463148177421689	0.9970772486828666
ebmd	annotated_credset_1478.txt	ENSG00000175832	ETV4	0	0.0413835573005961	0.2228222057957578	0.8510191503302994	1.0
ebmd	annotated_credset_1478.txt	ENSG00000005102	MEOX1	0	-0.1451892824189199	0.4195973288898355	0.7643100286610425	0.857282826827532
ebmd	annotated_credset_1478.txt	ENSG00000167941	SOST	1	-0.0703722937663479	0.5545936329353396	1.0	0.6851976982226334
ebmd	annotated_credset_1478.txt	ENSG00000108861	DUSP3	0	-0.5348569407958642	0.55985566984477	0.3515976367118412	0.6663863491016935
ebmd	annotated_credset_1478.txt	ENSG00000231256	C17orf105	0	-0.7032408287111561	0.821165917035218	0.1095969545397048	0.6446538510131435
ebmd	annotated_credset_1478.txt	ENSG00000161647	MPP3	0	-0.7916977639819668	0.455554581104276	0.0370982622970336	0.6137358273247803
ebmd	annotated_credset_1478.txt	ENSG00000161649	CD300LG	0	-0.7194171896899836	0.4657153238031998	0.176731298850971	0.5433655916180454
ebmd	annotated_credset_1478.txt	ENSG00000108852	MPP2	0	-0.7297786622471766	0.3657992658205645	0.1722315459515508	0.5005367500238086
ebmd	annotated_credset_1478.txt	ENSG00000267496	FAM215A	0	-0.8175208075602932	0.145395091271283	0.0	0.4369956869035136
ebmd	annotated_credset_1478.txt	ENSG00000261514	RP11-527L4.2	0	-0.7069780994035698	0.0	0.2210854163134466	0.4048767126780508
ebmd	annotated_credset_1478.txt	ENSG00000108849	PPY	0	-0.7559031888909399	0.1758773193680544	0.1232352373387068	0.4011706187955476
ebmd	annotated_credset_1478.txt	ENSG00000131096	PYY	0	-0.3711147506969919	0.696054725183858	0.7896565007810457	0.3830516001991556
ebmd	annotated_credset_1478.txt	ENSG00000161653	NAGS	0	-0.6260882821936921	0.7959081398699525	0.2707572969795402	0.3043931356908703
ebmd	annotated_credset_1478.txt	ENSG00000091947	TMEM101	0	-0.5733515060469233	0.9679516894897078	0.3762308492730776	0.2943087950241
ebmd	annotated_credset_1478.txt	ENSG00000161654	LSM12	0	-0.4238788250001827	0.9290126163599232	0.4545131406878478	0.2587099489515675
ebmd	annotated_credset_1478.txt	ENSG00000141349	G6PC3	0	-0.0413835573005961	0.7749476928473883	0.602508818298935	0.2039004490915245
ebmd	annotated_credset_1478.txt	ENSG00000108840	HDAC5	0	-0.2914934848424674	0.7654259117731811	0.9399468916819896	0.1947741359707844
ebmd	annotated_credset_1478.txt	ENSG00000125319	C17orf53	0	-0.6790938390508564	0.9178996955535788	0.1647461832652115	0.0958437478577541
ebmd	annotated_credset_1478.txt	ENSG00000161664	ASB16	0	-0.6505578665083721	0.9505994963478958	0.2218181283501799	0.0525108410570482
ebmd	annotated_credset_1478.txt	ENSG00000168591	TMUB2	0	-0.5530872864029431	0.9738652166831628	0.4167592885610383	0.0274244874230458
ebmd	annotated_credset_1478.txt	ENSG00000087152	ATXN7L3	0	-0.4811958039213607	1.0	0.5335947552026696	0.0200836582866661
ebmd	annotated_credset_1478.txt	ENSG00000108312	UBTF	0	-0.4416310279009411	0.8465615094528735	0.6337156326219268	0.0
ebmd	annotated_credset_1479.txt	ENSG00000012048	BRCA1	0	-0.5717555806626403	0.2471653908315271	0.5170526342442109	0.0411110172118535
ebmd	annotated_credset_1479.txt	ENSG00000188554	NBR1	0	-0.3319122700254165	0.2670734304722051	0.7483762374827699	0.1824084433368993
ebmd	annotated_credset_1479.txt	ENSG00000184988	TMEM106A	0	-0.739775280654586	0.2598318653920844	0.3942935544278613	0.1960992539394246
ebmd	annotated_credset_1479.txt	ENSG00000175906	ARL4D	0	-0.4052139480881965	0.2269942493453775	0.6214488514347244	0.3705640742165956
ebmd	annotated_credset_1479.txt	ENSG00000067596	DHX8	0	-0.5375008692131292	0.2174849969304784	0.3990777202902056	0.605479568101134
ebmd	annotated_credset_1479.txt	ENSG00000175832	ETV4	0	-0.3187206042995837	0.2228222057957578	0.8630442998456904	0.6631029164015032
ebmd	annotated_credset_1479.txt	ENSG00000005102	MEOX1	0	-0.3790832099991755	0.4195973288898355	0.7833339981907694	0.798050743547238
ebmd	annotated_credset_1479.txt	ENSG00000167941	SOST	1	0.1477814471706985	0.5545936329353396	1.0	0.9567644935633928
ebmd	annotated_credset_1479.txt	ENSG00000108861	DUSP3	0	-0.4590834175673851	0.55985566984477	0.4039341308448776	0.9898728826656328
ebmd	annotated_credset_1479.txt	ENSG00000231256	C17orf105	0	-0.431394633055805	0.821165917035218	0.1814667940147663	1.0
ebmd	annotated_credset_1479.txt	ENSG00000161647	MPP3	0	-0.7767989343554115	0.455554581104276	0.1148199116914324	0.974378252249765
ebmd	annotated_credset_1479.txt	ENSG00000161649	CD300LG	0	-0.5494692090643488	0.4657153238031998	0.2431823175195292	0.8984108895517586
ebmd	annotated_credset_1479.txt	ENSG00000108852	MPP2	0	-0.4527007047221757	0.3657992658205645	0.2390457670150329	0.8521755158792292
ebmd	annotated_credset_1479.txt	ENSG00000267496	FAM215A	0	-0.5423392786415092	0.145395091271283	0.0807160755362289	0.7835805063585434
ebmd	annotated_credset_1479.txt	ENSG00000261514	RP11-527L4.2	0	-0.628153936584959	0.0	0.2839563446865608	0.7489068444051825
ebmd	annotated_credset_1479.txt	ENSG00000108849	PPY	0	-0.6988565416316036	0.1758773193680544	0.1940042481491797	0.7449059742171346
ebmd	annotated_credset_1479.txt	ENSG00000131096	PYY	0	-0.1477814471706985	0.696054725183858	0.8066346025525575	0.7253458001801972
ebmd	annotated_credset_1479.txt	ENSG00000161653	NAGS	0	-0.3526142208292538	0.7959081398699525	0.3296189060807835	0.6404309772787685
ebmd	annotated_credset_1479.txt	ENSG00000091947	TMEM101	0	-0.3616005380382033	0.9679516894897078	0.4265790471603214	0.6295445455749528
ebmd	annotated_credset_1479.txt	ENSG00000161654	LSM12	0	-0.3788453021608652	0.9290126163599232	0.4985426992281079	0.591114228778902
ebmd	annotated_credset_1479.txt	ENSG00000141349	G6PC3	0	-0.3226719468597167	0.7749476928473883	0.6345927465461032	0.5319452759773737
ebmd	annotated_credset_1479.txt	ENSG00000108840	HDAC5	0	-0.3246009966411342	0.7654259117731811	0.9447941429091716	0.5220930716757121
ebmd	annotated_credset_1479.txt	ENSG00000125319	C17orf53	0	-0.6790581330222999	0.9178996955535788	0.2321645934287003	0.4152939313835352
ebmd	annotated_credset_1479.txt	ENSG00000161664	ASB16	0	-0.4561938021968857	0.9505994963478958	0.2846299150831908	0.3685144000287315
ebmd	annotated_credset_1479.txt	ENSG00000168591	TMUB2	0	-0.4296702603636023	0.9738652166831628	0.4638361898813495	0.3414327211605971
ebmd	annotated_credset_1479.txt	ENSG00000087152	ATXN7L3	0	-0.5857851867335458	1.0	0.5712411561722244	0.3335080151551846
ebmd	annotated_credset_1479.txt	ENSG00000108312	UBTF	0	-0.4509711987613854	0.8465615094528735	0.6632806692869552	0.3118269373807077
ebmd	annotated_credset_1479.txt	ENSG00000004939	SLC4A1	0	-0.6185132513647681	0.7173910319856672	0.2241094497460835	0.2407717450856425
ebmd	annotated_credset_1479.txt	ENSG00000214921	AC003102.1	0	-0.7949438855252361	0.0	0.2839563446865608	0.2407635499398252
ebmd	annotated_credset_1479.txt	ENSG00000268413	AC003043.1	0	-0.7949438855252361	0.0	0.2839563446865608	0.2251288507494158
ebmd	annotated_credset_1479.txt	ENSG00000108309	RUNDC3A	0	-0.9369220578685166	0.341443552125487	0.0	0.142384102460431
ebmd	annotated_credset_1479.txt	ENSG00000013306	SLC25A39	0	-0.5354533710649508	0.3729030156482955	0.377637609927627	0.1240073074795242
ebmd	annotated_credset_1479.txt	ENSG00000030582	GRN	0	-0.7465617401324071	0.4083215355124848	0.3807206354722192	0.0820137412820739
ebmd	annotated_credset_1479.txt	ENSG00000161682	FAM171A2	0	-0.8348640898304925	0.4342683889396996	0.1467472999447614	0.0689523178783238
ebmd	annotated_credset_1479.txt	ENSG00000005961	ITGA2B	0	-0.6043879279254608	0.4872520891539396	0.3867108732970614	0.037868129792978
ebmd	annotated_credset_1479.txt	ENSG00000186566	GPATCH8	0	-0.5748580946576919	0.408484408083491	0.7241279264216495	0.0
ebmd	annotated_credset_1480.txt	ENSG00000108825	PTGES3L-AARSD1	0	-0.629136782546731	0.0	0.2839563446865608	0.0228149328930701
ebmd	annotated_credset_1480.txt	ENSG00000266967	AARSD1	0	-0.6624524743238612	0.2209053209216082	0.2173249611323005	0.0
ebmd	annotated_credset_1480.txt	ENSG00000267060	PTGES3L	0	-0.71654676213379	0.2957014169913677	0.109136385512443	0.0228149328930701
ebmd	annotated_credset_1480.txt	ENSG00000198863	RUNDC1	0	-0.6739530939342272	0.2343736296778881	0.1943237219115684	0.0415479426708985
ebmd	annotated_credset_1480.txt	ENSG00000131469	RPL27	0	-0.6885616243604126	0.1614192465264292	0.1651066610591979	0.0547401830318384
ebmd	annotated_credset_1480.txt	ENSG00000068079	IFI35	0	-0.6012282829895047	0.4534873523184284	0.3397733438010137	0.0711034571099187
ebmd	annotated_credset_1480.txt	ENSG00000108828	VAT1	0	-0.5868178201101161	0.2183118884448175	0.3685942695597909	0.0862854214998363
ebmd	annotated_credset_1480.txt	ENSG00000108830	RND2	0	-0.6512076252470566	0.2579400378365511	0.2398146592859097	0.0961301433227537
ebmd	annotated_credset_1480.txt	ENSG00000012048	BRCA1	0	-0.512588637767906	0.2471653908315271	0.5170526342442109	0.2291242652396066
ebmd	annotated_credset_1480.txt	ENSG00000188554	NBR1	0	-0.3969268361486265	0.2670734304722051	0.7483762374827699	0.3518210671638604
ebmd	annotated_credset_1480.txt	ENSG00000184988	TMEM106A	0	-0.5739681776760809	0.2598318653920844	0.3942935544278613	0.3637095970737678
ebmd	annotated_credset_1480.txt	ENSG00000175906	ARL4D	0	-0.4603905291726492	0.2269942493453775	0.6214488514347244	0.5152075831542392
ebmd	annotated_credset_1480.txt	ENSG00000067596	DHX8	0	-0.564606285212743	0.2174849969304784	0.3990777202902056	0.7191984173296708
ebmd	annotated_credset_1480.txt	ENSG00000175832	ETV4	0	-0.0746627951252473	0.2228222057957578	0.8630442998456904	0.769236133843811
ebmd	annotated_credset_1480.txt	ENSG00000005102	MEOX1	0	-0.1853934714272561	0.4195973288898355	0.7833339981907694	0.8864192083801825
ebmd	annotated_credset_1480.txt	ENSG00000167941	SOST	1	0.0746627951252473	0.5545936329353396	1.0	1.0
ebmd	annotated_credset_1480.txt	ENSG00000108861	DUSP3	0	-0.5233161495650763	0.55985566984477	0.4039341308448776	0.9823657505586314
ebmd	annotated_credset_1480.txt	ENSG00000231256	C17orf105	0	-0.0781543468840931	0.821165917035218	0.1814667940147663	0.9619931398642204
ebmd	annotated_credset_1480.txt	ENSG00000161647	MPP3	0	-0.4818847733286581	0.455554581104276	0.1148199116914324	0.9330097778283828
ebmd	annotated_credset_1480.txt	ENSG00000161649	CD300LG	0	-0.6410641685019204	0.4657153238031998	0.2431823175195292	0.867042882964945
ebmd	annotated_credset_1480.txt	ENSG00000108852	MPP2	0	-0.6431324437541687	0.3657992658205645	0.2390457670150329	0.8268940094789428
ebmd	annotated_credset_1480.txt	ENSG00000267496	FAM215A	0	-0.7222972894935705	0.145395091271283	0.0807160755362289	0.7673289591665362
ebmd	annotated_credset_1480.txt	ENSG00000261514	RP11-527L4.2	0	-0.6183939990002832	0.0	0.2839563446865608	0.7372197947652325
ebmd	annotated_credset_1480.txt	ENSG00000108849	PPY	0	-0.667143021283256	0.1758773193680544	0.1940042481491797	0.7337456056702865
ebmd	annotated_credset_1480.txt	ENSG00000131096	PYY	0	-0.317992370067285	0.696054725183858	0.8066346025525575	0.7167603649250651
ebmd	annotated_credset_1480.txt	ENSG00000161653	NAGS	0	-0.5545532921862285	0.7959081398699525	0.3296189060807835	0.6430238681487597
ebmd	annotated_credset_1480.txt	ENSG00000091947	TMEM101	0	-0.5060732216464597	0.9679516894897078	0.4265790471603214	0.6335705441140889
ebmd	annotated_credset_1480.txt	ENSG00000161654	LSM12	0	-0.4700913956125664	0.9290126163599232	0.4985426992281079	0.6001992570558347
ebmd	annotated_credset_1480.txt	ENSG00000141349	G6PC3	0	-0.4023467522025922	0.7749476928473883	0.6345927465461032	0.5488194019441796
ebmd	annotated_credset_1480.txt	ENSG00000108840	HDAC5	0	-0.247246054021058	0.7654259117731811	0.9447941429091716	0.5402641579254494
ebmd	annotated_credset_1480.txt	ENSG00000125319	C17orf53	0	-0.6042969461242697	0.9178996955535788	0.2321645934287003	0.4475242310812541
ebmd	annotated_credset_1480.txt	ENSG00000161664	ASB16	0	-0.4899385795780303	0.9505994963478958	0.2846299150831908	0.4069028337199869
ebmd	annotated_credset_1480.txt	ENSG00000168591	TMUB2	0	-0.4884611478979451	0.9738652166831628	0.4638361898813495	0.3833862313374418
ebmd	annotated_credset_1480.txt	ENSG00000087152	ATXN7L3	0	-0.4246135965838676	1.0	0.5712411561722244	0.3765047465877229
ebmd	annotated_credset_1480.txt	ENSG00000108312	UBTF	0	-0.3887389081951423	0.8465615094528735	0.6632806692869552	0.3576778013407153
ebmd	annotated_credset_1480.txt	ENSG00000004939	SLC4A1	0	-0.6122510335448018	0.7173910319856672	0.2241094497460835	0.2959764307368241
ebmd	annotated_credset_1480.txt	ENSG00000214921	AC003102.1	0	-0.629136782546731	0.0	0.2839563446865608	0.2959693144134014
ebmd	annotated_credset_1480.txt	ENSG00000268413	AC003043.1	0	-0.629136782546731	0.0	0.2839563446865608	0.2823927925876375
ebmd	annotated_credset_1480.txt	ENSG00000108309	RUNDC3A	0	-0.7711149548900115	0.341443552125487	0.0	0.2105406982536542
ebmd	annotated_credset_1480.txt	ENSG00000013306	SLC25A39	0	-0.5822961499261979	0.3729030156482955	0.377637609927627	0.1945830546106659
ebmd	annotated_credset_1480.txt	ENSG00000030582	GRN	0	-0.5223909014780902	0.4083215355124848	0.3807206354722192	0.1581175901282361
ebmd	annotated_credset_1480.txt	ENSG00000161682	FAM171A2	0	-0.6977413049176308	0.4342683889396996	0.1467472999447614	0.1467755938571896
ebmd	annotated_credset_1480.txt	ENSG00000005961	ITGA2B	0	-0.5777595182414809	0.4872520891539396	0.3867108732970614	0.119783379115014
ebmd	annotated_credset_1480.txt	ENSG00000186566	GPATCH8	0	-0.4074948336133909	0.408484408083491	0.7241279264216495	0.0869002718435547
ebmd	annotated_credset_1481.txt	ENSG00000108825	PTGES3L-AARSD1	0	-0.8255621608693323	0.0	0.2839563446865608	0.0225458142387895
ebmd	annotated_credset_1481.txt	ENSG00000266967	AARSD1	0	-0.8588778526464625	0.2209053209216082	0.2173249611323005	0.0
ebmd	annotated_credset_1481.txt	ENSG00000267060	PTGES3L	0	-0.9129721404563912	0.2957014169913677	0.109136385512443	0.0225458142387895
ebmd	annotated_credset_1481.txt	ENSG00000198863	RUNDC1	0	-0.8703784722568285	0.2343736296778881	0.1943237219115684	0.0410578546012941
ebmd	annotated_credset_1481.txt	ENSG00000131469	RPL27	0	-0.6261942446950378	0.1614192465264292	0.1651066610591979	0.0540944829343783
ebmd	annotated_credset_1481.txt	ENSG00000068079	IFI35	0	-0.7976536613121059	0.4534873523184284	0.3397733438010137	0.0702647403456923
ebmd	annotated_credset_1481.txt	ENSG00000108828	VAT1	0	-0.7832431984327174	0.2183118884448175	0.3685942695597909	0.0852676224720284
ebmd	annotated_credset_1481.txt	ENSG00000108830	RND2	0	-0.8476330035696579	0.2579400378365511	0.2398146592859097	0.0949962186722597
ebmd	annotated_credset_1481.txt	ENSG00000012048	BRCA1	0	-0.5716539201127241	0.2471653908315271	0.5170526342442109	0.226421578617064
ebmd	annotated_credset_1481.txt	ENSG00000188554	NBR1	0	-0.5933522144712279	0.2670734304722051	0.7483762374827699	0.3476710829151033
ebmd	annotated_credset_1481.txt	ENSG00000184988	TMEM106A	0	-0.7703935559986821	0.2598318653920844	0.3942935544278613	0.359419379005971
ebmd	annotated_credset_1481.txt	ENSG00000175906	ARL4D	0	-0.4822223992516897	0.2269942493453775	0.6214488514347244	0.5091303366375189
ebmd	annotated_credset_1481.txt	ENSG00000067596	DHX8	0	-0.5775708318931935	0.2174849969304784	0.3990777202902056	0.7107149512094935
ebmd	annotated_credset_1481.txt	ENSG00000175832	ETV4	0	-0.2309220338451875	0.2228222057957578	0.8630442998456904	0.7601624366239117
ebmd	annotated_credset_1481.txt	ENSG00000005102	MEOX1	0	-0.3770540544465127	0.4195973288898355	0.7833339981907694	0.8759632519412229
ebmd	annotated_credset_1481.txt	ENSG00000167941	SOST	1	0.2309220338451875	0.5545936329353396	1.0	1.0
ebmd	annotated_credset_1481.txt	ENSG00000108861	DUSP3	0	-0.4169071958983893	0.55985566984477	0.4039341308448776	0.9825737593001496
ebmd	annotated_credset_1481.txt	ENSG00000231256	C17orf105	0	-0.2553170537360524	0.821165917035218	0.1814667940147663	0.9624414583011456
ebmd	annotated_credset_1481.txt	ENSG00000161647	MPP3	0	-0.6825178819445333	0.455554581104276	0.1148199116914324	0.9337999760080258
ebmd	annotated_credset_1481.txt	ENSG00000161649	CD300LG	0	-0.6664525881300637	0.4657153238031998	0.2431823175195292	0.8686112084376167
ebmd	annotated_credset_1481.txt	ENSG00000108852	MPP2	0	-0.5940962985439026	0.3657992658205645	0.2390457670150329	0.8289359199870856
ebmd	annotated_credset_1481.txt	ENSG00000267496	FAM215A	0	-0.9196295524864294	0.145395091271283	0.0807160755362289	0.7700734825755085
ebmd	annotated_credset_1481.txt	ENSG00000261514	RP11-527L4.2	0	-0.8159709390599451	0.0	0.2839563446865608	0.7403194775710423
ebmd	annotated_credset_1481.txt	ENSG00000108849	PPY	0	-0.8643155438281169	0.1758773193680544	0.1940042481491797	0.7368862690522098
ebmd	annotated_credset_1481.txt	ENSG00000131096	PYY	0	-0.3079367684704527	0.696054725183858	0.8066346025525575	0.7201013815209737
ebmd	annotated_credset_1481.txt	ENSG00000161653	NAGS	0	-0.6088881115030925	0.7959081398699525	0.3296189060807835	0.6472346601184029
ebmd	annotated_credset_1481.txt	ENSG00000091947	TMEM101	0	-0.5902066082583982	0.9679516894897078	0.4265790471603214	0.637892844886086
ebmd	annotated_credset_1481.txt	ENSG00000161654	LSM12	0	-0.5008230140169548	0.9290126163599232	0.4985426992281079	0.6049151963235845
ebmd	annotated_credset_1481.txt	ENSG00000141349	G6PC3	0	-0.4330896954894879	0.7749476928473883	0.6345927465461032	0.5541414038082817
ebmd	annotated_credset_1481.txt	ENSG00000108840	HDAC5	0	-0.3196597965633249	0.7654259117731811	0.9447941429091716	0.5456870750877973
ebmd	annotated_credset_1481.txt	ENSG00000125319	C17orf53	0	-0.7339916463653585	0.9178996955535788	0.2321645934287003	0.4540410828357994
ebmd	annotated_credset_1481.txt	ENSG00000161664	ASB16	0	-0.695107542056668	0.9505994963478958	0.2846299150831908	0.4138988442712771
ebmd	annotated_credset_1481.txt	ENSG00000168591	TMUB2	0	-0.6917873135740621	0.9738652166831628	0.4638361898813495	0.3906596372427356
ebmd	annotated_credset_1481.txt	ENSG00000087152	ATXN7L3	0	-0.6290405408396965	1.0	0.5712411561722244	0.3838593245886778
ebmd	annotated_credset_1481.txt	ENSG00000108312	UBTF	0	-0.5920650738712593	0.8465615094528735	0.6632806692869552	0.3652544567938738
ebmd	annotated_credset_1481.txt	ENSG00000004939	SLC4A1	0	-0.7352633974554769	0.7173910319856672	0.2241094497460835	0.3042808985356078
ebmd	annotated_credset_1481.txt	ENSG00000214921	AC003102.1	0	-0.8255621608693323	0.0	0.2839563446865608	0.3042738661543729
ebmd	annotated_credset_1481.txt	ENSG00000268413	AC003043.1	0	-0.8255621608693323	0.0	0.2839563446865608	0.2908574892346092
ebmd	annotated_credset_1481.txt	ENSG00000108309	RUNDC3A	0	-0.9154328798663603	0.341443552125487	0.0	0.2198529423830152
ebmd	annotated_credset_1481.txt	ENSG00000013306	SLC25A39	0	-0.5360377599763994	0.3729030156482955	0.377637609927627	0.2040835307020852
ebmd	annotated_credset_1481.txt	ENSG00000030582	GRN	0	-0.7265746587832355	0.4083215355124848	0.3807206354722192	0.1680482027786899
ebmd	annotated_credset_1481.txt	ENSG00000161682	FAM171A2	0	-0.8941666832402321	0.4342683889396996	0.1467472999447614	0.1568399935666553
ebmd	annotated_credset_1481.txt	ENSG00000005961	ITGA2B	0	-0.7741848965640821	0.4872520891539396	0.3867108732970614	0.1301661715430344
ebmd	annotated_credset_1481.txt	ENSG00000186566	GPATCH8	0	-0.5243031288633299	0.408484408083491	0.7241279264216495	0.0976709443332406
ebmd	annotated_credset_1482.txt	ENSG00000012048	BRCA1	0	-0.5765606512538443	0.2471653908315271	0.4300888752350929	0.0
ebmd	annotated_credset_1482.txt	ENSG00000188554	NBR1	0	-0.4803521593682672	0.2670734304722051	0.622505859006247	0.1242828823872601
ebmd	annotated_credset_1482.txt	ENSG00000184988	TMEM106A	0	-0.6276166860425306	0.2598318653920844	0.3279768056577201	0.1363250932792978
ebmd	annotated_credset_1482.txt	ENSG00000175906	ARL4D	0	-0.4858499359480083	0.2269942493453775	0.5169265560756469	0.2897814677785266
ebmd	annotated_credset_1482.txt	ENSG00000067596	DHX8	0	-0.6256269306690941	0.2174849969304784	0.331956316404593	0.496409256394855
ebmd	annotated_credset_1482.txt	ENSG00000175832	ETV4	0	-0.3267004275582236	0.2228222057957578	0.7178877499410927	0.5470938018673043
ebmd	annotated_credset_1482.txt	ENSG00000005102	MEOX1	0	-0.3591977698215783	0.4195973288898355	0.6515840282058257	0.6657916818607234
ebmd	annotated_credset_1482.txt	ENSG00000167941	SOST	1	-0.3030597279643624	0.5545936329353396	0.8318086917084658	0.80539367509903
ebmd	annotated_credset_1482.txt	ENSG00000108861	DUSP3	0	-0.3612216408576961	0.55985566984477	0.3359959209144739	0.8345152673436321
ebmd	annotated_credset_1482.txt	ENSG00000231256	C17orf105	0	-0.4949806702651244	0.821165917035218	0.1509456565179524	0.8469481689039019
ebmd	annotated_credset_1482.txt	ENSG00000161647	MPP3	0	-0.551651460391009	0.455554581104276	0.0955082005261319	0.9126274510563565
ebmd	annotated_credset_1482.txt	ENSG00000161649	CD300LG	0	-0.0961260891268919	0.4657153238031998	0.2022811653825523	0.956539063837462
ebmd	annotated_credset_1482.txt	ENSG00000108852	MPP2	0	0.0961260891268919	0.3657992658205645	0.1988403467192213	1.0
ebmd	annotated_credset_1482.txt	ENSG00000267496	FAM215A	0	-0.7128051296806649	0.145395091271283	0.0671403331916323	0.9662180752282048
ebmd	annotated_credset_1482.txt	ENSG00000261514	RP11-527L4.2	0	-0.5576733074265987	0.0	0.2361973555760463	0.9357196948354048
ebmd	annotated_credset_1482.txt	ENSG00000108849	PPY	0	-0.5588146932982773	0.1758773193680544	0.1613744198388537	0.9322005954953516
ebmd	annotated_credset_1482.txt	ENSG00000131096	PYY	0	-0.1038604704608751	0.696054725183858	0.6709656734360212	0.914995789463318
ebmd	annotated_credset_1482.txt	ENSG00000161653	NAGS	0	-0.3517313065015109	0.7959081398699525	0.2741798710294322	0.8403061136708257
ebmd	annotated_credset_1482.txt	ENSG00000091947	TMEM101	0	-0.3837572141868161	0.9679516894897078	0.3548321591286709	0.8307305881416848
ebmd	annotated_credset_1482.txt	ENSG00000161654	LSM12	0	-0.3627132578053312	0.9290126163599232	0.4146921504057396	0.7969279161932104
ebmd	annotated_credset_1482.txt	ENSG00000141349	G6PC3	0	-0.3155099712622092	0.7749476928473883	0.5278597622721961	0.7448838825283521
ebmd	annotated_credset_1482.txt	ENSG00000108840	HDAC5	0	-0.357366047323134	0.7654259117731811	0.7858879799470992	0.7362180463411094
ebmd	annotated_credset_1482.txt	ENSG00000125319	C17orf53	0	-0.6543903781003296	0.9178996955535788	0.193116526720955	0.6422792864075317
ebmd	annotated_credset_1482.txt	ENSG00000161664	ASB16	0	-0.4661876888568629	0.9505994963478958	0.2367576372864407	0.6011327832266808
ebmd	annotated_credset_1482.txt	ENSG00000168591	TMUB2	0	-0.3824233933765036	0.9738652166831628	0.3858229742722449	0.5773121857683858
ebmd	annotated_credset_1482.txt	ENSG00000087152	ATXN7L3	0	-0.504053915145762	1.0	0.4751633587656493	0.5703417452484526
ebmd	annotated_credset_1482.txt	ENSG00000108312	UBTF	0	-0.411828978687781	0.8465615094528735	0.5517226257550978	0.5512714273171855
ebmd	annotated_credset_1482.txt	ENSG00000004939	SLC4A1	0	-0.5289912959987486	0.7173910319856672	0.1864161881927939	0.4887724537039187
ebmd	annotated_credset_1482.txt	ENSG00000214921	AC003102.1	0	-0.6598089060861141	0.0	0.2361973555760463	0.4887652453890067
ebmd	annotated_credset_1482.txt	ENSG00000268413	AC003043.1	0	-0.6735064110833675	0.0	0.2361973555760463	0.4750132221998354
ebmd	annotated_credset_1482.txt	ENSG00000108309	RUNDC3A	0	-0.722580883663566	0.341443552125487	0.0	0.4022323081960487
ebmd	annotated_credset_1482.txt	ENSG00000013306	SLC25A39	0	-0.3687328204388514	0.3729030156482955	0.3141222462538113	0.3860683828373122
ebmd	annotated_credset_1482.txt	ENSG00000030582	GRN	0	-0.5859698471365504	0.4083215355124848	0.3166867336985624	0.349131535565087
ebmd	annotated_credset_1482.txt	ENSG00000161682	FAM171A2	0	-0.7305722490819898	0.4342683889396996	0.1220656795788018	0.3376429232582932
ebmd	annotated_credset_1482.txt	ENSG00000005961	ITGA2B	0	-0.5073973244618463	0.4872520891539396	0.321669465586667	0.3103017847969627
ebmd	annotated_credset_1482.txt	ENSG00000186566	GPATCH8	0	-0.4431452624326534	0.408484408083491	0.6023359031063564	0.2769936032514534
ebmd	annotated_credset_1482.txt	ENSG00000180340	FZD2	0	-0.290371570747764	0.1511833318716564	1.0	0.0430506261074777
ebmd	annotated_credset_1483.txt	ENSG00000188554	NBR1	0	-0.542320866788074	0.2670734304722051	0.622505859006247	0.0
ebmd	annotated_credset_1483.txt	ENSG00000184988	TMEM106A	0	-0.6895853934623374	0.2598318653920844	0.3279768056577201	0.0116473811533619
ebmd	annotated_credset_1483.txt	ENSG00000175906	ARL4D	0	-0.5951105182533741	0.2269942493453775	0.5169265560756469	0.1600723589443908
ebmd	annotated_credset_1483.txt	ENSG00000067596	DHX8	0	-0.6875956380889009	0.2174849969304784	0.331956316404593	0.3599254118818697
ebmd	annotated_credset_1483.txt	ENSG00000175832	ETV4	0	-0.4946299213206512	0.2228222057957578	0.7178877499410927	0.4089481557114816
ebmd	annotated_credset_1483.txt	ENSG00000005102	MEOX1	0	-0.4691254473112703	0.4195973288898355	0.6515840282058257	0.523754270865427
ebmd	annotated_credset_1483.txt	ENSG00000167941	SOST	1	-0.4306434933294206	0.5545936329353396	0.8318086917084658	0.6587791130304761
ebmd	annotated_credset_1483.txt	ENSG00000108861	DUSP3	0	-0.6747322608331975	0.55985566984477	0.3359959209144739	0.686945891349393
ebmd	annotated_credset_1483.txt	ENSG00000231256	C17orf105	0	-0.7320968514970344	0.821165917035218	0.1509456565179524	0.6989711535386176
ebmd	annotated_credset_1483.txt	ENSG00000161647	MPP3	0	-0.6740287004302921	0.455554581104276	0.0955082005261319	0.7624969994125391
ebmd	annotated_credset_1483.txt	ENSG00000161649	CD300LG	0	-0.7466529339635383	0.4657153238031998	0.2022811653825523	0.8049688756905533
ebmd	annotated_credset_1483.txt	ENSG00000108852	MPP2	0	-0.4860794680777659	0.3657992658205645	0.1988403467192213	0.8692100461821779
ebmd	annotated_credset_1483.txt	ENSG00000267496	FAM215A	0	-0.717602373134102	0.145395091271283	0.0671403331916323	0.880724959813743
ebmd	annotated_credset_1483.txt	ENSG00000261514	RP11-527L4.2	0	-0.5498389557453008	0.0	0.2361973555760463	0.9100086485006526
ebmd	annotated_credset_1483.txt	ENSG00000108849	PPY	0	-0.568736863318792	0.1758773193680544	0.1613744198388537	0.9149015804373396
ebmd	annotated_credset_1483.txt	ENSG00000131096	PYY	0	0.1891819276567327	0.696054725183858	0.6709656734360212	1.0
ebmd	annotated_credset_1483.txt	ENSG00000161653	NAGS	0	-0.1983514125800701	0.7959081398699525	0.2741798710294322	0.9985371688457436
ebmd	annotated_credset_1483.txt	ENSG00000091947	TMEM101	0	-0.1891819276567327	0.9679516894897078	0.3548321591286709	0.9892755974796918
ebmd	annotated_credset_1483.txt	ENSG00000161654	LSM12	0	-0.3153711594275611	0.9290126163599232	0.4146921504057396	0.956581218705254
ebmd	annotated_credset_1483.txt	ENSG00000141349	G6PC3	0	-0.3254761295105682	0.7749476928473883	0.5278597622721961	0.9062435604224374
ebmd	annotated_credset_1483.txt	ENSG00000108840	HDAC5	0	-0.4104486558812464	0.7654259117731811	0.7858879799470992	0.8978618522801102
ebmd	annotated_credset_1483.txt	ENSG00000125319	C17orf53	0	-0.6571260161002755	0.9178996955535788	0.193116526720955	0.8070030762771091
ebmd	annotated_credset_1483.txt	ENSG00000161664	ASB16	0	-0.2759482230016757	0.9505994963478958	0.2367576372864407	0.7672056495444257
ebmd	annotated_credset_1483.txt	ENSG00000168591	TMUB2	0	-0.3349085011335296	0.9738652166831628	0.3858229742722449	0.7441660615165315
ebmd	annotated_credset_1483.txt	ENSG00000087152	ATXN7L3	0	-0.3826228856843127	1.0	0.4751633587656493	0.7374241618545532
ebmd	annotated_credset_1483.txt	ENSG00000108312	UBTF	0	-0.5317083668784618	0.8465615094528735	0.5517226257550978	0.7189791052405615
ebmd	annotated_credset_1483.txt	ENSG00000004939	SLC4A1	0	-0.4943864121862554	0.7173910319856672	0.1864161881927939	0.6585292946622604
ebmd	annotated_credset_1483.txt	ENSG00000214921	AC003102.1	0	-0.7314876273723454	0.0	0.2361973555760463	0.6585223226874289
ebmd	annotated_credset_1483.txt	ENSG00000268413	AC003043.1	0	-0.7331671074481816	0.0	0.2361973555760463	0.6452211891040553
ebmd	annotated_credset_1483.txt	ENSG00000108309	RUNDC3A	0	-0.7121698827932726	0.341443552125487	0.0	0.5748265536262238
ebmd	annotated_credset_1483.txt	ENSG00000013306	SLC25A39	0	-0.380922649169846	0.3729030156482955	0.3141222462538113	0.5591925972642586
ebmd	annotated_credset_1483.txt	ENSG00000030582	GRN	0	-0.5640141418290011	0.4083215355124848	0.3166867336985624	0.5234668038331216
ebmd	annotated_credset_1483.txt	ENSG00000161682	FAM171A2	0	-0.6694820413635519	0.4342683889396996	0.1220656795788018	0.5123548703468123
ebmd	annotated_credset_1483.txt	ENSG00000005961	ITGA2B	0	-0.563258820768677	0.4872520891539396	0.321669465586667	0.485910169811255
ebmd	annotated_credset_1483.txt	ENSG00000186566	GPATCH8	0	-0.5524058447380192	0.408484408083491	0.6023359031063564	0.4536940685102523
ebmd	annotated_credset_1483.txt	ENSG00000180340	FZD2	0	-0.2387284608076464	0.1511833318716564	1.0	0.2274214141466092
ebmd	annotated_credset_1483.txt	ENSG00000180336	C17orf104	0	-0.8119372300658844	0.5728478895473396	0.074464996464298	0.0896035988640952
ebmd	annotated_credset_1483.txt	ENSG00000180329	CCDC43	0	-0.775639965728613	0.4684716288509966	0.1558676611251687	0.066352062801326
ebmd	annotated_credset_1484.txt	ENSG00000067596	DHX8	0	-0.673968290148807	0.2174849969304784	0.331956316404593	0.0701217630417993
ebmd	annotated_credset_1484.txt	ENSG00000175832	ETV4	0	-0.4810025733805573	0.2228222057957578	0.7178877499410927	0.119278746055508
ebmd	annotated_credset_1484.txt	ENSG00000005102	MEOX1	0	-0.5141544342481906	0.4195973288898355	0.6515840282058257	0.2343992352738912
ebmd	annotated_credset_1484.txt	ENSG00000167941	SOST	1	-0.4213472572972857	0.5545936329353396	0.8318086917084658	0.369793816527965
ebmd	annotated_credset_1484.txt	ENSG00000108861	DUSP3	0	-0.6692536426942816	0.55985566984477	0.3359959209144739	0.3980377240535479
ebmd	annotated_credset_1484.txt	ENSG00000231256	C17orf105	0	-0.7258584529511666	0.821165917035218	0.1509456565179524	0.4100959150684304
ebmd	annotated_credset_1484.txt	ENSG00000161647	MPP3	0	-0.7921923480880375	0.455554581104276	0.0955082005261319	0.4737957140313267
ebmd	annotated_credset_1484.txt	ENSG00000161649	CD300LG	0	-0.7388058656598274	0.4657153238031998	0.2022811653825523	0.5163838912254717
ebmd	annotated_credset_1484.txt	ENSG00000108852	MPP2	0	-0.7386812728171155	0.3657992658205645	0.1988403467192213	0.5808009735824582
ebmd	annotated_credset_1484.txt	ENSG00000267496	FAM215A	0	-0.804320577161629	0.145395091271283	0.0671403331916323	0.5923474185500951
ebmd	annotated_credset_1484.txt	ENSG00000261514	RP11-527L4.2	0	-0.6818932870540166	0.0	0.2361973555760463	0.6217112948839943
ebmd	annotated_credset_1484.txt	ENSG00000108849	PPY	0	-0.7572035338380182	0.1758773193680544	0.1613744198388537	0.6266176251566314
ebmd	annotated_credset_1484.txt	ENSG00000131096	PYY	0	-0.4665791378324336	0.696054725183858	0.6709656734360212	0.713308244488001
ebmd	annotated_credset_1484.txt	ENSG00000161653	NAGS	0	-0.6618800480880048	0.7959081398699525	0.2741798710294322	0.7197316361302053
ebmd	annotated_credset_1484.txt	ENSG00000091947	TMEM101	0	-0.6215539040383855	0.9679516894897078	0.3548321591286709	0.740541243838287
ebmd	annotated_credset_1484.txt	ENSG00000161654	LSM12	0	-0.4328566254370521	0.9290126163599232	0.4146921504057396	0.8016054108365435
ebmd	annotated_credset_1484.txt	ENSG00000141349	G6PC3	0	-0.3851208906021516	0.7749476928473883	0.5278597622721961	0.8138006267493224
ebmd	annotated_credset_1484.txt	ENSG00000108840	HDAC5	0	-0.3457816122014064	0.7654259117731811	0.7858879799470992	0.8800214041908635
ebmd	annotated_credset_1484.txt	ENSG00000125319	C17orf53	0	-0.5742513627669626	0.9178996955535788	0.193116526720955	0.9342357245075442
ebmd	annotated_credset_1484.txt	ENSG00000161664	ASB16	0	-0.2330943931470616	0.9505994963478958	0.2367576372864407	0.9574558518480072
ebmd	annotated_credset_1484.txt	ENSG00000168591	TMUB2	0	-0.3719989242467499	0.9738652166831628	0.3858229742722449	0.9751404529561049
ebmd	annotated_credset_1484.txt	ENSG00000087152	ATXN7L3	0	-0.2298228049141711	1.0	0.4751633587656493	0.986860276365978
ebmd	annotated_credset_1484.txt	ENSG00000108312	UBTF	0	0.2298228049141711	0.8465615094528735	0.5517226257550978	1.0
ebmd	annotated_credset_1484.txt	ENSG00000004939	SLC4A1	0	-0.6961298981199104	0.7173910319856672	0.1864161881927939	0.945645173927342
ebmd	annotated_credset_1484.txt	ENSG00000214921	AC003102.1	0	-0.7052192071589971	0.0	0.2361973555760463	0.9456381828611228
ebmd	annotated_credset_1484.txt	ENSG00000268413	AC003043.1	0	-0.7166991809520269	0.0	0.2361973555760463	0.932300626728126
ebmd	annotated_credset_1484.txt	ENSG00000108309	RUNDC3A	0	-0.736718892599303	0.341443552125487	0.0	0.8617132293260703
ebmd	annotated_credset_1484.txt	ENSG00000013306	SLC25A39	0	-0.5219949844191442	0.3729030156482955	0.3141222462538113	0.846036462436128
ebmd	annotated_credset_1484.txt	ENSG00000030582	GRN	0	-0.5807749107254552	0.4083215355124848	0.3166867336985624	0.8102128409156845
ebmd	annotated_credset_1484.txt	ENSG00000161682	FAM171A2	0	-0.6007676634895286	0.4342683889396996	0.1220656795788018	0.7990704795755177
ebmd	annotated_credset_1484.txt	ENSG00000005961	ITGA2B	0	-0.5707047545935672	0.4872520891539396	0.321669465586667	0.7725533654060781
ebmd	annotated_credset_1484.txt	ENSG00000186566	GPATCH8	0	-0.5107890496810735	0.408484408083491	0.6023359031063564	0.7402490466203817
ebmd	annotated_credset_1484.txt	ENSG00000180340	FZD2	0	-0.3399464483511035	0.1511833318716564	1.0	0.5133567889026139
ebmd	annotated_credset_1484.txt	ENSG00000180336	C17orf104	0	-0.8000191049193696	0.5728478895473396	0.074464996464298	0.3751615865211271
ebmd	annotated_credset_1484.txt	ENSG00000180329	CCDC43	0	-0.6635787655927794	0.4684716288509966	0.1558676611251687	0.3518463806800828
ebmd	annotated_credset_1484.txt	ENSG00000161692	DBF4B	0	-0.7333885139896413	0.660586090682436	0.142052707826623	0.3021552802072269
ebmd	annotated_credset_1484.txt	ENSG00000073670	ADAM11	0	-0.781647741380579	0.3467306463535337	0.1165974139410491	0.2316531738130454
ebmd	annotated_credset_1484.txt	ENSG00000182963	GJC1	0	-0.563492376801961	0.2868311262011852	0.5529081430982851	0.1765398023805751
ebmd	annotated_credset_1484.txt	ENSG00000131097	HIGD1B	0	-0.6426923030618311	0.3694952203164739	0.3945082905785447	0.1095583969343847
ebmd	annotated_credset_1484.txt	ENSG00000108883	EFTUD2	0	-0.6894172808007811	0.2212435947229287	0.3010583351006449	0.1045388113889964
ebmd	annotated_credset_1484.txt	ENSG00000167131	CCDC103	0	-0.8158071283278837	0.032856409035669	0.0482786400464397	0.0357481180052761
ebmd	annotated_credset_1484.txt	ENSG00000214447	FAM187A	0	-0.8075011264796063	0.0308167433002994	0.0648906437429946	0.0348742347278756
ebmd	annotated_credset_1484.txt	ENSG00000131095	GFAP	0	-0.6976870188598111	0.239973940388639	0.2845188589825849	0.0275461991169063
ebmd	annotated_credset_1484.txt	ENSG00000186185	KIF18B	0	-0.7927978807587954	0.3509528045403861	0.0918494108422701	0.0
ebmd	annotated_credset_1658.txt	ENSG00000142166	IFNAR1	0	-1.0345139415674574	0.087272718687063	0.1706547152869086	0.0
ebmd	annotated_credset_1658.txt	ENSG00000159128	IFNGR2	0	-0.9694471503892684	0.4764118534538732	0.3030716323753418	0.2099906883102059
ebmd	annotated_credset_1658.txt	ENSG00000142188	TMEM50B	0	-0.9007888732542504	0.421422820566701	0.4403881866453782	0.2111558680063207
ebmd	annotated_credset_1658.txt	ENSG00000177692	DNAJC28	0	-0.975489227755339	1.0	0.2023219922611207	0.2317336795625921
ebmd	annotated_credset_1658.txt	ENSG00000159131	GART	0	-0.9801703877767158	0.5323216988282071	0.2816251576004471	0.3227161122441337
ebmd	annotated_credset_1658.txt	ENSG00000159140	SON	0	-0.6209829665769394	0.4859269158212113	1.0	0.3824952787046831
ebmd	annotated_credset_1658.txt	ENSG00000159147	DONSON	0	-0.9102692913967546	0.3928304123114991	0.159284692126727	0.4021820704933373
ebmd	annotated_credset_1658.txt	ENSG00000268265	AP000304.1	0	-0.9835809789811292	0.0781958686213076	0.2748039751916201	0.3786869161081812
ebmd	annotated_credset_1658.txt	ENSG00000249209	AP000304.12	0	-0.9609980903779188	0.0781958686213076	0.2748039751916201	0.9709250847261592
ebmd	annotated_credset_1658.txt	ENSG00000205758	CRYZL1	0	-1.0810320454398643	0.4211867148007621	0.0799018422741497	0.4992241405688514
ebmd	annotated_credset_1658.txt	ENSG00000205726	ITSN1	0	-0.5527545904305412	0.8347259638427631	0.9922894482537948	0.9490098648007425
ebmd	annotated_credset_1658.txt	ENSG00000241837	ATP5O	0	-0.7254951053994644	0.18095382007324	0.0714921083870547	0.9773379666433882
ebmd	annotated_credset_1658.txt	ENSG00000243927	MRPS6	0	0.156398658386731	0.9322376451755328	0.8720974250372043	1.0
ebmd	annotated_credset_1658.txt	ENSG00000198743	SLC5A3	1	-0.156398658386731	0.8752653238544739	0.6117905722519986	0.9993919273380758
ebmd	annotated_credset_1658.txt	ENSG00000272962	SLC5A3	1	-0.419985234861106	0.8752653238544739	0.0846174193032489	0.9993919273380758
ebmd	annotated_credset_1658.txt	ENSG00000159197	KCNE2	0	-0.9876874305356796	0.5282134585008701	0.0	0.4889395317488966
ebmd	annotated_credset_1658.txt	ENSG00000205670	SMIM11	0	-0.9137764994215204	0.3522910522997882	0.1522702760771953	0.4688063513587143
ebmd	annotated_credset_1658.txt	ENSG00000222018	C21orf140	0	-1.0912547271146025	0.0696474232597234	0.0594564789246742	0.4251586847935459
ebmd	annotated_credset_1658.txt	ENSG00000243627	AP000322.53	0	-0.9835809789811292	0.0781958686213076	0.2748039751916201	0.3928253875852205
ebmd	annotated_credset_1658.txt	ENSG00000180509	KCNE1	0	-0.6197959984861449	0.636940163715738	0.609837534432932	0.3436611311767575
ebmd	annotated_credset_1658.txt	ENSG00000159200	RCAN1	0	-0.9947911955647114	0.0	0.2523835420244559	0.2268760313785384
ebmd	annotated_credset_1659.txt	ENSG00000159128	IFNGR2	0	-0.6018506486972676	0.2783821691040167	0.0793404503685527	0.0
ebmd	annotated_credset_1659.txt	ENSG00000142188	TMEM50B	0	-0.6379095532051007	0.2540591459893121	0.1152882465164607	0.0009989769150447
ebmd	annotated_credset_1659.txt	ENSG00000177692	DNAJC28	0	-0.6690709636807964	0.5099782878638663	0.0529654255650691	0.0186415420707902
ebmd	annotated_credset_1659.txt	ENSG00000159131	GART	0	-0.658690663808518	0.3031124905877524	0.0737260253096259	0.0966461195849198
ebmd	annotated_credset_1659.txt	ENSG00000159140	SON	0	-0.5646597855591952	0.2825909189173383	0.2617877818082717	0.1478983062595019
ebmd	annotated_credset_1659.txt	ENSG00000159147	DONSON	0	-0.6747042833493964	0.2414120094534995	0.0416987862278693	0.1647769478919779
ebmd	annotated_credset_1659.txt	ENSG00000268265	AP000304.1	0	-0.6595835149145762	0.1022412898199428	0.0719403230975095	0.144633173567342
ebmd	annotated_credset_1659.txt	ENSG00000249209	AP000304.12	0	-0.6540433823919932	0.1022412898199428	0.0719403230975095	0.6523937023772034
ebmd	annotated_credset_1659.txt	ENSG00000205758	CRYZL1	0	-0.685095013437659	0.2539547105100733	0.020917326051344	0.2479768080653448
ebmd	annotated_credset_1659.txt	ENSG00000205726	ITSN1	0	-0.299976815638967	0.436873452396742	0.2597692535701147	0.633604498560298
ebmd	annotated_credset_1659.txt	ENSG00000241837	ATP5O	0	-0.4515006000758759	0.1476936990942311	0.0187157604714435	0.6578918422912281
ebmd	annotated_credset_1659.txt	ENSG00000243927	MRPS6	0	0.1379102629196298	0.4800053053223453	0.2283044504211952	1.0
ebmd	annotated_credset_1659.txt	ENSG00000198743	SLC5A3	1	-0.3101904815950451	0.4548050241820353	0.1601592968410639	0.9445891763940096
ebmd	annotated_credset_1659.txt	ENSG00000272962	SLC5A3	1	-0.4353441863289171	0.4548050241820353	0.0221518065017379	0.9445921898990324
ebmd	annotated_credset_1659.txt	ENSG00000159197	KCNE2	0	-0.4418466251861703	0.3012953132489983	0.0	0.8373670968260233
ebmd	annotated_credset_1659.txt	ENSG00000205670	SMIM11	0	-0.6693316341396557	0.2234804376682064	0.0398624978095821	0.8201057400556568
ebmd	annotated_credset_1659.txt	ENSG00000222018	C21orf140	0	-0.6451509449554224	0.0984600988586246	0.0155649797318207	0.7826840346830294
ebmd	annotated_credset_1659.txt	ENSG00000243627	AP000322.53	0	-0.653292721495692	0.1022412898199428	0.0719403230975095	0.7549628019786648
ebmd	annotated_credset_1659.txt	ENSG00000180509	KCNE1	0	-0.6092024833219561	0.3493878514384421	0.1596480154026227	0.7128114004728163
ebmd	annotated_credset_1659.txt	ENSG00000159200	RCAN1	0	-0.658015796990539	0.0676533034508615	0.066070927631497	0.6126846825866094
ebmd	annotated_credset_1659.txt	ENSG00000159212	CLIC6	0	-0.6952144054917176	0.0	0.0006785419432266	0.3772576161885463
ebmd	annotated_credset_1659.txt	ENSG00000159216	RUNX1	0	-0.1379102629196298	1.0	1.0	0.1988430513160703
ebmd	annotated_credset_1660.txt	ENSG00000249209	AP000304.12	0	-0.5507945072144308	0.1022412898199428	0.0719403230975095	0.4987614685410517
ebmd	annotated_credset_1660.txt	ENSG00000205758	CRYZL1	0	-0.5763060057375136	0.2539547105100733	0.020917326051344	0.0
ebmd	annotated_credset_1660.txt	ENSG00000205726	ITSN1	0	-0.1329361885998323	0.436873452396742	0.2597692535701147	0.4755890169935395
ebmd	annotated_credset_1660.txt	ENSG00000241837	ATP5O	0	-0.0029574877614726	0.1476936990942311	0.0187157604714435	0.5055422444590046
ebmd	annotated_credset_1660.txt	ENSG00000243927	MRPS6	0	-0.0394945770364747	0.4800053053223453	0.2283044504211952	0.9274592551937796
ebmd	annotated_credset_1660.txt	ENSG00000198743	SLC5A3	1	-0.1921241301448997	0.4548050241820353	0.1601592968410639	0.8591218930719063
ebmd	annotated_credset_1660.txt	ENSG00000272962	SLC5A3	1	-0.3014573316439084	0.4548050241820353	0.0221518065017379	0.8591256095837824
ebmd	annotated_credset_1660.txt	ENSG00000159197	KCNE2	0	0.0029574877614726	0.3012953132489983	0.0	1.0
ebmd	annotated_credset_1660.txt	ENSG00000205670	SMIM11	0	-0.5176971388449058	0.2234804376682064	0.0398624978095821	0.9787118199736728
ebmd	annotated_credset_1660.txt	ENSG00000222018	C21orf140	0	-0.4964137122339145	0.0984600988586246	0.0155649797318207	0.9325601754962058
ebmd	annotated_credset_1660.txt	ENSG00000243627	AP000322.53	0	-0.4979166638344564	0.1022412898199428	0.0719403230975095	0.8983719827479196
ebmd	annotated_credset_1660.txt	ENSG00000180509	KCNE1	0	-0.3320704084526211	0.3493878514384421	0.1596480154026227	0.8463872728809065
ebmd	annotated_credset_1660.txt	ENSG00000159200	RCAN1	0	-0.3356048152989994	0.0676533034508615	0.066070927631497	0.722902449285455
ebmd	annotated_credset_1660.txt	ENSG00000159212	CLIC6	0	-0.5826251248499829	0.0	0.0006785419432266	0.4325536754766589
ebmd	annotated_credset_1660.txt	ENSG00000159216	RUNX1	0	-0.0183303707247028	1.0	1.0	0.2125175898518859
ebmd	annotated_credset_388.txt	ENSG00000163633	C4orf36	0	-0.5287691932269722	0.7611278008984924	0.2754209172484185	0.0575277742862918
ebmd	annotated_credset_388.txt	ENSG00000172493	AFF1	0	-0.162258808536057	0.9330953890251632	1.0	0.3731260494125838
ebmd	annotated_credset_388.txt	ENSG00000145332	KLHL8	0	-0.3517025681557306	0.6009839318689194	0.3081783205281089	0.5260475966224513
ebmd	annotated_credset_388.txt	ENSG00000170509	HSD17B13	0	-0.5428411406667546	0.4576385635145936	0.3389205942224913	0.6532901558321769
ebmd	annotated_credset_388.txt	ENSG00000198189	HSD17B11	0	-0.5231031723259676	0.2204007386379296	0.3690175016300787	0.7587915416162965
ebmd	annotated_credset_388.txt	ENSG00000170502	NUDT9	0	-0.2341810691211006	0.1805983518452167	0.3173378347106501	0.863658193595757
ebmd	annotated_credset_388.txt	ENSG00000152583	SPARCL1	0	-0.3979554115653809	0.2886489540556184	0.6032754398001167	0.9739770857079568
ebmd	annotated_credset_388.txt	ENSG00000152591	DSPP	0	-0.0768084619475886	0.3429291954910013	0.2096134331213947	1.0
ebmd	annotated_credset_388.txt	ENSG00000152592	DMP1	0	-0.3841550663455317	0.7866218339167103	0.5395579997466512	0.9356361434683272
ebmd	annotated_credset_388.txt	ENSG00000029559	IBSP	0	0.0768084619475886	0.926370476531709	0.6773695034306702	0.7056622260977274
ebmd	annotated_credset_388.txt	ENSG00000152595	MEPE	1	-0.4441139877059821	1.0	0.3758569691595395	0.6720305781469779
ebmd	annotated_credset_388.txt	ENSG00000118785	SPP1	0	-0.1097351642482333	0.5386406857205854	0.8202398449568729	0.4343813117113009
ebmd	annotated_credset_388.txt	ENSG00000118762	PKD2	0	-0.2961480331038355	0.6370063114957419	0.7557384442512839	0.3850800581120367
ebmd	annotated_credset_388.txt	ENSG00000118777	ABCG2	0	-0.4530596668749334	0.4798528236364137	0.5241112931565369	0.2578313364381883
ebmd	annotated_credset_388.txt	ENSG00000163644	PPM1K	0	-0.7134401249117894	0.0	0.0	0.0
ebmd	annotated_credset_389.txt	ENSG00000172493	AFF1	0	-0.3197269376687199	0.9330953890251632	1.0	0.1904524764294376
ebmd	annotated_credset_389.txt	ENSG00000145332	KLHL8	0	-0.7137706738280054	0.6009839318689194	0.3081783205281089	0.3440061021015842
ebmd	annotated_credset_389.txt	ENSG00000170509	HSD17B13	0	-0.7018427781001988	0.4576385635145936	0.3389205942224913	0.471774599497453
ebmd	annotated_credset_389.txt	ENSG00000198189	HSD17B11	0	-0.6844369606955385	0.2204007386379296	0.3690175016300787	0.5777120595622183
ebmd	annotated_credset_389.txt	ENSG00000170502	NUDT9	0	-0.7037949082452186	0.1805983518452167	0.3173378347106501	0.6830121622445845
ebmd	annotated_credset_389.txt	ENSG00000152583	SPARCL1	0	-0.555048269854538	0.2886489540556184	0.6032754398001167	0.7937870410830431
ebmd	annotated_credset_389.txt	ENSG00000152591	DSPP	0	-0.5383804423986109	0.3429291954910013	0.2096134331213947	0.9265940651645272
ebmd	annotated_credset_389.txt	ENSG00000152592	DMP1	0	-0.0038059557168421	0.7866218339167103	0.5395579997466512	1.0
ebmd	annotated_credset_389.txt	ENSG00000029559	IBSP	0	0.0038059557168421	0.926370476531709	0.6773695034306702	0.8959481234840729
ebmd	annotated_credset_389.txt	ENSG00000152595	MEPE	1	-0.3816348979436865	1.0	0.3758569691595395	0.8621774641205533
ebmd	annotated_credset_389.txt	ENSG00000118785	SPP1	0	-0.0895849090196292	0.5386406857205854	0.8202398449568729	0.6235459098017678
ebmd	annotated_credset_389.txt	ENSG00000118762	PKD2	0	-0.2802471122105585	0.6370063114957419	0.7557384442512839	0.5740408768062574
ebmd	annotated_credset_389.txt	ENSG00000118777	ABCG2	0	-0.6092474286331762	0.4798528236364137	0.5241112931565369	0.4462661914746372
ebmd	annotated_credset_389.txt	ENSG00000163644	PPM1K	0	-0.8066727456025273	0.0	0.0	0.1873691475698642
ebmd	annotated_credset_389.txt	ENSG00000138642	HERC6	0	-0.8178769189039954	0.4133478488548356	0.1037244992756649	0.0
ebmd	annotated_credset_390.txt	ENSG00000172493	AFF1	0	-0.457193502893193	0.9341319802463776	1.0	0.0
ebmd	annotated_credset_390.txt	ENSG00000145332	KLHL8	0	-0.826803626228992	0.6071661149400337	0.3081783205281089	0.1414046607143201
ebmd	annotated_credset_390.txt	ENSG00000170509	HSD17B13	0	-0.813114413248073	0.4660416779725403	0.3389205942224913	0.2590642792687944
ebmd	annotated_credset_390.txt	ENSG00000198189	HSD17B11	0	-0.7160490146590253	0.232479513756987	0.3690175016300787	0.3566201040291877
ebmd	annotated_credset_390.txt	ENSG00000170502	NUDT9	0	-0.8239057930039935	0.1932938079991317	0.3173378347106501	0.4535889983018287
ebmd	annotated_credset_390.txt	ENSG00000152583	SPARCL1	0	-0.5933798534467785	0.2996703207250231	0.6032754398001167	0.5555995114971775
ebmd	annotated_credset_390.txt	ENSG00000152591	DSPP	0	-0.8743466871885137	0.3531095674824985	0.2096134331213947	0.677899014999733
ebmd	annotated_credset_390.txt	ENSG00000152592	DMP1	0	-0.6615695714173895	0.7899278233027623	0.5395579997466512	0.745497166879193
ebmd	annotated_credset_390.txt	ENSG00000029559	IBSP	0	-0.4564861009360061	0.9275112606501328	0.6773695034306702	0.955710879751103
ebmd	annotated_credset_390.txt	ENSG00000152595	MEPE	1	0.2646612898416365	1.0	0.3758569691595395	1.0
ebmd	annotated_credset_390.txt	ENSG00000118785	SPP1	0	-0.2646612898416365	0.5457887881912412	0.8202398449568729	0.8110198660813941
ebmd	annotated_credset_390.txt	ENSG00000118762	PKD2	0	-0.3825210686017186	0.642630379334672	0.7557384442512839	0.7654316074926477
ebmd	annotated_credset_390.txt	ENSG00000118777	ABCG2	0	-0.6370354274018082	0.4879117599175124	0.5241112931565369	0.6477662905839234
ebmd	annotated_credset_390.txt	ENSG00000163644	PPM1K	0	-0.9825747103593184	0.0154935692190806	0.0	0.4093528471172123
ebmd	annotated_credset_390.txt	ENSG00000138642	HERC6	0	-0.930712460721486	0.4224371845661258	0.1037244992756649	0.2368081050150791
ebmd	annotated_credset_390.txt	ENSG00000138646	HERC5	0	-0.9368254324046597	0.3783035762739459	0.0914985559093178	0.1251531272515664
ebmd	annotated_credset_390.txt	ENSG00000145337	PYURF	0	-0.781808860569476	0.3609920225755685	0.401531699579685	0.0341675049414496
ebmd	annotated_credset_390.txt	ENSG00000138641	HERC3	0	-0.7441259143091747	0.5101210180713084	0.4753699250546941	0.0340777558620117
ebmd	annotated_credset_390.txt	ENSG00000255072	PIGY	0	-0.8696817482209915	0.0	0.2257859242766541	0.0333298468666962
ebmd	annotated_credset_391.txt	ENSG00000170509	HSD17B13	0	-0.6007735749683387	0.4660416779725403	0.4131969402685032	0.0
ebmd	annotated_credset_391.txt	ENSG00000198189	HSD17B11	0	-0.5578946118361174	0.232479513756987	0.4498897534653186	0.1143915169047928
ebmd	annotated_credset_391.txt	ENSG00000170502	NUDT9	0	-0.7448034473260674	0.1932938079991317	0.3868841981546694	0.2280948138188618
ebmd	annotated_credset_391.txt	ENSG00000152583	SPARCL1	0	-0.5781586861745174	0.2996703207250231	0.7354866305377253	0.3477097868182996
ebmd	annotated_credset_391.txt	ENSG00000152591	DSPP	0	-0.6667438001782684	0.3531095674824985	0.2555513907428088	0.4911151217300923
ebmd	annotated_credset_391.txt	ENSG00000152592	DMP1	0	-0.6326889749217142	0.7899278233027623	0.6578051567039156	0.5703790216811632
ebmd	annotated_credset_391.txt	ENSG00000029559	IBSP	0	-0.1042156700463354	0.9275112606501328	0.8258188231105565	0.8168703567569245
ebmd	annotated_credset_391.txt	ENSG00000152595	MEPE	1	-0.1924034981507376	1.0	0.4582281286021915	0.8751602513596224
ebmd	annotated_credset_391.txt	ENSG00000118785	SPP1	0	0.1042156700463354	0.5457887881912412	1.0	1.0
ebmd	annotated_credset_391.txt	ENSG00000118762	PKD2	0	-0.1247123602586244	0.642630379334672	0.9213627561472824	0.9465443497010766
ebmd	annotated_credset_391.txt	ENSG00000118777	ABCG2	0	-0.4548393098023833	0.4879117599175124	0.6389732178690906	0.8085729459296357
ebmd	annotated_credset_391.txt	ENSG00000163644	PPM1K	0	-0.9873982782988489	0.0154935692190806	0.0	0.5290153129985826
ebmd	annotated_credset_391.txt	ENSG00000138642	HERC6	0	-0.7442605989428777	0.4224371845661258	0.1264563041083655	0.3266936696575836
ebmd	annotated_credset_391.txt	ENSG00000138646	HERC5	0	-0.8829001055190542	0.3783035762739459	0.1115509767928046	0.1957698390435802
ebmd	annotated_credset_391.txt	ENSG00000145337	PYURF	0	-0.539807027983372	0.3609920225755685	0.4895296199623137	0.0890823769864057
ebmd	annotated_credset_391.txt	ENSG00000138641	HERC3	0	-0.4432147869497167	0.5101210180713084	0.5795499060152198	0.0889771394635523
ebmd	annotated_credset_391.txt	ENSG00000255072	PIGY	0	-0.643465184412745	0.0	0.2752681738943389	0.0881001601064405
ebmd	annotated_credset_599.txt	ENSG00000185760	KCNQ5	0	-0.7578115840184009	0.4789937695471224	0.6206189595611978	0.0
ebmd	annotated_credset_599.txt	ENSG00000243501	RP11-257K9.8	0	-0.8815167496023805	0.2099514861969611	0.4423480493794144	0.1319840237152964
ebmd	annotated_credset_599.txt	ENSG00000256980	KHDC1L	0	-0.9699929669271022	0.2018303494471396	0.2653956147299708	0.0552160686050518
ebmd	annotated_credset_599.txt	ENSG00000135314	KHDC1	0	-0.8578310159204534	0.1756347427783387	0.4222190446744817	0.2287367537584515
ebmd	annotated_credset_599.txt	ENSG00000203909	DPPA5	0	-1.10095660695467	0.0482059743393996	0.0	0.3188456691646675
ebmd	annotated_credset_599.txt	ENSG00000203908	KHDC3L	0	-0.9531226472376516	0.0	0.295667919434037	0.3391032527875173
ebmd	annotated_credset_599.txt	ENSG00000203907	OOEP	0	-0.9430967154818206	0.3087718866205334	0.3121421333523456	0.4026122953280878
ebmd	annotated_credset_599.txt	ENSG00000080007	DDX43	0	-0.9220396468253084	0.2992747555840126	0.3542562706653699	0.4486328650083487
ebmd	annotated_credset_599.txt	ENSG00000164430	MB21D1	0	-0.837088609881522	0.2809872682049893	0.2248371103267159	0.5198236259235215
ebmd	annotated_credset_599.txt	ENSG00000135297	MTO1	0	-0.6205259468014206	0.4165784224394809	0.4848114202515671	0.6366595881711442
ebmd	annotated_credset_599.txt	ENSG00000156508	EEF1A1	0	-0.453125309854412	0.3690004186470313	0.6474819902194979	0.6665270117365872
ebmd	annotated_credset_599.txt	ENSG00000119899	SLC17A5	0	-0.5977227495960077	0.2162373482404511	0.6776932625078519	0.9339164493537851
ebmd	annotated_credset_599.txt	ENSG00000156535	CD109	1	0.453125309854412	1.0	1.0	1.0
ebmd	annotated_credset_602.txt	ENSG00000185760	KCNQ5	0	-0.6608214612354631	0.4789937695471224	0.6206189595611978	0.0
ebmd	annotated_credset_602.txt	ENSG00000243501	RP11-257K9.8	0	-0.7510020837724914	0.2099514861969611	0.4423480493794144	0.1088147654593236
ebmd	annotated_credset_602.txt	ENSG00000256980	KHDC1L	0	-0.8394783010972132	0.2018303494471396	0.2653956147299708	0.0455231124624995
ebmd	annotated_credset_602.txt	ENSG00000135314	KHDC1	0	-0.7610665861249577	0.1756347427783387	0.4222190446744817	0.1885829474773644
ebmd	annotated_credset_602.txt	ENSG00000203909	DPPA5	0	-0.9721761084621986	0.0482059743393996	0.0	0.2628736094810646
ebmd	annotated_credset_602.txt	ENSG00000203908	KHDC3L	0	-0.8243421487451801	0.0	0.295667919434037	0.279575056736893
ebmd	annotated_credset_602.txt	ENSG00000203907	OOEP	0	-0.8161050417860258	0.3087718866205334	0.3121421333523456	0.3319353453086791
ebmd	annotated_credset_602.txt	ENSG00000080007	DDX43	0	-0.7950479731295136	0.2992747555840126	0.3542562706653699	0.3698771912616729
ebmd	annotated_credset_602.txt	ENSG00000164430	MB21D1	0	-0.8574032294348575	0.2809872682049893	0.2248371103267159	0.4285707038080517
ebmd	annotated_credset_602.txt	ENSG00000135297	MTO1	0	-0.7239212157306716	0.4165784224394809	0.4848114202515671	0.524896588345515
ebmd	annotated_credset_602.txt	ENSG00000156508	EEF1A1	0	-0.6425859307467062	0.3690004186470313	0.6474819902194979	0.5495209072491316
ebmd	annotated_credset_602.txt	ENSG00000119899	SLC17A5	0	-0.4248049520427147	0.2162373482404511	0.6776932625078519	0.7699712172304279
ebmd	annotated_credset_602.txt	ENSG00000156535	CD109	1	0.4248049520427147	1.0	1.0	1.0
ebmd	annotated_credset_757.txt	ENSG00000184408	KCND2	0	-0.9561544085352952	0.4862477689808246	0.1667464533018892	0.3406136275791858
ebmd	annotated_credset_757.txt	ENSG00000106025	TSPAN12	0	-0.9237877851218884	0.3573749485149422	0.2278706388875526	0.5003377574931029
ebmd	annotated_credset_757.txt	ENSG00000071243	ING3	0	-0.7547681733065095	0.0483501899226581	0.0	0.6759395634502252
ebmd	annotated_credset_757.txt	ENSG00000106034	CPED1	0	0.3809411124295745	1.0	1.0	1.0
ebmd	annotated_credset_757.txt	ENSG00000002745	WNT16	1	-0.3809411124295745	0.3408539654935701	0.1323491748544557	0.8095087478112587
ebmd	annotated_credset_757.txt	ENSG00000196937	FAM3C	0	-0.5750909529915109	0.7187314081735389	0.0600096625690838	0.7748004406160035
ebmd	annotated_credset_757.txt	ENSG00000106278	PTPRZ1	0	-0.9844806297548274	0.0	0.10808902982187	0.0
ebmd	annotated_credset_758.txt	ENSG00000106025	TSPAN12	0	-0.6513028325685813	0.3573749485149422	0.2278706388875526	0.1245456462246893
ebmd	annotated_credset_758.txt	ENSG00000071243	ING3	0	-0.7843067507596111	0.0483501899226581	0.0	0.3441505426996218
ebmd	annotated_credset_758.txt	ENSG00000106034	CPED1	0	0.0753882069735432	1.0	1.0	0.9360305971408044
ebmd	annotated_credset_758.txt	ENSG00000002745	WNT16	1	-0.4812333834633036	0.3408539654935701	0.1323491748544557	1.0
ebmd	annotated_credset_758.txt	ENSG00000196937	FAM3C	0	-0.0753882069735432	0.7187314081735389	0.0600096625690838	0.9689534206257312
ebmd	annotated_credset_758.txt	ENSG00000106278	PTPRZ1	0	-0.8445652882740606	0.0	0.10808902982187	0.0
ebmd	annotated_credset_759.txt	ENSG00000184408	KCND2	0	-0.98984117124154	0.5375298673477794	0.1667464533018892	0.1821569419142895
ebmd	annotated_credset_759.txt	ENSG00000106025	TSPAN12	0	-0.9592790784487082	0.4215209689379584	0.2278706388875526	0.3308520365488225
ebmd	annotated_credset_759.txt	ENSG00000071243	ING3	0	-1.0013908605427837	0.1433426711708	0.0	0.4943284453347817
ebmd	annotated_credset_759.txt	ENSG00000106034	CPED1	0	0.1722284693865681	1.0	1.0	0.9349307601521444
ebmd	annotated_credset_759.txt	ENSG00000002745	WNT16	1	-0.1989091885551615	0.4066490895608469	0.1323491748544557	0.9950026372675936
ebmd	annotated_credset_759.txt	ENSG00000196937	FAM3C	0	-0.1722284693865681	0.7468072835132239	0.0600096625690838	1.0
ebmd	annotated_credset_759.txt	ENSG00000106278	PTPRZ1	0	-1.0191698829815496	0.0998187360962345	0.10808902982187	0.2786999378092339
ebmd	annotated_credset_759.txt	ENSG00000008311	AASS	0	-1.0021928681703456	0.0	0.1398665362356597	0.0
ebmd	annotated_credset_760.txt	ENSG00000106025	TSPAN12	0	-0.734635549987252	0.3573749485149422	0.2278706388875526	0.0
ebmd	annotated_credset_760.txt	ENSG00000071243	ING3	0	-0.6979400973172283	0.0483501899226581	0.0	0.2208594659102316
ebmd	annotated_credset_760.txt	ENSG00000106034	CPED1	0	0.1010573644785786	1.0	1.0	0.8161208412490102
ebmd	annotated_credset_760.txt	ENSG00000002745	WNT16	1	-0.5836840522751017	0.3408539654935701	0.1323491748544557	0.897278989965834
ebmd	annotated_credset_760.txt	ENSG00000196937	FAM3C	0	-0.1010573644785786	0.7187314081735389	0.0600096625690838	1.0
ebmd	annotated_credset_760.txt	ENSG00000106278	PTPRZ1	0	-0.3935730616734136	0.0	0.10808902982187	0.2399844342733002
ebmd	annotated_credset_762.txt	ENSG00000071243	ING3	0	-0.4663970768213903	0.5203529106478678	0.1373301707795096	0.0
ebmd	annotated_credset_762.txt	ENSG00000106034	CPED1	0	-0.2097906153704773	1.0	1.0	0.5580354653732501
ebmd	annotated_credset_762.txt	ENSG00000002745	WNT16	1	-0.5785651558117706	0.6677796038404982	0.2515038108486759	0.6341182202172865
ebmd	annotated_credset_762.txt	ENSG00000196937	FAM3C	0	-0.3018315216074902	0.8582360234120462	0.1890986961395605	0.7304153579333069
ebmd	annotated_credset_762.txt	ENSG00000106278	PTPRZ1	0	0.2097906153704773	0.4959836231006544	0.2305753156765508	1.0
ebmd	annotated_credset_762.txt	ENSG00000008311	AASS	0	-0.6065166270162257	0.4400945708272064	0.2579888117075878	0.6470185374324705
ebmd	annotated_credset_762.txt	ENSG00000128610	FEZF1	0	-0.7328097503687989	0.0	0.0	0.2536274779323174
ebmd	annotated_credset_762.txt	ENSG00000081803	CADPS2	0	-0.7010336301468614	0.1639477553844823	0.1001864472157256	0.2239454448755498
ebmd	annotated_credset_763.txt	ENSG00000106034	CPED1	0	-0.257834015419687	1.0	1.0	0.0
ebmd	annotated_credset_763.txt	ENSG00000002745	WNT16	1	-0.6424949222283203	0.6677796038404982	0.2515038108486759	0.0895165790554309
ebmd	annotated_credset_763.txt	ENSG00000196937	FAM3C	0	-0.6712502916823347	0.8582360234120462	0.1890986961395605	0.2028167659221993
ebmd	annotated_credset_763.txt	ENSG00000106278	PTPRZ1	0	0.257834015419687	0.4959836231006544	0.2305753156765508	1.0
ebmd	annotated_credset_763.txt	ENSG00000008311	AASS	0	-0.6472184037591608	0.4400945708272064	0.2579888117075878	0.5846931007716452
ebmd	annotated_credset_763.txt	ENSG00000128610	FEZF1	0	-0.794134257366861	0.0	0.0	0.1218415393418156
ebmd	annotated_credset_763.txt	ENSG00000081803	CADPS2	0	-0.7430662593983415	0.1639477553844823	0.1001864472157256	0.0869185917684956
height	annotated_credset_1113.txt	ENSG00000157510	AFAP1L1	0	-0.5979682969536086	0.7186470694400577	0.2858561254505632	0.0323185335139169
height	annotated_credset_1113.txt	ENSG00000164284	GRPEL2	0	-0.5863978389043671	0.7682652393629021	0.3015078371423079	0.0498256005581387
height	annotated_credset_1113.txt	ENSG00000145882	PCYOX1L	0	-0.6299918713035129	0.7317601407751658	0.2218089767507546	0.0704680777004923
height	annotated_credset_1113.txt	ENSG00000127743	IL17B	0	-0.4639099786271654	0.7142619455849839	0.5539727621034494	0.1177923605665292
height	annotated_credset_1113.txt	ENSG00000113712	CSNK1A1	0	-0.6422136996251475	0.202368530884808	0.2400756243677393	0.3194804574075666
height	annotated_credset_1113.txt	ENSG00000183111	ARHGEF37	0	-0.7049681406524536	0.305627622614267	0.1145667423131272	0.4338893665540791
height	annotated_credset_1113.txt	ENSG00000155846	PPARGC1B	0	-0.5967982891145773	0.4806518747461986	0.3247089928437138	0.735313365564264
height	annotated_credset_1113.txt	ENSG00000132915	PDE6A	0	-0.4444224313233971	1.0	0.5337296884523192	0.8582792458261238
height	annotated_credset_1113.txt	ENSG00000155850	SLC26A2	0	-0.4481087743675986	0.1905977868519605	0.3763156605823	0.924935133198467
height	annotated_credset_1113.txt	ENSG00000164296	TIGD6	0	-0.5280781166889028	0.2104690249514957	0.3231417693356878	0.9354988215675334
height	annotated_credset_1113.txt	ENSG00000113716	HMGXB3	0	-0.2575265535599704	0.2779068718133827	0.3855571323794409	1.0
height	annotated_credset_1113.txt	ENSG00000182578	CSF1R	0	0.1090456799580672	0.4833872896268555	0.5015834792220352	0.9931031373861468
height	annotated_credset_1113.txt	ENSG00000113721	PDGFRB	0	-0.2193578040567894	0.5240096106122817	1.0	0.9101688692334632
height	annotated_credset_1113.txt	ENSG00000113722	CDX1	0	-0.5189696223435334	0.6829879754545864	0.3365517626345808	0.8376284376140362
height	annotated_credset_1113.txt	ENSG00000011083	SLC6A7	0	-0.4423158323732872	0.9185015566484682	0.0	0.8059017584122316
height	annotated_credset_1113.txt	ENSG00000070808	CAMK2A	0	-0.7361125950319386	0.6004461264269277	0.0736157003372991	0.7654468864864007
height	annotated_credset_1113.txt	ENSG00000183876	ARSI	1	-0.4609016439137605	0.685370888417633	0.4396865159571395	0.6601771019247443
height	annotated_credset_1113.txt	ENSG00000070814	TCOF1	0	-0.1090456799580672	0.6843133826648018	0.8247348467615923	0.576215504119986
height	annotated_credset_1113.txt	ENSG00000019582	CD74	0	-0.5429416742809536	0.4312875062040338	0.4386196750561272	0.5159482374106777
height	annotated_credset_1113.txt	ENSG00000164587	RPS14	0	-0.5206279404087308	0.4726712313314984	0.5298212585537465	0.4590300653671328
height	annotated_credset_1113.txt	ENSG00000070614	NDST1	0	-0.3567087721890176	0.6196504308983442	0.7450735735698333	0.4006393874889477
height	annotated_credset_1113.txt	ENSG00000171992	SYNPO	0	-0.3516399104805061	0.4376184406443171	0.8677973184101959	0.2427579967852436
height	annotated_credset_1113.txt	ENSG00000164591	MYOZ3	0	-0.6798239949206997	0.0	0.2114291495298088	0.1608537978303735
height	annotated_credset_1113.txt	ENSG00000086589	RBM22	0	-0.7051708130117496	0.1481875761404142	0.1607355133477091	0.1198701935769415
height	annotated_credset_1113.txt	ENSG00000132912	DCTN4	0	-0.6837493352639911	0.1542957293687677	0.203578468843226	0.0956991815229287
height	annotated_credset_1113.txt	ENSG00000256235	SMIM3	0	-0.672847836099181	0.3413854171366692	0.1728666756841987	0.0004917484601264
height	annotated_credset_1113.txt	ENSG00000269636	AC010441.1	0	-0.6455494402431328	0.1312801741641474	0.2770099475751281	0.0
height	annotated_credset_1114.txt	ENSG00000155846	PPARGC1B	0	-0.5943956145571188	0.4806518747461986	0.3247089928437138	0.0752166969974274
height	annotated_credset_1114.txt	ENSG00000132915	PDE6A	0	-0.4320052823740012	1.0	0.5337296884523192	0.2025370208979671
height	annotated_credset_1114.txt	ENSG00000155850	SLC26A2	0	-0.5701356833596396	0.1905977868519605	0.3763156605823	0.2715533134829675
height	annotated_credset_1114.txt	ENSG00000164296	TIGD6	0	-0.4087076448520863	0.2104690249514957	0.3231417693356878	0.2824910811130592
height	annotated_credset_1114.txt	ENSG00000113716	HMGXB3	0	-0.3774999633302096	0.2779068718133827	0.3855571323794409	0.3557537010171071
height	annotated_credset_1114.txt	ENSG00000182578	CSF1R	0	-0.4426734974055557	0.4833872896268555	0.5015834792220352	0.4416290760475043
height	annotated_credset_1114.txt	ENSG00000113721	PDGFRB	0	0.0245193201352211	0.5240096106122817	1.0	0.5019059334488136
height	annotated_credset_1114.txt	ENSG00000113722	CDX1	0	-0.1598825014512359	0.6829879754545864	0.3365517626345808	0.5425892664972032
height	annotated_credset_1114.txt	ENSG00000011083	SLC6A7	0	-0.1487427991579917	0.9185015566484682	0.0	0.5968114908574258
height	annotated_credset_1114.txt	ENSG00000070808	CAMK2A	0	-0.4245005140985951	0.6004461264269277	0.0736157003372991	0.6925495780376748
height	annotated_credset_1114.txt	ENSG00000183876	ARSI	1	-0.2740444090764558	0.685370888417633	0.4396865159571395	0.762067941387853
height	annotated_credset_1114.txt	ENSG00000070814	TCOF1	0	-0.0623350582417951	0.6843133826648018	0.8247348467615923	0.8485843785252006
height	annotated_credset_1114.txt	ENSG00000019582	CD74	0	-0.3571480247250209	0.4312875062040338	0.4386196750561272	0.866484477754893
height	annotated_credset_1114.txt	ENSG00000164587	RPS14	0	-0.4179682267811428	0.4726712313314984	0.5298212585537465	0.9187154384023758
height	annotated_credset_1114.txt	ENSG00000070614	NDST1	0	-0.0245193201352211	0.6196504308983442	0.7450735735698333	1.0
height	annotated_credset_1114.txt	ENSG00000171992	SYNPO	0	-0.1038023556663947	0.4376184406443171	0.8677973184101959	0.8666663288320163
height	annotated_credset_1114.txt	ENSG00000164591	MYOZ3	0	-0.3483978399478968	0.0	0.2114291495298088	0.7818617544448659
height	annotated_credset_1114.txt	ENSG00000086589	RBM22	0	-0.5121481929281679	0.1481875761404142	0.1607355133477091	0.7394268468343442
height	annotated_credset_1114.txt	ENSG00000132912	DCTN4	0	-0.6458505450220233	0.1542957293687677	0.203578468843226	0.7143998956413206
height	annotated_credset_1114.txt	ENSG00000256235	SMIM3	0	-0.6692679698074084	0.3413854171366692	0.1728666756841987	0.6158209956287228
height	annotated_credset_1114.txt	ENSG00000269636	AC010441.1	0	-0.6171963338619437	0.1312801741641474	0.2770099475751281	0.6153118334685564
height	annotated_credset_1114.txt	ENSG00000237693	IRGM	0	-0.6385307267737346	0.4444287776925506	0.2380941086051841	0.5185596768049677
height	annotated_credset_1114.txt	ENSG00000145908	ZNF300	0	-0.6772540150925578	0.2385859879077742	0.1620789971164635	0.4506680794651259
height	annotated_credset_1114.txt	ENSG00000211445	GPX3	0	-0.6662004351548891	0.1435689550151152	0.1841861569918009	0.2717238183281094
height	annotated_credset_1114.txt	ENSG00000145901	TNIP1	0	-0.4779696624836926	0.0881987998014709	0.560647702334194	0.2584175247718957
height	annotated_credset_1114.txt	ENSG00000197043	ANXA6	0	-0.5564449842642161	0.1179537686685015	0.403697058773147	0.1580501749432261
height	annotated_credset_1114.txt	ENSG00000198624	CCDC69	0	-0.593650689176672	0.4567663448089157	0.3292856489482351	0.0441056402697863
height	annotated_credset_1114.txt	ENSG00000196743	GM2A	0	-0.696808553440056	0.286973221134323	0.1229699204214671	0.0
height	annotated_credset_1151.txt	ENSG00000176783	RUFY1	0	-0.6475330782748078	0.2549164199482348	0.511894952696836	0.0730578276510332
height	annotated_credset_1151.txt	ENSG00000169045	HNRNPH1	0	-0.4739099573527595	0.3436133694010735	0.8591411945409325	0.1134700839250085
height	annotated_credset_1151.txt	ENSG00000204661	C5orf60	0	-0.4960293124304445	0.2752501560623373	0.2525851130171541	0.1302206523830235
height	annotated_credset_1151.txt	ENSG00000228259	AC136604.1	0	-0.6969927551183123	0.0429758562741927	0.4129755990098271	0.1422963399149271
height	annotated_credset_1151.txt	ENSG00000204659	CBY3	0	-0.6587959715810273	0.2595404892021898	0.489369166084397	0.1888655971851637
height	annotated_credset_1151.txt	ENSG00000127022	CANX	0	-0.7158309441732781	0.295364857317042	0.3752992208998952	0.2704001562424923
height	annotated_credset_1151.txt	ENSG00000161021	MAML1	0	-0.5535029355272322	0.1908852293842565	0.699955238191987	0.3774555823667732
height	annotated_credset_1151.txt	ENSG00000213316	LTC4S	0	-0.9034805546232256	0.1627453342532797	0.0	0.3776775739191305
height	annotated_credset_1151.txt	ENSG00000161013	MGAT4B	0	-0.5856086634437231	0.254989431568034	0.5091425631817591	0.394496698591844
height	annotated_credset_1151.txt	ENSG00000161011	SQSTM1	0	-0.231334643567446	0.4080826296838475	0.8236910263657096	0.445303382846782
height	annotated_credset_1151.txt	ENSG00000161010	C5orf45	0	-0.5366009603803518	0.3060002166011388	0.6095302341705622	0.4846334303030158
height	annotated_credset_1151.txt	ENSG00000245317	CTC-241N9.1	0	-0.5932124854955095	0.0429758562741927	0.4129755990098271	0.4831806914677368
height	annotated_credset_1151.txt	ENSG00000197226	TBC1D9B	0	-0.4988667750229022	0.2519959551562631	0.4659801455653931	0.5592062689867883
height	annotated_credset_1151.txt	ENSG00000113269	RNF130	0	-0.2080207890994848	0.6087672353054989	0.6366816408039517	0.8273247278003804
height	annotated_credset_1151.txt	ENSG00000146090	RASGEF1C	0	-0.1929435121735844	0.6543021488536568	0.3131501003716946	1.0
height	annotated_credset_1151.txt	ENSG00000050748	MAPK9	0	0.0573719988294635	0.7166662407655511	0.7139628927024977	0.9098356419178166
height	annotated_credset_1151.txt	ENSG00000131459	GFPT2	1	-0.0573719988294635	1.0	1.0	0.7995792934834434
height	annotated_credset_1151.txt	ENSG00000113300	CNOT6	0	-0.6648734212352211	0.2845591375867469	0.4702178735722737	0.4833686500588109
height	annotated_credset_1151.txt	ENSG00000161055	SCGB3A1	0	-0.6976399269788162	0.2667808081656195	0.4116812552888193	0.3271731086130975
height	annotated_credset_1151.txt	ENSG00000037280	FLT4	0	-0.6555634928266546	0.1536407852643081	0.3793377990539576	0.3085600963224383
height	annotated_credset_1151.txt	ENSG00000174339	OR2Y1	0	-0.8092045321389081	0.0	0.1885520449686352	0.0840613452562184
height	annotated_credset_1151.txt	ENSG00000131446	MGAT1	0	-0.5399513568328894	0.6416833072316793	0.6268246023220055	0.0
height	annotated_credset_1152.txt	ENSG00000176783	RUFY1	0	-0.7076172979757495	0.3111943572609766	0.511894952696836	0.0
height	annotated_credset_1152.txt	ENSG00000169045	HNRNPH1	0	-0.298153856466543	0.3931918148785618	0.8591411945409325	0.0341863263100835
height	annotated_credset_1152.txt	ENSG00000204661	C5orf60	0	-0.8385496645624165	0.329992237858999	0.2525851130171541	0.0483562948291108
height	annotated_credset_1152.txt	ENSG00000228259	AC136604.1	0	-0.75835442156608	0.1152621691246779	0.4129755990098271	0.058571596632245
height	annotated_credset_1152.txt	ENSG00000204659	CBY3	0	-0.7201576380287951	0.3154691595513707	0.489369166084397	0.0979663736589307
height	annotated_credset_1152.txt	ENSG00000127022	CANX	0	-0.7771926106210459	0.3485876278222132	0.3752992208998952	0.1669396827111555
height	annotated_credset_1152.txt	ENSG00000161021	MAML1	0	-0.614864601975	0.2519995950187303	0.699955238191987	0.2575021028328592
height	annotated_credset_1152.txt	ENSG00000213316	LTC4S	0	-0.9648422210709936	0.2259851731857401	0.0	0.2576898942690888
height	annotated_credset_1152.txt	ENSG00000161013	MGAT4B	0	-0.710270939480114	0.311261854139246	0.5091425631817591	0.2719178572022457
height	annotated_credset_1152.txt	ENSG00000161011	SQSTM1	0	-0.5529967078881387	0.4527915583904244	0.8236910263657096	0.3148972413499014
height	annotated_credset_1152.txt	ENSG00000161010	C5orf45	0	-0.6600771039857124	0.3584196730901196	0.6095302341705622	0.3481680844083659
height	annotated_credset_1152.txt	ENSG00000245317	CTC-241N9.1	0	-0.75835442156608	0.1152621691246779	0.4129755990098271	0.3469391551565695
height	annotated_credset_1152.txt	ENSG00000197226	TBC1D9B	0	-0.4843027336535924	0.3084944821302015	0.4659801455653931	0.4112521987876564
height	annotated_credset_1152.txt	ENSG00000113269	RNF130	0	-0.5643579747275506	0.6383179777935271	0.6366816408039517	0.6380642099908237
height	annotated_credset_1152.txt	ENSG00000146090	RASGEF1C	0	-0.4384127206593161	0.680413530874197	0.3131501003716946	0.8272847942828626
height	annotated_credset_1152.txt	ENSG00000050748	MAPK9	0	-0.4196681687474547	0.7380671143959592	0.7139628927024977	0.9418182389115156
height	annotated_credset_1152.txt	ENSG00000131459	GFPT2	1	0.298153856466543	1.0	1.0	1.0
height	annotated_credset_1152.txt	ENSG00000113300	CNOT6	0	-0.7188241441748409	0.3385980898383449	0.4702178735722737	0.7788240490450266
height	annotated_credset_1152.txt	ENSG00000161055	SCGB3A1	0	-0.7538461492813813	0.3221625999797509	0.4116812552888193	0.6466920613667729
height	annotated_credset_1152.txt	ENSG00000037280	FLT4	0	-0.7319600136865013	0.2175683124655484	0.3793377990539576	0.630946577930555
height	annotated_credset_1152.txt	ENSG00000174339	OR2Y1	0	-0.8705661985866759	0.0755323816273497	0.1885520449686352	0.4410342031271116
height	annotated_credset_1152.txt	ENSG00000131446	MGAT1	0	-0.384691624354876	0.6687478204133057	0.6268246023220055	0.3699233856683915
height	annotated_credset_1152.txt	ENSG00000196670	ZFP62	0	-0.7846991269914023	0.0	0.3602861881591825	0.2911200234211798
height	annotated_credset_1152.txt	ENSG00000113303	BTNL8	0	-0.8813255263446559	0.1969986388129548	0.1670333894526754	0.2200547730021331
height	annotated_credset_1152.txt	ENSG00000168903	BTNL3	0	-0.8880554923050541	0.0339048069026807	0.153573457531879	0.0961013785355534
height	annotated_credset_1152.txt	ENSG00000165810	BTNL9	0	-0.899045966035011	0.1171718808005129	0.1315925100719652	0.0251548785835342
height	annotated_credset_1223.txt	ENSG00000161904	LEMD2	0	-0.6525868510393033	0.6537308408462112	0.5114125456354326	0.0
height	annotated_credset_1223.txt	ENSG00000096395	MLN	0	-0.9088208442294864	0.7462944066316708	0.0035317327169808	0.0216268388265229
height	annotated_credset_1223.txt	ENSG00000124493	GRM4	0	-0.6128114523800373	1.0	0.0936555655491794	0.5328358759110652
height	annotated_credset_1223.txt	ENSG00000137309	HMGA1	0	-0.0226092296996099	0.7727306199307798	1.0	0.6645727659434967
height	annotated_credset_1223.txt	ENSG00000186577	C6orf1	0	-0.4073067809585852	0.8120956458620435	0.1100137338467957	0.6692819646634367
height	annotated_credset_1223.txt	ENSG00000272325	NUDT3	0	-0.0919491941639408	0.7498921722298783	0.4165835903584476	0.8774869950710599
height	annotated_credset_1223.txt	ENSG00000270800	RPS10-NUDT3	0	-0.3658596494713965	0.0	0.2317478138682921	0.9260096249195556
height	annotated_credset_1223.txt	ENSG00000124614	RPS10	0	0.0226092296996099	0.7729830947096014	0.8417811227474145	0.9261215756146578
height	annotated_credset_1223.txt	ENSG00000124507	PACSIN1	0	-0.2372898832174458	0.8685237589286653	0.2830965882432592	1.0
height	annotated_credset_1223.txt	ENSG00000124664	SPDEF	0	-0.8978636223235114	0.8723424399583417	0.0	0.9115106610488982
height	annotated_credset_1223.txt	ENSG00000196821	C6orf106	0	-0.6595203351349984	0.798304211068915	0.476686574377026	0.8395627117265912
height	annotated_credset_1223.txt	ENSG00000124562	SNRPC	0	-0.4681671689984682	0.7411291934482794	0.4328558697543345	0.5922272786179907
height	annotated_credset_1223.txt	ENSG00000065060	UHRF1BP1	0	-0.2630527492512579	0.6811559136957047	0.4346951409198973	0.5418145720989415
height	annotated_credset_1223.txt	ENSG00000064995	TAF11	0	-0.2097152257049096	0.8270863358545745	0.3247371065764367	0.4172178101658077
height	annotated_credset_1223.txt	ENSG00000064999	ANKS1A	0	-0.0770445177929476	0.8336506801039354	0.332508017258149	0.4005168019237728
height	annotated_credset_1224.txt	ENSG00000096395	MLN	0	-0.8726769585091786	0.7462944066316708	0.0035317327169808	0.0
height	annotated_credset_1224.txt	ENSG00000124493	GRM4	0	-0.6463540986802985	1.0	0.0936555655491794	0.480203748753673
height	annotated_credset_1224.txt	ENSG00000137309	HMGA1	0	-0.2046697230610283	0.7727306199307798	1.0	0.6039506778054422
height	annotated_credset_1224.txt	ENSG00000186577	C6orf1	0	-0.6113259830831261	0.8120956458620435	0.1100137338467957	0.6083742593834166
height	annotated_credset_1224.txt	ENSG00000272325	NUDT3	0	-0.6197002359453117	0.7498921722298783	0.4165835903584476	0.8039514672538217
height	annotated_credset_1224.txt	ENSG00000270800	RPS10-NUDT3	0	-0.6781526557837121	0.0	0.2317478138682921	0.8495311559180133
height	annotated_credset_1224.txt	ENSG00000124614	RPS10	0	-0.2786646063284343	0.7729830947096014	0.8417811227474145	0.8496363167026704
height	annotated_credset_1224.txt	ENSG00000124507	PACSIN1	0	-0.0016096739497748	0.8685237589286653	0.2830965882432592	0.9986423199392608
height	annotated_credset_1224.txt	ENSG00000124664	SPDEF	0	0.0016096739497748	0.8723424399583417	0.0	1.0
height	annotated_credset_1224.txt	ENSG00000196821	C6orf106	0	-0.6332001293387018	0.798304211068915	0.476686574377026	0.9324157585774498
height	annotated_credset_1224.txt	ENSG00000124562	SNRPC	0	-0.5134692752711109	0.7411291934482794	0.4328558697543345	0.7000814421582328
height	annotated_credset_1224.txt	ENSG00000065060	UHRF1BP1	0	-0.6605615029199884	0.6811559136957047	0.4346951409198973	0.6527263116751566
height	annotated_credset_1224.txt	ENSG00000064995	TAF11	0	-0.5653476633030834	0.8270863358545745	0.3247371065764367	0.5356864555253426
height	annotated_credset_1224.txt	ENSG00000064999	ANKS1A	0	-0.5614622079622273	0.8336506801039354	0.332508017258149	0.5199983784687845
height	annotated_credset_1224.txt	ENSG00000124678	TCP11	0	-0.657563678182267	0.6426955890552183	0.1382115232749787	0.2075124239982675
height	annotated_credset_1224.txt	ENSG00000146197	SCUBE3	1	-0.4068920208126576	0.7799366709096455	0.5442720449691536	0.075935796525218
height	annotated_credset_1224.txt	ENSG00000065029	ZNF76	0	-0.5657596870468842	0.7071292565669741	0.4607361172171923	0.015166520238232
height	annotated_credset_1225.txt	ENSG00000137309	HMGA1	0	-0.0717490736733629	0.8858111041435531	1.0	0.0
height	annotated_credset_1225.txt	ENSG00000186577	C6orf1	0	-0.5232503187037004	0.9309367613718584	0.1100137338467957	0.0047876115167637
height	annotated_credset_1225.txt	ENSG00000272325	NUDT3	0	-0.6427676241438584	0.8596305050407601	0.4165835903584476	0.2164594607438834
height	annotated_credset_1225.txt	ENSG00000270800	RPS10-NUDT3	0	-0.6884656036746416	0.0	0.2317478138682921	0.2657900401697785
height	annotated_credset_1225.txt	ENSG00000124614	RPS10	0	-0.2637132314616429	0.8861005257826443	0.8417811227474145	0.2659038549542153
height	annotated_credset_1225.txt	ENSG00000124507	PACSIN1	0	-0.528504097575415	0.9956224977087452	0.2830965882432592	0.4271720139307499
height	annotated_credset_1225.txt	ENSG00000124664	SPDEF	0	-0.8409204308282091	1.0	0.0	0.4583661335509361
height	annotated_credset_1225.txt	ENSG00000196821	C6orf106	0	-0.1912794646922474	0.9151271043365008	0.476686574377026	0.6660795932621886
height	annotated_credset_1225.txt	ENSG00000124562	SNRPC	0	-0.375746339258537	0.8495851623173025	0.4328558697543345	0.7797983002835599
height	annotated_credset_1225.txt	ENSG00000065060	UHRF1BP1	0	-0.3664185148558702	0.7808354637981766	0.4346951409198973	0.9414212066401572
height	annotated_credset_1225.txt	ENSG00000064995	TAF11	0	-0.1166708121713383	0.9481211711928994	0.3247371065764367	0.9487393494680354
height	annotated_credset_1225.txt	ENSG00000064999	ANKS1A	0	0.0717490736733629	0.955646133809271	0.332508017258149	1.0
height	annotated_credset_1225.txt	ENSG00000124678	TCP11	0	-0.5262965808499606	0.7367469007766146	0.1382115232749787	0.7113210173586494
height	annotated_credset_1225.txt	ENSG00000146197	SCUBE3	1	-0.2636104152329755	0.8940716800926148	0.5442720449691536	0.5689165503169525
height	annotated_credset_1225.txt	ENSG00000065029	ZNF76	0	-0.3951914923215417	0.8106097149196854	0.4607361172171923	0.5031463860533153
height	annotated_credset_1225.txt	ENSG00000023892	DEF6	0	-0.5622005537360907	0.7367469007766146	0.3609979845843224	0.4456344451747225
height	annotated_credset_1225.txt	ENSG00000112033	PPARD	1	-0.2014462800179511	0.9373281559017896	0.8810050433349936	0.3795036210746881
height	annotated_credset_1225.txt	ENSG00000112039	FANCE	0	-0.3860292549937484	0.9091698422652066	0.4908265487514409	0.2172022603537206
height	annotated_credset_1225.txt	ENSG00000198755	RPL10A	0	-0.3043608405120409	0.7367469007766146	0.5512349776751829	0.1934829636542738
height	annotated_credset_1225.txt	ENSG00000007866	TEAD3	0	-0.2608426302013712	0.9900028942163908	0.4730585286523576	0.1858130296745
height	annotated_credset_1225.txt	ENSG00000112041	TULP1	0	-0.7078329058920202	0.9135111668515749	0.286453026862124	0.1499288540670674
height	annotated_credset_1225.txt	ENSG00000096060	FKBP5	0	-0.313283936946043	0.9040084897014132	0.7996420177631114	0.0380193586840162
height	annotated_credset_1226.txt	ENSG00000196821	C6orf106	0	-0.6005421079982315	0.8927578285576108	0.6200620467925687	0.3528687043988139
height	annotated_credset_1226.txt	ENSG00000124562	SNRPC	0	-0.457152971086653	0.7988842254348238	0.5788743458079864	0.4644092954057149
height	annotated_credset_1226.txt	ENSG00000065060	UHRF1BP1	0	-0.3688598623628559	0.7004162564554294	0.5806027084124411	0.6229365506609119
height	annotated_credset_1226.txt	ENSG00000064995	TAF11	0	-0.3570895055666677	0.9400141630827158	0.4772751740189777	0.6301145251338458
height	annotated_credset_1226.txt	ENSG00000064999	ANKS1A	0	-0.4392974045473438	0.9507919235884414	0.4845774966325767	0.9248783150784232
height	annotated_credset_1226.txt	ENSG00000124678	TCP11	0	-0.2989887312520322	0.6372696340052162	0.3019971350933169	1.0
height	annotated_credset_1226.txt	ENSG00000146197	SCUBE3	1	-0.253913865471096	0.8626008256040899	0.6835720947740856	0.8967799725624439
height	annotated_credset_1226.txt	ENSG00000065029	ZNF76	0	-0.1289713674685993	0.7430609530718344	0.6050734066207539	0.8322695398927479
height	annotated_credset_1226.txt	ENSG00000023892	DEF6	0	0.1289713674685993	0.6372696340052162	0.5113495110318947	0.7758591563808546
height	annotated_credset_1226.txt	ENSG00000112033	PPARD	1	-0.1707186764003142	0.9245556764599202	1.0	0.7109949717880327
height	annotated_credset_1226.txt	ENSG00000112039	FANCE	0	-0.3002432859088974	0.8842254348239116	0.63334937679277	0.5518022569725294
height	annotated_credset_1226.txt	ENSG00000198755	RPL10A	0	-0.3252256841162814	0.6372696340052162	0.6901151607078975	0.5285372688151532
height	annotated_credset_1226.txt	ENSG00000007866	TEAD3	0	-0.3252639009032559	1.0	0.6166527732307496	0.5210142412368752
height	annotated_credset_1226.txt	ENSG00000112041	TULP1	0	-0.6911521232895358	0.8904433735772148	0.441299634923339	0.4858173746888212
height	annotated_credset_1226.txt	ENSG00000096060	FKBP5	0	-0.4500303470397125	0.8768329965283177	0.9235431874229856	0.3760513425094038
height	annotated_credset_1226.txt	ENSG00000157343	ARMC12	0	-0.7389964565804206	0.9325353645266596	0.3456109683415695	0.139085397512914
height	annotated_credset_1226.txt	ENSG00000196748	CLPSL2	0	-0.6637222579571113	0.7015734839456276	0.1353574303922653	0.08172829266577
height	annotated_credset_1226.txt	ENSG00000204140	CLPSL1	0	-0.7241957252742156	0.6740418329101682	0.0	0.075315814157633
height	annotated_credset_1226.txt	ENSG00000137392	CLPS	0	-0.8233938697761917	0.9246247646682904	0.1768161419500273	0.0550693157705352
height	annotated_credset_1226.txt	ENSG00000197753	LHFPL5	0	-0.7664890329933309	0.1219752318772993	0.2092639256765765	0.0401203974125426
height	annotated_credset_1226.txt	ENSG00000096063	SRPK1	0	-0.6069980126155475	0.0	0.5746437716460716	0.0
height	annotated_credset_1227.txt	ENSG00000270800	RPS10-NUDT3	0	-0.8159959578074784	0.0	0.3898931614366831	0.0
height	annotated_credset_1227.txt	ENSG00000124614	RPS10	0	-0.4839683520432571	0.8861005257826443	0.9631412926962658	0.000106565249764
height	annotated_credset_1227.txt	ENSG00000124507	PACSIN1	0	-0.5335434512460773	0.9956224977087452	0.4381455904835575	0.1511026043439871
height	annotated_credset_1227.txt	ENSG00000124664	SPDEF	0	-0.7894613599420687	1.0	0.1721198049824439	0.1803097865650283
height	annotated_credset_1227.txt	ENSG00000196821	C6orf106	0	-0.2497512034306219	0.9151271043365008	0.6200620467925687	0.3747927513486732
height	annotated_credset_1227.txt	ENSG00000124562	SNRPC	0	-0.4442102530119634	0.8495851623173025	0.5788743458079864	0.481268043434335
height	annotated_credset_1227.txt	ENSG00000065060	UHRF1BP1	0	-0.4250408892527659	0.7808354637981766	0.5806027084124411	0.6325962339563941
height	annotated_credset_1227.txt	ENSG00000064995	TAF11	0	-0.432350575295628	0.9481211711928994	0.4772751740189777	0.6394482411197931
height	annotated_credset_1227.txt	ENSG00000064999	ANKS1A	0	-0.0044663350322244	0.955646133809271	0.4845774966325767	0.9208261713181706
height	annotated_credset_1227.txt	ENSG00000124678	TCP11	0	-0.2964241355070545	0.7367469007766146	0.3019971350933169	1.0
height	annotated_credset_1227.txt	ENSG00000146197	SCUBE3	1	-0.1035668247721999	0.8940716800926148	0.6835720947740856	0.982290532152931
height	annotated_credset_1227.txt	ENSG00000065029	ZNF76	0	-0.0065338440579112	0.8106097149196854	0.6050734066207539	0.9207096574321458
height	annotated_credset_1227.txt	ENSG00000023892	DEF6	0	-0.6773387034772493	0.7367469007766146	0.5113495110318947	0.866860991158525
height	annotated_credset_1227.txt	ENSG00000112033	PPARD	1	0.0044663350322244	0.9373281559017896	1.0	0.8049424291527733
height	annotated_credset_1227.txt	ENSG00000112039	FANCE	0	-0.3705382158444616	0.9091698422652066	0.63334937679277	0.652978999024978
height	annotated_credset_1227.txt	ENSG00000198755	RPL10A	0	-0.3519049748420984	0.7367469007766146	0.6901151607078975	0.6307705241812968
height	annotated_credset_1227.txt	ENSG00000007866	TEAD3	0	-0.2805433836990803	0.9900028942163908	0.6166527732307496	0.623589133518627
height	annotated_credset_1227.txt	ENSG00000112041	TULP1	0	-0.7494560292077661	0.9135111668515749	0.441299634923339	0.589990632628738
height	annotated_credset_1227.txt	ENSG00000096060	FKBP5	0	-0.5089364982887534	0.9040084897014132	0.9235431874229856	0.4852093128250395
height	annotated_credset_1227.txt	ENSG00000157343	ARMC12	0	-0.7979026078294614	0.9428995224542954	0.3456109683415695	0.2590045027187787
height	annotated_credset_1227.txt	ENSG00000196748	CLPSL2	0	-0.686573380767584	0.7816434325406396	0.1353574303922653	0.2042521077685875
height	annotated_credset_1227.txt	ENSG00000204140	CLPSL1	0	-0.687213381078005	0.762421012010998	0.0	0.1981308337464275
height	annotated_credset_1229.txt	ENSG00000196821	C6orf106	0	-0.4069809762926286	0.8927578285576108	0.6200620467925687	0.0
height	annotated_credset_1229.txt	ENSG00000124562	SNRPC	0	-0.524234010287117	0.7988842254348238	0.5788743458079864	0.1009831607418146
height	annotated_credset_1229.txt	ENSG00000065060	UHRF1BP1	0	-0.6768542926766012	0.7004162564554294	0.5806027084124411	0.2445056502219338
height	annotated_credset_1229.txt	ENSG00000064995	TAF11	0	-0.4525971919534111	0.9400141630827158	0.4772751740189777	0.2510042221181153
height	annotated_credset_1229.txt	ENSG00000064999	ANKS1A	0	-0.738196285277654	0.9507919235884414	0.4845774966325767	0.5178683198616723
height	annotated_credset_1229.txt	ENSG00000124678	TCP11	0	-0.7445264822216002	0.6372696340052162	0.3019971350933169	0.5929582614970492
height	annotated_credset_1229.txt	ENSG00000146197	SCUBE3	1	-0.4409952670678003	0.8626008256040899	0.6835720947740856	0.7300819349816353
height	annotated_credset_1229.txt	ENSG00000065029	ZNF76	0	-0.5087584003214072	0.7430609530718344	0.6050734066207539	0.786399391208168
height	annotated_credset_1229.txt	ENSG00000023892	DEF6	0	-0.5518738385638349	0.6372696340052162	0.5113495110318947	0.8202455182360283
height	annotated_credset_1229.txt	ENSG00000112033	PPARD	1	0.1748276237623198	0.9245556764599202	1.0	0.9599300306964678
height	annotated_credset_1229.txt	ENSG00000112039	FANCE	0	-0.1983982053049791	0.8842254348239116	0.63334937679277	1.0
height	annotated_credset_1229.txt	ENSG00000198755	RPL10A	0	-0.2234952232442661	0.6372696340052162	0.6901151607078975	0.9872820343512536
height	annotated_credset_1229.txt	ENSG00000007866	TEAD3	0	-0.1748276237623198	1.0	0.6166527732307496	0.980471068976726
height	annotated_credset_1229.txt	ENSG00000112041	TULP1	0	-0.5426892963324681	0.8904433735772148	0.441299634923339	0.9486056216077908
height	annotated_credset_1229.txt	ENSG00000096060	FKBP5	0	-0.5125540151006502	0.8768329965283177	0.9235431874229856	0.8492290558974701
height	annotated_credset_1229.txt	ENSG00000157343	ARMC12	0	-0.7837397014769907	0.9325353645266596	0.3456109683415695	0.6346921783545134
height	annotated_credset_1229.txt	ENSG00000196748	CLPSL2	0	-0.9156162005618113	0.7015734839456276	0.1353574303922653	0.5827639817565065
height	annotated_credset_1229.txt	ENSG00000204140	CLPSL1	0	-1.0432784076555268	0.6740418329101682	0.0	0.5769584508543026
height	annotated_credset_1229.txt	ENSG00000137392	CLPS	0	-0.8716441327620561	0.9246247646682904	0.1768161419500273	0.5586283041101753
height	annotated_credset_1229.txt	ENSG00000197753	LHFPL5	0	-0.5975118966299826	0.1219752318772993	0.2092639256765765	0.5450943160630075
height	annotated_credset_1229.txt	ENSG00000096063	SRPK1	0	-0.6669578464861166	0.0	0.5746437716460716	0.5087713550282609
height	annotated_credset_1229.txt	ENSG00000112053	SLC26A8	0	-0.806206586298021	0.8112337426809679	0.3034972136531218	0.3636685220694499
height	annotated_credset_1229.txt	ENSG00000112062	MAPK14	0	-0.6161519625435323	0.8476950446482546	0.848972514743337	0.253153422505161
height	annotated_credset_1229.txt	ENSG00000156711	MAPK13	0	-0.5911618864235348	0.7105894951379175	0.6763986985537668	0.121767025885493
height	annotated_credset_1230.txt	ENSG00000065060	UHRF1BP1	0	-0.6051780384041403	0.7004162564554294	0.5806027084124411	0.1310236103255833
height	annotated_credset_1230.txt	ENSG00000064995	TAF11	0	-0.5142046123978996	0.9400141630827158	0.4772751740189777	0.1380678093512257
height	annotated_credset_1230.txt	ENSG00000064999	ANKS1A	0	-0.6563408093750966	0.9507919235884414	0.4845774966325767	0.4273381055541014
height	annotated_credset_1230.txt	ENSG00000124678	TCP11	0	-0.6902279025287597	0.6372696340052162	0.3019971350933169	0.5087326799550208
height	annotated_credset_1230.txt	ENSG00000146197	SCUBE3	1	-0.3702989727600916	0.8626008256040899	0.6835720947740856	0.6573694054670058
height	annotated_credset_1230.txt	ENSG00000065029	ZNF76	0	-0.423085246920986	0.7430609530718344	0.6050734066207539	0.7184153362676953
height	annotated_credset_1230.txt	ENSG00000023892	DEF6	0	-0.4813320394953839	0.6372696340052162	0.5113495110318947	0.7551032207506716
height	annotated_credset_1230.txt	ENSG00000112033	PPARD	1	-0.1051739569528595	0.9245556764599202	1.0	0.906515796050382
height	annotated_credset_1230.txt	ENSG00000112039	FANCE	0	-0.3604973879107225	0.8842254348239116	0.63334937679277	0.9618791312323246
height	annotated_credset_1230.txt	ENSG00000198755	RPL10A	0	-0.1089396855436131	0.6372696340052162	0.6901151607078975	0.967117818530328
height	annotated_credset_1230.txt	ENSG00000007866	TEAD3	0	0.1051739569528595	1.0	0.6166527732307496	1.0
height	annotated_credset_1230.txt	ENSG00000112041	TULP1	0	-0.1217404929076328	0.8904433735772148	0.441299634923339	0.9943404106343604
height	annotated_credset_1230.txt	ENSG00000096060	FKBP5	0	-0.1500793947583956	0.8768329965283177	0.9235431874229856	0.886620080917048
height	annotated_credset_1230.txt	ENSG00000157343	ARMC12	0	-0.4351511752280588	0.9325353645266596	0.3456109683415695	0.6540704549537726
height	annotated_credset_1230.txt	ENSG00000196748	CLPSL2	0	-0.5187078577235238	0.7015734839456276	0.1353574303922653	0.5977823107702813
height	annotated_credset_1230.txt	ENSG00000204140	CLPSL1	0	-0.6021877642496125	0.6740418329101682	0.0	0.5914893412105123
height	annotated_credset_1230.txt	ENSG00000137392	CLPS	0	-0.5361918741751726	0.9246247646682904	0.1768161419500273	0.5716201755080085
height	annotated_credset_1230.txt	ENSG00000197753	LHFPL5	0	-0.5972355098921591	0.1219752318772993	0.2092639256765765	0.5569498591772876
height	annotated_credset_1230.txt	ENSG00000096063	SRPK1	0	-0.5138278516168844	0.0	0.5746437716460716	0.5175771830236615
height	annotated_credset_1230.txt	ENSG00000112053	SLC26A8	0	-0.4861808442440354	0.8112337426809679	0.3034972136531218	0.3602913591725771
height	annotated_credset_1230.txt	ENSG00000112062	MAPK14	0	-0.2019567826042623	0.8476950446482546	0.848972514743337	0.2404972922442769
height	annotated_credset_1230.txt	ENSG00000156711	MAPK13	0	-0.5508081113991208	0.7105894951379175	0.6763986985537668	0.098079551571937
height	annotated_credset_1230.txt	ENSG00000096070	BRPF3	0	-0.2288857800320392	0.8558301811838265	0.6197207000788234	0.0
height	annotated_credset_1231.txt	ENSG00000065060	UHRF1BP1	0	-0.707043728862447	0.7004162564554294	0.5806027084124411	0.0
height	annotated_credset_1231.txt	ENSG00000064995	TAF11	0	-0.6926865900876515	0.9400141630827158	0.4772751740189777	0.0066226197967531
height	annotated_credset_1231.txt	ENSG00000064999	ANKS1A	0	-0.756701959389983	0.9507919235884414	0.4845774966325767	0.2785807492124837
height	annotated_credset_1231.txt	ENSG00000124678	TCP11	0	-0.8555927456474364	0.6372696340052162	0.3019971350933169	0.3551040441695948
height	annotated_credset_1231.txt	ENSG00000146197	SCUBE3	1	-0.6572046603192284	0.8626008256040899	0.6835720947740856	0.4948452010160924
height	annotated_credset_1231.txt	ENSG00000065029	ZNF76	0	-0.5688242474684041	0.7430609530718344	0.6050734066207539	0.5522376722339257
height	annotated_credset_1231.txt	ENSG00000023892	DEF6	0	-0.6059072188224041	0.6372696340052162	0.5113495110318947	0.5867298705936667
height	annotated_credset_1231.txt	ENSG00000112033	PPARD	1	-0.3035491040456878	0.9245556764599202	1.0	0.7290807489557097
height	annotated_credset_1231.txt	ENSG00000112039	FANCE	0	-0.6209638855589706	0.8842254348239116	0.63334937679277	0.7811307149284951
height	annotated_credset_1231.txt	ENSG00000198755	RPL10A	0	-0.5966816739526645	0.6372696340052162	0.6901151607078975	0.7860558787522974
height	annotated_credset_1231.txt	ENSG00000007866	TEAD3	0	-0.4382235108873441	1.0	0.6166527732307496	0.8212235816560417
height	annotated_credset_1231.txt	ENSG00000112041	TULP1	0	-0.5142004035273776	0.8904433735772148	0.441299634923339	0.8424411125015475
height	annotated_credset_1231.txt	ENSG00000096060	FKBP5	0	0.3035491040456878	0.8768329965283177	0.9235431874229856	1.0
height	annotated_credset_1231.txt	ENSG00000157343	ARMC12	0	-0.4671339959659065	0.9325353645266596	0.3456109683415695	0.8578034116887958
height	annotated_credset_1231.txt	ENSG00000196748	CLPSL2	0	-0.8187836683829414	0.7015734839456276	0.1353574303922653	0.8048839844217487
height	annotated_credset_1231.txt	ENSG00000204140	CLPSL1	0	-0.886462383579074	0.6740418329101682	0.0	0.7989676347224881
height	annotated_credset_1231.txt	ENSG00000137392	CLPS	0	-0.9073711384707596	0.9246247646682904	0.1768161419500273	0.780287593223466
height	annotated_credset_1231.txt	ENSG00000197753	LHFPL5	0	-0.7787482645594503	0.1219752318772993	0.2092639256765765	0.766495261830955
height	annotated_credset_1231.txt	ENSG00000096063	SRPK1	0	-0.6687981811285358	0.0	0.5746437716460716	0.7294789504523342
height	annotated_credset_1231.txt	ENSG00000112053	SLC26A8	0	-0.7838486868591721	0.8112337426809679	0.3034972136531218	0.5816063240553494
height	annotated_credset_1231.txt	ENSG00000112062	MAPK14	0	-0.5116632137432636	0.8476950446482546	0.848972514743337	0.468981658527733
height	annotated_credset_1231.txt	ENSG00000156711	MAPK13	0	-0.5433977455677547	0.7105894951379175	0.6763986985537668	0.3350872944769551
height	annotated_credset_1231.txt	ENSG00000096070	BRPF3	0	-0.6891303576668596	0.8558301811838265	0.6197207000788234	0.242877580138603
height	annotated_credset_1231.txt	ENSG00000180316	PNPLA1	0	-0.9261635883523156	0.7813876366651124	0.1456542387079115	0.1807324997230593
height	annotated_credset_1231.txt	ENSG00000189325	C6orf222	0	-0.956116530360534	0.5365217541496105	0.1570390861215283	0.0836818924248102
height	annotated_credset_1231.txt	ENSG00000010030	ETV7	0	-0.8615186551097402	0.2892723284453425	0.1966596031636431	0.0316680425365557
height	annotated_credset_1232.txt	ENSG00000064999	ANKS1A	0	-0.7155388426964863	0.9507919235884414	0.4845774966325767	0.0032757748558089
height	annotated_credset_1232.txt	ENSG00000124678	TCP11	0	-0.8266085864162505	0.6372696340052162	0.3019971350933169	0.0912014858189462
height	annotated_credset_1232.txt	ENSG00000146197	SCUBE3	1	-0.6286203886498406	0.8626008256040899	0.6835720947740856	0.2517648877663661
height	annotated_credset_1232.txt	ENSG00000065029	ZNF76	0	-0.586253927100591	0.7430609530718344	0.6050734066207539	0.317709170988719
height	annotated_credset_1232.txt	ENSG00000023892	DEF6	0	-0.6604806057299816	0.6372696340052162	0.5113495110318947	0.3573409075097556
height	annotated_credset_1232.txt	ENSG00000112033	PPARD	1	-0.3089406123865233	0.9245556764599202	1.0	0.520902894656607
height	annotated_credset_1232.txt	ENSG00000112039	FANCE	0	-0.5798483333720047	0.8842254348239116	0.63334937679277	0.5807086082805337
height	annotated_credset_1232.txt	ENSG00000198755	RPL10A	0	-0.57203327579173	0.6372696340052162	0.6901151607078975	0.5863676501587023
height	annotated_credset_1232.txt	ENSG00000007866	TEAD3	0	-0.5853255986234739	1.0	0.6166527732307496	0.6267755453295148
height	annotated_credset_1232.txt	ENSG00000112041	TULP1	0	-0.6097187839308963	0.8904433735772148	0.441299634923339	0.6511546116715874
height	annotated_credset_1232.txt	ENSG00000096060	FKBP5	0	0.3089406123865233	0.8768329965283177	0.9235431874229856	0.9825897246041448
height	annotated_credset_1232.txt	ENSG00000157343	ARMC12	0	-0.3177503020324196	0.9325353645266596	0.3456109683415695	1.0
height	annotated_credset_1232.txt	ENSG00000196748	CLPSL2	0	-0.8842675663073646	0.7015734839456276	0.1353574303922653	0.9436198735455688
height	annotated_credset_1232.txt	ENSG00000204140	CLPSL1	0	-1.0095972052324402	0.6740418329101682	0.0	0.9368219533317882
height	annotated_credset_1232.txt	ENSG00000137392	CLPS	0	-0.65095371498405	0.9246247646682904	0.1768161419500273	0.9153584770067952
height	annotated_credset_1232.txt	ENSG00000197753	LHFPL5	0	-0.8972720708929922	0.1219752318772993	0.2092639256765765	0.899511008020973
height	annotated_credset_1232.txt	ENSG00000096063	SRPK1	0	-0.5710195925951344	0.0	0.5746437716460716	0.8569790509610705
height	annotated_credset_1232.txt	ENSG00000112053	SLC26A8	0	-0.6027812499256545	0.8112337426809679	0.3034972136531218	0.6870725432077335
height	annotated_credset_1232.txt	ENSG00000112062	MAPK14	0	-0.513767645134026	0.8476950446482546	0.848972514743337	0.5576661474944893
height	annotated_credset_1232.txt	ENSG00000156711	MAPK13	0	-0.576229384619192	0.7105894951379175	0.6763986985537668	0.4038207444741404
height	annotated_credset_1232.txt	ENSG00000096070	BRPF3	0	-0.6027255870541429	0.8558301811838265	0.6197207000788234	0.2978712464101656
height	annotated_credset_1232.txt	ENSG00000180316	PNPLA1	0	-0.9024029417706656	0.7813876366651124	0.1456542387079115	0.2264661875785966
height	annotated_credset_1232.txt	ENSG00000189325	C6orf222	0	-0.9279896647351524	0.5365217541496105	0.1570390861215283	0.1149544753491975
height	annotated_credset_1232.txt	ENSG00000010030	ETV7	0	-0.8990646639350424	0.2892723284453425	0.1966596031636431	0.0551902593164469
height	annotated_credset_1232.txt	ENSG00000179165	PXT1	0	-0.8661042689366534	0.4319222066773753	0.2747454627404992	0.0
height	annotated_credset_1233.txt	ENSG00000146197	SCUBE3	1	-0.5352958812196879	0.8788326504500936	0.4604277692810541	0.0337478991596638
height	annotated_credset_1233.txt	ENSG00000065029	ZNF76	0	-0.5640303041549865	0.7734147716022116	0.4075540838947708	0.0914366386554621
height	annotated_credset_1233.txt	ENSG00000023892	DEF6	0	-0.5980353937724628	0.6801212435075319	0.3444252866483435	0.1261068907563025
height	annotated_credset_1233.txt	ENSG00000112033	PPARD	1	-0.4310266518632212	0.9334683868216228	0.6735613884783014	0.2691926050420168
height	annotated_credset_1233.txt	ENSG00000112039	FANCE	0	-0.5545075032901694	0.8979026091724672	0.426599685624405	0.3215112605042017
height	annotated_credset_1233.txt	ENSG00000198755	RPL10A	0	-0.5378305741684658	0.6801212435075319	0.4648349258563375	0.3264618487394958
height	annotated_credset_1233.txt	ENSG00000007866	TEAD3	0	-0.5538243660073413	1.0	0.4153534981462988	0.3618110924369748
height	annotated_credset_1233.txt	ENSG00000112041	TULP1	0	-0.619186148685406	0.9033859838849708	0.2972423948339317	0.3831381512605042
height	annotated_credset_1233.txt	ENSG00000096060	FKBP5	0	-0.4549068074359989	0.8913834859031574	0.6220630316403022	0.6730810084033614
height	annotated_credset_1233.txt	ENSG00000157343	ARMC12	0	-0.6495432214014111	0.9405053843693356	0.2327902037094778	0.7006386554621848
height	annotated_credset_1233.txt	ENSG00000196748	CLPSL2	0	-0.7227999205926928	0.7368284769926736	0.0911715387558692	0.741610756302521
height	annotated_credset_1233.txt	ENSG00000204140	CLPSL1	0	-0.7683856899706275	0.7125493122934216	0.0	0.7605996638655462
height	annotated_credset_1233.txt	ENSG00000137392	CLPS	0	-0.7063900602175316	0.9335293132073172	0.1190965260772368	0.7654884033613445
height	annotated_credset_1233.txt	ENSG00000197753	LHFPL5	0	-0.7226291165018891	0.2257017958052183	0.1409521003371349	0.8146487394957983
height	annotated_credset_1233.txt	ENSG00000096063	SRPK1	0	-0.5371960436512871	0.1181362618616056	0.3870578567103359	0.9322527731092436
height	annotated_credset_1233.txt	ENSG00000112053	SLC26A8	0	0.2449658005633336	0.8335338826862443	0.2044240046274924	1.0
height	annotated_credset_1233.txt	ENSG00000112062	MAPK14	0	-0.2449658005633336	0.8656877827365086	0.5718351058104373	0.9247300840336136
height	annotated_credset_1233.txt	ENSG00000156711	MAPK13	0	-0.5397955209601669	0.7447793703258037	0.4555960465627912	0.7901445378151261
height	annotated_credset_1233.txt	ENSG00000096070	BRPF3	0	-0.5572283556492313	0.872861864652034	0.4174199352138372	0.6974588235294118
height	annotated_credset_1233.txt	ENSG00000180316	PNPLA1	0	-0.7181220012368273	0.8072136840662268	0.0981070712618508	0.6349929411764705
height	annotated_credset_1233.txt	ENSG00000189325	C6orf222	0	-0.7433506715856745	0.5912753415685497	0.1057754648933801	0.5374413445378151
height	annotated_credset_1233.txt	ENSG00000010030	ETV7	0	-0.7321401985634043	0.3732350387644128	0.1324623153644952	0.4851589915966386
height	annotated_credset_1233.txt	ENSG00000179165	PXT1	0	-0.7058423885648498	0.4990327936270999	0.1850579353616041	0.4368779831932773
height	annotated_credset_1233.txt	ENSG00000112078	KCTD20	0	-0.6438260782814058	0.5307754405739264	0.3090905559284921	0.3666715966386554
height	annotated_credset_1233.txt	ENSG00000112079	STK38	0	-0.5632435633303899	0.5509116110459537	0.4659896814039493	0.2979321008403361
height	annotated_credset_1233.txt	ENSG00000112081	SRSF3	0	-0.6090620069243499	0.0726851781335201	0.378618698642604	0.1628383193277311
height	annotated_credset_1233.txt	ENSG00000124762	CDKN1A	0	-0.2983713562456519	0.3939652414969612	1.0	0.0523710924369747
height	annotated_credset_1233.txt	ENSG00000255587	RAB44	0	-0.7042698701737313	0.0	0.1862655827700619	0.0
height	annotated_credset_1234.txt	ENSG00000023892	DEF6	0	-0.7402408730102539	0.6801212435075319	0.3444252866483435	0.0
height	annotated_credset_1234.txt	ENSG00000112033	PPARD	1	-0.5770051051152945	0.9334683868216228	0.6735613884783014	0.143412936811791
height	annotated_credset_1234.txt	ENSG00000112039	FANCE	0	-0.7004859565422425	0.8979026091724672	0.426599685624405	0.1958512397362452
height	annotated_credset_1234.txt	ENSG00000198755	RPL10A	0	-0.6835772845616523	0.6801212435075319	0.4648349258563375	0.2008131494650651
height	annotated_credset_1234.txt	ENSG00000007866	TEAD3	0	-0.7004017267301177	1.0	0.4153534981462988	0.2362432333000473
height	annotated_credset_1234.txt	ENSG00000112041	TULP1	0	-0.7651646019374791	0.9033859838849708	0.2972423948339317	0.2576190649454958
height	annotated_credset_1234.txt	ENSG00000096060	FKBP5	0	-0.3386688715088424	0.8913834859031574	0.6220630316403022	0.5482249920153951
height	annotated_credset_1234.txt	ENSG00000157343	ARMC12	0	-0.7969766836370964	0.9405053843693356	0.2327902037094778	0.5758456606199288
height	annotated_credset_1234.txt	ENSG00000196748	CLPSL2	0	-0.8687722345663542	0.7368284769926736	0.0911715387558692	0.6169114605021474
height	annotated_credset_1234.txt	ENSG00000204140	CLPSL1	0	-0.9143580039442888	0.7125493122934216	0.0	0.6359437937721429
height	annotated_credset_1234.txt	ENSG00000137392	CLPS	0	-0.6885587967680973	0.9335293132073172	0.1190965260772368	0.6408437133196685
height	annotated_credset_1234.txt	ENSG00000197753	LHFPL5	0	-0.866015542566615	0.2257017958052183	0.1409521003371349	0.6901164741602015
height	annotated_credset_1234.txt	ENSG00000096063	SRPK1	0	-0.5151789844178563	0.1181362618616056	0.3870578567103359	0.8079894562787294
height	annotated_credset_1234.txt	ENSG00000112053	SLC26A8	0	-0.6905441816384774	0.8335338826862443	0.2044240046274924	0.9475024021195252
height	annotated_credset_1234.txt	ENSG00000112062	MAPK14	0	0.3386688715088424	0.8656877827365086	0.5718351058104373	1.0
height	annotated_credset_1234.txt	ENSG00000156711	MAPK13	0	-0.6718349511943569	0.7447793703258037	0.4555960465627912	0.9137730054322264
height	annotated_credset_1234.txt	ENSG00000096070	BRPF3	0	-0.5278377846245712	0.872861864652034	0.4174199352138372	0.8208753283121286
height	annotated_credset_1234.txt	ENSG00000180316	PNPLA1	0	-0.8619682175313506	0.8072136840662268	0.0981070712618508	0.7582665928174942
height	annotated_credset_1234.txt	ENSG00000189325	C6orf222	0	-0.8841237320002233	0.5912753415685497	0.1057754648933801	0.6604919055646968
height	annotated_credset_1234.txt	ENSG00000010030	ETV7	0	-0.8727189478359854	0.3732350387644128	0.1324623153644952	0.6080899881814372
height	annotated_credset_1234.txt	ENSG00000179165	PXT1	0	-0.8481159363069743	0.4990327936270999	0.1850579353616041	0.5596985660053931
height	annotated_credset_1234.txt	ENSG00000112078	KCTD20	0	-0.7869020833561413	0.5307754405739264	0.3090905559284921	0.4893316245605098
height	annotated_credset_1234.txt	ENSG00000112079	STK38	0	-0.7065221049880723	0.5509116110459537	0.4659896814039493	0.4204349285024115
height	annotated_credset_1234.txt	ENSG00000112081	SRSF3	0	-0.7521380119990855	0.0726851781335201	0.378618698642604	0.2850322012039571
height	annotated_credset_1234.txt	ENSG00000124762	CDKN1A	0	-0.4414473613203875	0.3939652414969612	1.0	0.1743123469617399
height	annotated_credset_1234.txt	ENSG00000255587	RAB44	0	-0.8483145699353567	0.0	0.1862655827700619	0.1218214871444492
height	annotated_credset_1234.txt	ENSG00000124772	CPNE5	0	-0.7918326637901931	0.1263003975446666	0.2974759456203861	0.0877322778831161
height	annotated_credset_1312.txt	ENSG00000168438	CDC40	0	-0.887238780887573	0.0	0.0	0.0067508529783716
height	annotated_credset_1312.txt	ENSG00000053328	METTL24	0	-0.6119842627668519	0.2640784004442316	0.4641601449832023	0.1677873546243737
height	annotated_credset_1312.txt	ENSG00000203797	DDO	0	-0.668109117970235	0.644292790490868	0.3332262857879842	0.2564993480405247
height	annotated_credset_1312.txt	ENSG00000004809	SLC22A16	0	-0.5504474167375679	0.7887887847609237	0.1343460635279763	0.3510785040165256
height	annotated_credset_1312.txt	ENSG00000155111	CDK19	0	-0.0006006759719541	1.0	1.0	0.8765015703455206
height	annotated_credset_1312.txt	ENSG00000123505	AMD1	1	0.0006006759719541	0.8319846772278982	0.5426978279417715	1.0
height	annotated_credset_1312.txt	ENSG00000155115	GTF3C6	0	-0.2764039890117913	0.6983329242432169	0.5220434956091683	0.9258224575241092
height	annotated_credset_1312.txt	ENSG00000197498	RPF2	0	-0.2666061613161672	0.6860803399337676	0.4433825630182391	0.8895030334435396
height	annotated_credset_1312.txt	ENSG00000112394	SLC16A10	0	-0.6058563112343343	0.5435157875252999	0.5543842878324784	0.7260416237561744
height	annotated_credset_1312.txt	ENSG00000173214	KIAA1919	0	-0.7053457473731134	0.5983003311618026	0.4630301847657357	0.4600604907645133
height	annotated_credset_1312.txt	ENSG00000009413	REV3L	0	-0.4728571998343256	0.7174662701845734	0.7641117920579718	0.3986124538517341
height	annotated_credset_1312.txt	ENSG00000056972	TRAF3IP2	0	-0.021264290953439	0.7732366539379284	0.3143146119254577	0.0
height	annotated_credset_1578.txt	ENSG00000223443	USP17L2	0	-0.5532953364233046	0.0493833939427643	0.0516888379167593	0.0
height	annotated_credset_1578.txt	ENSG00000186523	FAM86B1	0	-0.5214532332976249	0.0082686274496025	0.1153730441681189	0.0884148928330344
height	annotated_credset_1578.txt	ENSG00000232948	DEFB130	0	-0.5440349999973322	0.0082686274496025	0.0702095107687044	0.2878414155859535
height	annotated_credset_1578.txt	ENSG00000145002	FAM86B2	0	-0.5025590320589783	0.0082686274496025	0.1531614466454122	0.4774831384618078
height	annotated_credset_1578.txt	ENSG00000154359	LONRF1	0	-0.0163398522004079	0.2276250114059899	0.1521276879848674	0.9908390587476552
height	annotated_credset_1578.txt	ENSG00000250305	KIAA1456	0	-0.2377907496825266	0.0	0.0	1.0
height	annotated_credset_1578.txt	ENSG00000164741	DLC1	1	0.0163398522004079	1.0	1.0	0.7788359011538676
height	annotated_credset_1578.txt	ENSG00000164743	C8orf48	0	-0.3888974923805073	0.1538838437076729	0.1409091399549908	0.0024080964331985
height	annotated_credset_1579.txt	ENSG00000154359	LONRF1	0	-0.7353583777436249	0.2276250114059899	0.1884378788899069	0.1231471389374985
height	annotated_credset_1579.txt	ENSG00000250305	KIAA1456	0	-0.6112344930427862	0.0	0.0428250697545969	0.510720292094511
height	annotated_credset_1579.txt	ENSG00000164741	DLC1	1	0.5172584748760884	1.0	1.0	1.0
height	annotated_credset_1579.txt	ENSG00000164743	C8orf48	0	-0.5172584748760884	0.1538838437076729	0.177699765961955	0.7359724726330966
height	annotated_credset_1579.txt	ENSG00000185053	SGCZ	0	-0.9182687901957804	0.2203673386254449	0.0	0.0
height	annotated_credset_1580.txt	ENSG00000154359	LONRF1	0	-0.7974417114743225	0.2276250114059899	0.1884378788899069	0.1658236934602881
height	annotated_credset_1580.txt	ENSG00000250305	KIAA1456	0	-0.6858010063427282	0.0	0.0428250697545969	0.5445840690440437
height	annotated_credset_1580.txt	ENSG00000164741	DLC1	1	0.5285225904480642	1.0	1.0	1.0
height	annotated_credset_1580.txt	ENSG00000164743	C8orf48	0	-0.5285225904480642	0.1538838437076729	0.177699765961955	0.7192376661881109
height	annotated_credset_1580.txt	ENSG00000185053	SGCZ	0	-0.8906556570037181	0.2203673386254449	0.0	0.0
height	annotated_credset_1581.txt	ENSG00000154359	LONRF1	0	-0.5735801065453523	0.2276250114059899	0.1884378788899069	0.0
height	annotated_credset_1581.txt	ENSG00000250305	KIAA1456	0	-0.4709516833084418	0.0	0.0428250697545969	0.3871294944167032
height	annotated_credset_1581.txt	ENSG00000164741	DLC1	1	0.4456910586849872	1.0	1.0	1.0
height	annotated_credset_1581.txt	ENSG00000164743	C8orf48	0	-0.4456910586849872	0.1538838437076729	0.177699765961955	0.8604255883954889
height	annotated_credset_1581.txt	ENSG00000185053	SGCZ	0	-0.8278650545581158	0.2203673386254449	0.0	0.1252955905763748
height	annotated_credset_1582.txt	ENSG00000250305	KIAA1456	0	-0.8002949128406835	0.0	0.0428250697545969	0.2931611913033227
height	annotated_credset_1582.txt	ENSG00000164741	DLC1	1	0.686732927610082	1.0	1.0	1.0
height	annotated_credset_1582.txt	ENSG00000164743	C8orf48	0	-0.686732927610082	0.1538838437076729	0.177699765961955	0.8434858621617244
height	annotated_credset_1582.txt	ENSG00000185053	SGCZ	0	-0.9321558081610972	0.2203673386254449	0.0	0.0
height	annotated_credset_1589.txt	ENSG00000147439	BIN3	0	-0.5363575656124469	0.4997544057217477	0.5771484784556358	0.0
height	annotated_credset_1589.txt	ENSG00000179388	EGR3	0	-0.8157053656244433	0.4443938613410646	0.2430057482283955	0.0338548040366123
height	annotated_credset_1589.txt	ENSG00000134020	PEBP4	0	-0.884483835611366	0.3656359693785866	0.2411116023677093	0.4637298014871767
height	annotated_credset_1589.txt	ENSG00000008853	RHOBTB2	0	-0.8085417432656892	0.2104802865665919	0.418987226878399	0.4920411862158151
height	annotated_credset_1589.txt	ENSG00000120889	TNFRSF10B	0	-0.8989333555147032	0.0	0.0	0.560692685003315
height	annotated_credset_1589.txt	ENSG00000173535	TNFRSF10C	0	-0.6960936660499344	0.2117981095230679	0.1859482864765349	0.6283322119222037
height	annotated_credset_1589.txt	ENSG00000173530	TNFRSF10D	0	-0.8667343944599031	0.0459596746175318	0.1334094911327325	0.6936380364017052
height	annotated_credset_1589.txt	ENSG00000104689	TNFRSF10A	0	-0.7694623709766919	0.4854500365396366	0.2881874648722263	0.7792716005078933
height	annotated_credset_1589.txt	ENSG00000147457	CHMP7	0	-0.6289380250908276	0.7037054785494363	0.4565663310900609	0.8309536485844854
height	annotated_credset_1589.txt	ENSG00000104679	R3HCC1	0	-0.4176217049983408	0.9372476668543568	0.5845170645749003	0.879001287997215
height	annotated_credset_1589.txt	ENSG00000134013	LOXL2	1	0.3317419841840883	1.0	1.0	1.0
height	annotated_credset_1589.txt	ENSG00000197217	ENTPD4	0	-0.5185918481924625	0.7090726120449019	0.2687518146170157	0.9955478392490816
height	annotated_credset_1589.txt	ENSG00000147454	SLC25A37	0	-0.3317419841840883	0.9304668687328534	0.7973958432853144	0.7950849021403472
height	annotated_credset_1589.txt	ENSG00000268085	AC051642.1	0	-0.8488111557560873	0.0810820524493536	0.3183690275842481	0.7586861522013398
height	annotated_credset_1589.txt	ENSG00000215298	FP15737	0	-0.895274918120345	0.8014639815025578	0.1625723116859941	0.73363914764167
height	annotated_credset_1589.txt	ENSG00000167034	NKX3-1	0	-0.5543977430268379	0.4687256652010878	0.5208310354234235	0.5849984209181998
height	annotated_credset_1589.txt	ENSG00000180053	NKX2-6	0	-0.8426128129708983	0.3056630446502378	0.0653420576446778	0.5516986596239282
height	annotated_credset_1589.txt	ENSG00000159167	STC1	0	-0.6260090981767459	0.5464652394244708	0.5982941647766228	0.3562226974577402
height	annotated_credset_1590.txt	ENSG00000120910	PPP3CC	0	-0.4458113280370979	0.4978615327479004	0.6701770205842869	0.0
height	annotated_credset_1590.txt	ENSG00000120896	SORBS3	0	-0.4048792159741015	0.5753495225886835	0.745170498097731	0.0465187154288169
height	annotated_credset_1590.txt	ENSG00000120913	PDLIM2	0	-0.4527806083737977	0.4583388242623187	0.659346246089476	0.0763734493314
height	annotated_credset_1590.txt	ENSG00000248235	AC037459.4	0	-0.6232692176264116	0.0810820524493536	0.3183690275842481	0.0818229418398582
height	annotated_credset_1590.txt	ENSG00000241852	C8orf58	0	-0.5595092115164471	0.3344634663535839	0.4458890398041776	0.0845966919069867
height	annotated_credset_1590.txt	ENSG00000158941	CCAR2	0	-0.5712337220570356	0.4984246025565766	0.4224400187230005	0.1079090811449438
height	annotated_credset_1590.txt	ENSG00000147439	BIN3	0	-0.4938794921907179	0.4997544057217477	0.5771484784556358	0.1718610708340046
height	annotated_credset_1590.txt	ENSG00000179388	EGR3	0	-0.6609508573043381	0.4443938613410646	0.2430057482283955	0.2042895118414693
height	annotated_credset_1590.txt	ENSG00000134020	PEBP4	0	-0.6592879620492562	0.3656359693785866	0.2411116023677093	0.6160531120777617
height	annotated_credset_1590.txt	ENSG00000008853	RHOBTB2	0	-0.5703501497939114	0.2104802865665919	0.418987226878399	0.643171687879276
height	annotated_credset_1590.txt	ENSG00000120889	TNFRSF10B	0	-0.7754941738852716	0.0	0.0	0.7089307770796413
height	annotated_credset_1590.txt	ENSG00000173535	TNFRSF10C	0	-0.485223172813142	0.2117981095230679	0.1859482864765349	0.7737205305837496
height	annotated_credset_1590.txt	ENSG00000173530	TNFRSF10D	0	-0.447551091755795	0.0459596746175318	0.1334094911327325	0.8362749046775146
height	annotated_credset_1590.txt	ENSG00000104689	TNFRSF10A	0	-0.6299128287248543	0.4854500365396366	0.2881874648722263	0.9183005746200528
height	annotated_credset_1590.txt	ENSG00000147457	CHMP7	0	-0.3741470148862618	0.7037054785494363	0.4565663310900609	0.9678051662101927
height	annotated_credset_1590.txt	ENSG00000104679	R3HCC1	0	0.1133608378180719	0.9372476668543568	0.5845170645749003	1.0
height	annotated_credset_1590.txt	ENSG00000134013	LOXL2	1	-0.1133608378180719	1.0	1.0	0.984949787873906
height	annotated_credset_1590.txt	ENSG00000197217	ENTPD4	0	-0.5936323785724609	0.7090726120449019	0.2687518146170157	0.8660061221201869
height	annotated_credset_1590.txt	ENSG00000147454	SLC25A37	0	-0.3300928540149228	0.9304668687328534	0.7973958432853144	0.673989044627034
height	annotated_credset_1590.txt	ENSG00000268085	AC051642.1	0	-0.6206592494409868	0.0810820524493536	0.3183690275842481	0.6391238386767628
height	annotated_credset_1590.txt	ENSG00000215298	FP15737	0	-0.6494919578806839	0.8014639815025578	0.1625723116859941	0.6151321089092959
height	annotated_credset_1590.txt	ENSG00000167034	NKX3-1	0	-0.522038213706824	0.4687256652010878	0.5208310354234235	0.4727538800279254
height	annotated_credset_1590.txt	ENSG00000180053	NKX2-6	0	-0.7497827025961968	0.3056630446502378	0.0653420576446778	0.440857096826164
height	annotated_credset_1590.txt	ENSG00000159167	STC1	0	-0.4783173826346556	0.5464652394244708	0.5982941647766228	0.2536168841630417
height	annotated_credset_1593.txt	ENSG00000104689	TNFRSF10A	0	-0.6491213647761636	0.4400479772629493	0.2777046919481368	0.0
height	annotated_credset_1593.txt	ENSG00000147457	CHMP7	0	-0.5243799007068168	0.6775615034614031	0.4485632523729024	0.0585582223379774
height	annotated_credset_1593.txt	ENSG00000104679	R3HCC1	0	-0.4560964429574057	0.9317106240955372	0.5783983000815023	0.1129984865352456
height	annotated_credset_1593.txt	ENSG00000134013	LOXL2	1	-0.2365987388836243	1.0	1.0	0.3179419420309649
height	annotated_credset_1593.txt	ENSG00000197217	ENTPD4	0	-0.6196701192249261	0.6834022137334915	0.2579828153366836	0.3693441599794181
height	annotated_credset_1593.txt	ENSG00000147454	SLC25A37	0	-0.3480895342151044	0.9243315124571398	0.7944121175661045	0.5563721948097529
height	annotated_credset_1593.txt	ENSG00000268085	AC051642.1	0	-0.6351414608821659	0.0	0.3083307347062251	0.5367987917691657
height	annotated_credset_1593.txt	ENSG00000215298	FP15737	0	-0.6701757828316693	0.7839458691315854	0.150239620332975	0.5563690185983061
height	annotated_credset_1593.txt	ENSG00000167034	NKX3-1	0	-0.4129228184500257	0.4218479068615308	0.5137743748561497	0.7270363882664397
height	annotated_credset_1593.txt	ENSG00000180053	NKX2-6	0	-0.753239153698314	0.2443972204477008	0.0515774686723175	0.7646284388444308
height	annotated_credset_1593.txt	ENSG00000159167	STC1	0	0.2365987388836243	0.5064469447088119	0.5923782938905158	1.0
height	annotated_credset_1593.txt	ENSG00000042980	ADAM28	0	-0.4893022324522587	0.9787492014653923	0.5119867210917962	0.5140160539515256
height	annotated_credset_1593.txt	ENSG00000134028	ADAMDEC1	0	-0.7669986962888224	0.4929794141037508	0.044616263892912	0.3706974529456194
height	annotated_credset_1593.txt	ENSG00000069206	ADAM7	0	-0.7893068282352784	0.277916118013637	0.0	0.2807392042450869
height	annotated_credset_1594.txt	ENSG00000197217	ENTPD4	0	-0.6472397180943226	0.6982403793640857	0.3247468280406944	0.0
height	annotated_credset_1594.txt	ENSG00000147454	SLC25A37	0	-0.3252765771105499	0.9444007832376488	1.0	0.2701892792356067
height	annotated_credset_1594.txt	ENSG00000268085	AC051642.1	0	-0.7703569448147207	0.0	0.388124410351241	0.2419126432514781
height	annotated_credset_1594.txt	ENSG00000215298	FP15737	0	-0.8291308056235491	0.8009670587295032	0.1891205043463769	0.2701846907348385
height	annotated_credset_1594.txt	ENSG00000167034	NKX3-1	0	-0.5377503226343172	0.43100715303771	0.6467353197358517	0.5167386025133668
height	annotated_credset_1594.txt	ENSG00000180053	NKX2-6	0	-0.8298769744379249	0.2497036218081068	0.0649253297272692	0.5710458033555824
height	annotated_credset_1594.txt	ENSG00000159167	STC1	0	-0.2052956773856664	0.5174430221251315	0.7456813419531241	0.9110743585338144
height	annotated_credset_1594.txt	ENSG00000042980	ADAM28	0	0.2052956773856664	1.0	0.6444850346195692	1.0
height	annotated_credset_1594.txt	ENSG00000134028	ADAMDEC1	0	-0.9275494343935222	0.5036830818003809	0.0561626174958231	0.7929553740861921
height	annotated_credset_1594.txt	ENSG00000069206	ADAM7	0	-0.963026547069809	0.283950288385971	0.0	0.662997561078406
height	annotated_credset_1619.txt	ENSG00000206579	XKR4	0	-1.1100531824696214	0.2604751507589936	0.0	0.585128731395177
height	annotated_credset_1619.txt	ENSG00000253976	RP11-386G21.1	0	-0.911150060676846	0.0	0.4016497894992472	0.0
height	annotated_credset_1619.txt	ENSG00000253857	RP11-386G21.2	0	-0.9121899233095976	0.0	0.4016497894992472	0.0327468309400385
height	annotated_credset_1619.txt	ENSG00000167904	TMEM68	0	-0.8042807213181101	0.513451341235184	0.3103402409065384	0.923815198312372
height	annotated_credset_1619.txt	ENSG00000137574	TGS1	0	-0.0035517383160944	0.3015569765023914	0.4188024679274155	1.0
height	annotated_credset_1619.txt	ENSG00000254087	LYN	0	0.0035517383160944	0.9689904346017884	0.8958740585666712	0.9293138719514404
height	annotated_credset_1619.txt	ENSG00000008988	RPS20	0	-0.5264446816081726	0.9233988355167396	0.5916124437318699	0.654851832597857
height	annotated_credset_1619.txt	ENSG00000172680	MOS	0	-0.8956863657981317	0.9223591183198172	0.2800515158808213	0.5880274510019009
height	annotated_credset_1619.txt	ENSG00000181690	PLAG1	1	-0.7087573077233699	0.9256862133499688	0.5826844657095445	0.5178140527477935
height	annotated_credset_1619.txt	ENSG00000170791	CHCHD7	0	-0.6944310564556849	1.0	0.4648070552963056	0.4434723491044908
height	annotated_credset_1619.txt	ENSG00000170786	SDR16C5	0	-1.010646612328201	0.7940060303597422	0.1375398038723185	0.3141714820139652
height	annotated_credset_1619.txt	ENSG00000181195	PENK	0	-0.5794165142643602	0.9897197962154296	1.0	0.1141038480746103
height	annotated_credset_1620.txt	ENSG00000206579	XKR4	0	-0.9142415277085768	0.0	0.0	0.0
height	annotated_credset_1620.txt	ENSG00000167904	TMEM68	0	-0.4597175692883888	0.3420793645214579	0.3103402409065384	0.5042740709936282
height	annotated_credset_1620.txt	ENSG00000137574	TGS1	0	-0.3393149288690757	0.0555516502056166	0.4188024679274155	0.6177064748465257
height	annotated_credset_1620.txt	ENSG00000254087	LYN	0	0.1636478130905667	0.9580682577062318	0.8958740585666712	1.0
height	annotated_credset_1620.txt	ENSG00000008988	RPS20	0	-0.1636478130905667	0.8964184035710521	0.5916124437318699	0.8551459573778414
height	annotated_credset_1620.txt	ENSG00000172680	MOS	0	-0.3760908365253683	0.8950124775930548	0.2800515158808213	0.7556503877563273
height	annotated_credset_1620.txt	ENSG00000181690	PLAG1	1	-0.3245207080847008	0.899511440722646	0.5826844657095445	0.6511088733044015
height	annotated_credset_1620.txt	ENSG00000170791	CHCHD7	0	-0.3745175244821159	1.0	0.4648070552963056	0.5404206787566825
height	annotated_credset_1620.txt	ENSG00000170786	SDR16C5	0	-0.7977577500018488	0.7214509156092932	0.1375398038723185	0.3479031706783727
height	annotated_credset_1620.txt	ENSG00000181195	PENK	0	-0.3649486652932632	0.9860989068925522	1.0	0.0500202314544456
height	annotated_credset_1621.txt	ENSG00000206579	XKR4	0	-0.8999593460921893	0.0	0.0	0.0
height	annotated_credset_1621.txt	ENSG00000167904	TMEM68	0	-0.6073394842753947	0.3420793645214579	0.3103402409065384	0.4057682068549877
height	annotated_credset_1621.txt	ENSG00000137574	TGS1	0	-0.5490075712044094	0.0555516502056166	0.4188024679274155	0.4970425073954623
height	annotated_credset_1621.txt	ENSG00000254087	LYN	0	0.0821872922228235	0.9580682577062318	0.8958740585666712	0.8231489335285509
height	annotated_credset_1621.txt	ENSG00000008988	RPS20	0	-0.2912418521773041	0.8964184035710521	0.5916124437318699	0.933870390049748
height	annotated_credset_1621.txt	ENSG00000172680	MOS	0	-0.0821872922228235	0.8950124775930548	0.2800515158808213	1.0
height	annotated_credset_1621.txt	ENSG00000181690	PLAG1	1	-0.2434695226002101	0.899511440722646	0.5826844657095445	0.915879825473718
height	annotated_credset_1621.txt	ENSG00000170791	CHCHD7	0	-0.4367909525687923	1.0	0.4648070552963056	0.826813675129828
height	annotated_credset_1621.txt	ENSG00000170786	SDR16C5	0	-0.9033511186555416	0.7214509156092932	0.1375398038723185	0.6719029062949309
height	annotated_credset_1621.txt	ENSG00000181195	PENK	0	-0.4718203747634539	0.9860989068925522	1.0	0.4322089917071363
height	annotated_credset_1622.txt	ENSG00000206579	XKR4	0	-0.84033822277313	0.0	0.0	0.0347116876656899
height	annotated_credset_1622.txt	ENSG00000167904	TMEM68	0	-0.4878139644223693	0.3420793645214579	0.3103402409065384	0.3647069989259001
height	annotated_credset_1622.txt	ENSG00000137574	TGS1	0	-0.4300839986589706	0.0555516502056166	0.4188024679274155	0.4389367949228943
height	annotated_credset_1622.txt	ENSG00000254087	LYN	0	-0.2895809758803889	0.9580682577062318	0.8958740585666712	0.704146315476095
height	annotated_credset_1622.txt	ENSG00000008988	RPS20	0	-0.4405069350082997	0.8964184035710521	0.5916124437318699	0.7941917179759364
height	annotated_credset_1622.txt	ENSG00000172680	MOS	0	-0.6487811499828657	0.8950124775930548	0.2800515158808213	0.8504934513706319
height	annotated_credset_1622.txt	ENSG00000181690	PLAG1	1	-0.0897967997785873	0.899511440722646	0.5826844657095445	0.9893392998735318
height	annotated_credset_1622.txt	ENSG00000170791	CHCHD7	0	0.0897967997785873	1.0	0.4648070552963056	1.0
height	annotated_credset_1622.txt	ENSG00000170786	SDR16C5	0	-0.2697772012614703	0.7214509156092932	0.1375398038723185	0.9384425755025922
height	annotated_credset_1622.txt	ENSG00000181195	PENK	0	-0.2912474797082496	0.9860989068925522	1.0	0.7435089493206739
height	annotated_credset_1622.txt	ENSG00000104331	IMPAD1	0	-0.1532185255116644	0.1306456715053952	0.6218108628762026	0.0
height	annotated_credset_1623.txt	ENSG00000206579	XKR4	0	-0.9858998492036916	0.0	0.0	0.0
height	annotated_credset_1623.txt	ENSG00000167904	TMEM68	0	-0.7651542482893018	0.3420793645214579	0.3103402409065384	0.3502485060975639
height	annotated_credset_1623.txt	ENSG00000137574	TGS1	0	-0.7109231347788632	0.0555516502056166	0.4188024679274155	0.4290340956763606
height	annotated_credset_1623.txt	ENSG00000254087	LYN	0	-0.4707433837516853	0.9580682577062318	0.8958740585666712	0.7105206356574214
height	annotated_credset_1623.txt	ENSG00000008988	RPS20	0	-0.2761547473710207	0.8964184035710521	0.5916124437318699	0.8060925017729812
height	annotated_credset_1623.txt	ENSG00000172680	MOS	0	-0.473273774261938	0.8950124775930548	0.2800515158808213	0.8658497084341572
height	annotated_credset_1623.txt	ENSG00000181690	PLAG1	1	0.2761547473710207	0.899511440722646	0.5826844657095445	1.0
height	annotated_credset_1623.txt	ENSG00000170791	CHCHD7	0	-0.3203079427446561	1.0	0.4648070552963056	0.9862348548100782
height	annotated_credset_1623.txt	ENSG00000170786	SDR16C5	0	-0.6857785120830535	0.7214509156092932	0.1375398038723185	0.85251992977102
height	annotated_credset_1623.txt	ENSG00000181195	PENK	0	-0.4554568364893055	0.9860989068925522	1.0	0.645622410234565
height	annotated_credset_1624.txt	ENSG00000206579	XKR4	0	-0.8555624633753824	0.0	0.0	0.0
height	annotated_credset_1624.txt	ENSG00000167904	TMEM68	0	-0.7015020621985415	0.3420793645214579	0.3103402409065384	0.32709935612122
height	annotated_credset_1624.txt	ENSG00000137574	TGS1	0	-0.6472709486881029	0.0555516502056166	0.4188024679274155	0.4006777302590285
height	annotated_credset_1624.txt	ENSG00000254087	LYN	0	-0.3721552464280149	0.9580682577062318	0.8958740585666712	0.6635598393377384
height	annotated_credset_1624.txt	ENSG00000008988	RPS20	0	-0.5228674632997612	0.8964184035710521	0.5916124437318699	0.7528150262278004
height	annotated_credset_1624.txt	ENSG00000172680	MOS	0	-0.6784167208082017	0.8950124775930548	0.2800515158808213	0.8086226698927487
height	annotated_credset_1624.txt	ENSG00000181690	PLAG1	1	-0.470539848745708	0.899511440722646	0.5826844657095445	0.9462500424513574
height	annotated_credset_1624.txt	ENSG00000170791	CHCHD7	0	-0.4869712631121783	1.0	0.4648070552963056	0.9568171869779034
height	annotated_credset_1624.txt	ENSG00000170786	SDR16C5	0	0.071852579685502	0.7214509156092932	0.1375398038723185	1.0
height	annotated_credset_1624.txt	ENSG00000181195	PENK	0	-0.071852579685502	0.9860989068925522	1.0	0.8067770618710352
height	annotated_credset_1624.txt	ENSG00000104331	IMPAD1	0	-0.5457667512137094	0.1306456715053952	0.6218108628762026	0.0697929584775585
height	annotated_credset_1625.txt	ENSG00000137574	TGS1	0	-0.8156112820307464	0.0	0.3261166895793274	0.0
height	annotated_credset_1625.txt	ENSG00000254087	LYN	0	-0.2908904122230162	0.955601868219795	0.8792686991227666	0.2992711891141921
height	annotated_credset_1625.txt	ENSG00000008988	RPS20	0	-0.4757774878434444	0.8903258219981021	0.5264853287122934	0.4008813976172004
height	annotated_credset_1625.txt	ENSG00000172680	MOS	0	-0.8533440776212275	0.8888372006475502	0.1652385961095471	0.4644141345531687
height	annotated_credset_1625.txt	ENSG00000181690	PLAG1	1	-0.6760194009342972	0.8936007889693158	0.5161335721182955	0.6210923793550797
height	annotated_credset_1625.txt	ENSG00000170791	CHCHD7	0	-0.5107889150199216	1.0	0.3794578032625373	0.6331222657520047
height	annotated_credset_1625.txt	ENSG00000170786	SDR16C5	0	-0.6375654173973451	0.7050668949219404	0.0	0.7972624523971247
height	annotated_credset_1625.txt	ENSG00000181195	PENK	0	0.2908904122230162	0.9852812563964198	1.0	1.0
height	annotated_credset_1625.txt	ENSG00000104331	IMPAD1	0	-0.5515629439164846	0.0795109878863437	0.5614996044782001	0.2982298976941074
height	annotated_credset_1626.txt	ENSG00000254087	LYN	0	-0.4487940416662964	0.9517667987385784	0.8792686991227666	0.0
height	annotated_credset_1626.txt	ENSG00000008988	RPS20	0	-0.4276893126869626	0.8808522681329345	0.5264853287122934	0.145006466017232
height	annotated_credset_1626.txt	ENSG00000172680	MOS	0	-0.808856380637048	0.8792350610495677	0.1652385961095471	0.2356731204333035
height	annotated_credset_1626.txt	ENSG00000181690	PLAG1	1	-0.4433392171871172	0.884410123716342	0.5161335721182955	0.4592663884250252
height	annotated_credset_1626.txt	ENSG00000170791	CHCHD7	0	-0.4908067736654723	1.0	0.3794578032625373	0.4764340661486196
height	annotated_credset_1626.txt	ENSG00000170786	SDR16C5	0	-0.8937665832137637	0.6795908466079082	0.0	0.7106761639405265
height	annotated_credset_1626.txt	ENSG00000181195	PENK	0	0.4276893126869626	0.9840098649632087	1.0	1.0
height	annotated_credset_1626.txt	ENSG00000104331	IMPAD1	0	-0.4408451286576164	0.0	0.5614996044782001	0.6494034949672912
height	annotated_credset_1627.txt	ENSG00000181690	PLAG1	1	-0.1838918223930135	0.884410123716342	0.5161335721182955	0.0
height	annotated_credset_1627.txt	ENSG00000170791	CHCHD7	0	-0.2706968947023622	1.0	0.3794578032625373	0.0103875340400541
height	annotated_credset_1627.txt	ENSG00000170786	SDR16C5	0	-0.8673375867045721	0.6795908466079082	0.0	0.1521188621557405
height	annotated_credset_1627.txt	ENSG00000181195	PENK	0	-0.116970839325269	0.9840098649632087	1.0	0.3271781359873084
height	annotated_credset_1627.txt	ENSG00000104331	IMPAD1	0	0.116970839325269	0.0	0.5614996044782001	1.0
height	annotated_credset_1642.txt	ENSG00000104369	JPH1	0	-0.5977604856072477	0.8087478020597839	0.2621496817582356	0.0
height	annotated_credset_1642.txt	ENSG00000104381	GDAP1	0	-0.7457233897496196	0.2544743782969103	0.0453373569024469	0.2617140250200424
height	annotated_credset_1642.txt	ENSG00000254349	RP11-758M4.1	0	-0.6239992785576973	0.0	0.2478948856217407	0.7841314212964117
height	annotated_credset_1642.txt	ENSG00000137558	PI15	0	-0.5237412630979851	0.5626569957297162	0.4354662182074248	0.8336737625174382
height	annotated_credset_1642.txt	ENSG00000121005	CRISPLD1	1	0.5237412630979851	1.0	1.0	1.0
height	annotated_credset_1642.txt	ENSG00000164749	HNF4G	0	-0.768392068200843	0.4954157246922884	0.0	0.3386247404892987
height	annotated_credset_1643.txt	ENSG00000104381	GDAP1	0	-0.7520979574967357	0.2544743782969103	0.0453373569024469	0.0
height	annotated_credset_1643.txt	ENSG00000254349	RP11-758M4.1	0	-0.6487825620297585	0.0	0.2478948856217407	0.6128817671701308
height	annotated_credset_1643.txt	ENSG00000137558	PI15	0	-0.5482578157846764	0.5626569957297162	0.4354662182074248	0.6710031043493877
height	annotated_credset_1643.txt	ENSG00000121005	CRISPLD1	1	0.5482578157846764	1.0	1.0	1.0
height	annotated_credset_1643.txt	ENSG00000164749	HNF4G	0	-0.7649614334638283	0.4954157246922884	0.0	0.6736804682546372
height	annotated_credset_1644.txt	ENSG00000104381	GDAP1	0	-0.5613007153627061	0.2544743782969103	0.0453373569024469	0.0
height	annotated_credset_1644.txt	ENSG00000254349	RP11-758M4.1	0	-0.7448209307622755	0.0	0.2478948856217407	0.6128817671701308
height	annotated_credset_1644.txt	ENSG00000137558	PI15	0	-0.6476355347407348	0.5626569957297162	0.4354662182074248	0.6710031043493877
height	annotated_credset_1644.txt	ENSG00000121005	CRISPLD1	1	0.5613007153627061	1.0	1.0	1.0
height	annotated_credset_1644.txt	ENSG00000164749	HNF4G	0	-0.8699829374197341	0.4954157246922884	0.0	0.5749938379326635
height	annotated_credset_1645.txt	ENSG00000104381	GDAP1	0	-0.2685805763360642	0.2544743782969103	0.0453373569024469	0.0
height	annotated_credset_1645.txt	ENSG00000254349	RP11-758M4.1	0	-0.972090222640022	0.0	0.2478948856217407	0.6128817671701308
height	annotated_credset_1645.txt	ENSG00000137558	PI15	0	-0.8713458928835875	0.5626569957297162	0.4354662182074248	0.6710031043493877
height	annotated_credset_1645.txt	ENSG00000121005	CRISPLD1	1	0.2685805763360642	1.0	1.0	1.0
height	annotated_credset_1645.txt	ENSG00000164749	HNF4G	0	-0.8035387788656569	0.4954157246922884	0.0	0.7241105845187815
height	annotated_credset_1646.txt	ENSG00000254349	RP11-758M4.1	0	-0.6652183520385254	0.0	0.2478948856217407	0.0
height	annotated_credset_1646.txt	ENSG00000137558	PI15	0	-0.5701755045780807	0.5626569957297162	0.4354662182074248	0.047803148488213
height	annotated_credset_1646.txt	ENSG00000121005	CRISPLD1	1	-0.1012759208679199	1.0	1.0	0.3183937477106999
height	annotated_credset_1646.txt	ENSG00000164749	HNF4G	0	0.1012759208679199	0.4954157246922884	0.0	1.0
height	annotated_credset_168.txt	ENSG00000203818	HIST2H3PS2	0	-0.8320061744994827	0.0	0.251410961396757	0.3007716185571982
height	annotated_credset_168.txt	ENSG00000203817	FAM72C	0	-0.7829078520694832	0.0	0.3496076062567557	0.3830813737728928
height	annotated_credset_168.txt	ENSG00000198161	PPIAL4C	0	-0.8448006823480372	0.0	0.2258219456996477	0.5145353828229485
height	annotated_credset_168.txt	ENSG00000203815	FAM231D	0	-0.8369267574415562	0.3467857862564654	0.2352695845598507	0.6858616450478041
height	annotated_credset_168.txt	ENSG00000150337	FCGR1A	0	-0.9536355319602512	0.1341237321152683	0.0	0.8078678941358908
height	annotated_credset_168.txt	ENSG00000203814	HIST2H2BF	0	-0.7424127408171679	0.3619936857661046	0.4224455822861668	0.8355625385010068
height	annotated_credset_168.txt	ENSG00000183598	HIST2H3D	0	-0.6877432986739895	0.0	0.5317844665725233	0.8373870874498117
height	annotated_credset_168.txt	ENSG00000183941	HIST2H4A	0	-0.8656241809188057	0.0	0.1760227020828908	0.8737985562652959
height	annotated_credset_168.txt	ENSG00000203811	HIST2H3C	0	-0.7891087706024202	0.0	0.3290535227156622	0.8757877051957208
height	annotated_credset_168.txt	ENSG00000183558	HIST2H2AA3	0	-0.7003360438845037	0.0	0.4431721239252378	0.8781771947594079
height	annotated_credset_168.txt	ENSG00000203812	HIST2H2AA4	0	-0.8795109234087977	0.0	0.0848223648766497	0.8903310900124177
height	annotated_credset_168.txt	ENSG00000203852	HIST2H3A	0	-0.6858284185382806	0.0	0.5356142268439412	0.8940206404478832
height	annotated_credset_168.txt	ENSG00000182217	HIST2H4B	0	-0.8268798447192554	0.0	0.2535113744819915	0.903614866495192
height	annotated_credset_168.txt	ENSG00000184678	HIST2H2BE	0	-0.5849376712264733	0.4947403775105796	0.6623158035598408	0.9392103099780684
height	annotated_credset_168.txt	ENSG00000184260	HIST2H2AC	0	-0.6110244787624928	0.0	0.5930894188268523	0.9402272030848564
height	annotated_credset_168.txt	ENSG00000184270	HIST2H2AB	0	-0.7120384968479656	0.0	0.3910613826559063	0.9409316352095862
height	annotated_credset_168.txt	ENSG00000178096	BOLA1	0	-0.5342546580005049	0.5750117552226774	0.7007328878273296	0.9589051162534324
height	annotated_credset_168.txt	ENSG00000159164	SV2A	0	-0.6096687463157867	0.8207697991536239	0.3436092209318733	0.982734450880675
height	annotated_credset_168.txt	ENSG00000143368	SF3B4	0	-0.3547144346889408	0.5072210653590381	0.7668606777045472	0.9978023237743984
height	annotated_credset_168.txt	ENSG00000014914	MTMR11	0	0.3547144346889408	1.0	0.7428747408469072	1.0
height	annotated_credset_168.txt	ENSG00000163113	OTUD7B	0	-0.5752833380528032	0.8207697991536239	0.4581682063650059	0.9889892251581448
height	annotated_credset_168.txt	ENSG00000136631	VPS45	0	-0.5586072235444867	0.4789279236918116	0.5387256451136946	0.8081189538295257
height	annotated_credset_168.txt	ENSG00000023902	PLEKHO1	0	-0.6466026231726447	0.3843756297440719	0.5462537324235407	0.6937303360942092
height	annotated_credset_168.txt	ENSG00000143401	ANP32E	0	-0.5631992079358219	0.882474642305367	0.6187141588215636	0.5970013435055819
height	annotated_credset_168.txt	ENSG00000118298	CA14	0	-0.6572643347840426	0.7540673070464163	0.4833652485852054	0.5428270258261212
height	annotated_credset_168.txt	ENSG00000117362	APH1A	0	-0.5455542413570864	0.2203264593269295	0.7614012906560976	0.5313189762637052
height	annotated_credset_168.txt	ENSG00000118292	C1orf54	0	-0.5645224390179135	0.4440652918653859	0.7243807803060621	0.5274187936483701
height	annotated_credset_168.txt	ENSG00000159208	C1orf51	0	-0.6805605662031702	0.4621884865990461	0.4932448488115253	0.5073975772399631
height	annotated_credset_168.txt	ENSG00000187145	MRPS21	0	-0.748446849425751	0.4691072748035198	0.3574722823663638	0.4915848196836543
height	annotated_credset_168.txt	ENSG00000117360	PRPF3	0	-0.6160258583562754	0.4616511049909317	0.6223142645053147	0.4530349460222084
height	annotated_credset_168.txt	ENSG00000163125	RPRD2	0	-0.5632696254065357	0.4509572109894538	0.7888840595826508	0.3949478914915263
height	annotated_credset_168.txt	ENSG00000143374	TARS2	0	-0.6205033505179556	0.4237925706992678	0.6744166093598108	0.2215320464491557
height	annotated_credset_168.txt	ENSG00000143369	ECM1	0	-0.8678684462131514	0.3912272452475314	0.1796864179694194	0.1927256547505554
height	annotated_credset_168.txt	ENSG00000143382	ADAMTSL4	1	-0.6256670130192776	0.6988647813528581	0.6078288177815444	0.1350514950890218
height	annotated_credset_168.txt	ENSG00000225996	AL356356.1	0	-0.7452930151420596	0.0	0.4248372801116029	0.1350333611927416
height	annotated_credset_168.txt	ENSG00000203804	ADAMTSL4-AS1	0	-0.7452930151420596	0.0	0.4248372801116029	0.1188760596071095
height	annotated_credset_168.txt	ENSG00000143384	MCL1	0	-0.4271401348693393	0.7881373010008732	1.0	0.0999721701925809
height	annotated_credset_168.txt	ENSG00000143420	ENSA	0	-0.5823400112084097	0.4845569960368105	0.7507432879789027	0.0632928776781895
height	annotated_credset_168.txt	ENSG00000143457	GOLPH3L	0	-0.7255494993935678	0.3391280983408343	0.4623863261883595	0.0
height	annotated_credset_1694.txt	ENSG00000066827	ZFAT	1	0.4412430226802826	1.0	1.0	1.0
height	annotated_credset_1695.txt	ENSG00000066827	ZFAT	1	0.4080982506275177	1.0	1.0	1.0
height	annotated_credset_1696.txt	ENSG00000066827	ZFAT	1	0.4685195982456207	1.0	1.0	1.0
height	annotated_credset_1697.txt	ENSG00000066827	ZFAT	1	0.3162640631198883	1.0	1.0	1.0
height	annotated_credset_1698.txt	ENSG00000066827	ZFAT	1	0.5702462196350098	1.0	1.0	1.0
height	annotated_credset_169.txt	ENSG00000203818	HIST2H3PS2	0	-0.6556758680230457	0.0	0.251410961396757	0.4267154802185013
height	annotated_credset_169.txt	ENSG00000203817	FAM72C	0	-0.6065775455930463	0.0	0.3496076062567557	0.5081730948426881
height	annotated_credset_169.txt	ENSG00000198161	PPIAL4C	0	-0.6660475066661254	0.0	0.2258219456996477	0.6382661801877169
height	annotated_credset_169.txt	ENSG00000203815	FAM231D	0	-0.6576785055801402	0.3467857862564654	0.2352695845598507	0.807818727230811
height	annotated_credset_169.txt	ENSG00000150337	FCGR1A	0	-0.7561360994500314	0.1341237321152683	0.0	0.9285618638604396
height	annotated_credset_169.txt	ENSG00000203814	HIST2H2BF	0	-0.5591268703186666	0.3619936857661046	0.4224455822861668	0.9559697897124336
height	annotated_credset_169.txt	ENSG00000183598	HIST2H3D	0	-0.5044574281754884	0.0	0.5317844665725233	0.9577754493787178
height	annotated_credset_169.txt	ENSG00000183941	HIST2H4A	0	-0.6203953158257307	0.0	0.1760227020828908	0.9938099557005974
height	annotated_credset_169.txt	ENSG00000203811	HIST2H3C	0	-0.535259345340125	0.0	0.3290535227156622	0.9957785112694976
height	annotated_credset_169.txt	ENSG00000183558	HIST2H2AA3	0	-0.2439736987194071	0.0	0.4431721239252378	0.9981432628049294
height	annotated_credset_169.txt	ENSG00000203812	HIST2H2AA4	0	-0.3687819896511718	0.0	0.0848223648766497	1.0
height	annotated_credset_169.txt	ENSG00000203852	HIST2H3A	0	-0.4091904686483	0.0	0.5356142268439412	0.99787683137099
height	annotated_credset_169.txt	ENSG00000182217	HIST2H4B	0	-0.5970182491421715	0.0	0.2535113744819915	0.9959082758020896
height	annotated_credset_169.txt	ENSG00000184678	HIST2H2BE	0	-0.1903396259309141	0.4947403775105796	0.6623158035598408	0.9539377323509882
height	annotated_credset_169.txt	ENSG00000184260	HIST2H2AC	0	-0.2569047225942834	0.0	0.5930894188268523	0.9504658408672688
height	annotated_credset_169.txt	ENSG00000184270	HIST2H2AB	0	-0.3723243488569415	0.0	0.3910613826559063	0.9497838868342838
height	annotated_credset_169.txt	ENSG00000178096	BOLA1	0	-0.2207469437825214	0.5750117552226774	0.7007328878273296	0.9492027073851204
height	annotated_credset_169.txt	ENSG00000159164	SV2A	0	-0.3650532726220951	0.8207697991536239	0.3436092209318733	0.9279019974074704
height	annotated_credset_169.txt	ENSG00000143368	SF3B4	0	-0.2776187092061563	0.5072210653590381	0.7668606777045472	0.8998245417862502
height	annotated_credset_169.txt	ENSG00000014914	MTMR11	0	-0.3363137049558381	1.0	0.7428747408469072	0.892461094798513
height	annotated_credset_169.txt	ENSG00000163113	OTUD7B	0	-0.3326725473768422	0.8207697991536239	0.4581682063650059	0.8798131942920171
height	annotated_credset_169.txt	ENSG00000136631	VPS45	0	-0.3821053749003863	0.4789279236918116	0.5387256451136946	0.700815445844705
height	annotated_credset_169.txt	ENSG00000023902	PLEKHO1	0	-0.4465431115646771	0.3843756297440719	0.5462537324235407	0.5876110763691884
height	annotated_credset_169.txt	ENSG00000143401	ANP32E	0	-0.4235674216429482	0.882474642305367	0.6187141588215636	0.4918835045811021
height	annotated_credset_169.txt	ENSG00000118298	CA14	0	-0.4948865219752082	0.7540673070464163	0.4833652485852054	0.4382700455142195
height	annotated_credset_169.txt	ENSG00000117362	APH1A	0	-0.4006807033933753	0.2203264593269295	0.7614012906560976	0.4268811370686192
height	annotated_credset_169.txt	ENSG00000118292	C1orf54	0	-0.4191909585683931	0.4440652918653859	0.7243807803060621	0.4230213324608739
height	annotated_credset_169.txt	ENSG00000159208	C1orf51	0	-0.5347589243156615	0.4621884865990461	0.4932448488115253	0.4032073927130312
height	annotated_credset_169.txt	ENSG00000187145	MRPS21	0	-0.6026452075382424	0.4691072748035198	0.3574722823663638	0.3875583422719009
height	annotated_credset_169.txt	ENSG00000117360	PRPF3	0	-0.4702242164687668	0.4616511049909317	0.6223142645053147	0.3494075696897661
height	annotated_credset_169.txt	ENSG00000163125	RPRD2	0	-0.3869393189300988	0.4509572109894538	0.7888840595826508	0.2919218817513794
height	annotated_credset_169.txt	ENSG00000143374	TARS2	0	-0.4441730440415187	0.4237925706992678	0.6744166093598108	0.1203013850293143
height	annotated_credset_169.txt	ENSG00000143369	ECM1	0	-0.6915381397367144	0.3912272452475314	0.1796864179694194	0.0917932215977879
height	annotated_credset_169.txt	ENSG00000143382	ADAMTSL4	1	0.1903396259309141	0.6988647813528581	0.6078288177815444	0.0347161538896918
height	annotated_credset_169.txt	ENSG00000225996	AL356356.1	0	-0.5689627086656227	0.0	0.4248372801116029	0.0346982077309291
height	annotated_credset_169.txt	ENSG00000203804	ADAMTSL4-AS1	0	-0.5689627086656227	0.0	0.4248372801116029	0.0187081802733061
height	annotated_credset_169.txt	ENSG00000143384	MCL1	0	-0.2255385318917427	0.7881373010008732	1.0	0.0
height	annotated_credset_170.txt	ENSG00000198161	PPIAL4C	0	-0.774909436647046	0.0	0.2258219456996477	0.0
height	annotated_credset_170.txt	ENSG00000203815	FAM231D	0	-0.7701856172169445	0.3467857862564654	0.2352695845598507	0.1824722340934501
height	annotated_credset_170.txt	ENSG00000150337	FCGR1A	0	-0.8186454641424082	0.1341237321152683	0.0	0.3124158431780084
height	annotated_credset_170.txt	ENSG00000203814	HIST2H2BF	0	-0.6765976183537864	0.3619936857661046	0.4224455822861668	0.3419122178966366
height	annotated_credset_170.txt	ENSG00000183598	HIST2H3D	0	-0.5332207887632511	0.0	0.5317844665725233	0.3438554665181721
height	annotated_credset_170.txt	ENSG00000183941	HIST2H4A	0	-0.7959059078969527	0.0	0.1760227020828908	0.3826357560961088
height	annotated_credset_170.txt	ENSG00000203811	HIST2H3C	0	-0.7193904975805671	0.0	0.3290535227156622	0.3847543130795259
height	annotated_credset_170.txt	ENSG00000183558	HIST2H2AA3	0	-0.6623311969757794	0.0	0.4431721239252378	0.3872992556549772
height	annotated_credset_170.txt	ENSG00000203812	HIST2H2AA4	0	-0.8415060765000734	0.0	0.0848223648766497	0.4002438468166276
height	annotated_credset_170.txt	ENSG00000203852	HIST2H3A	0	-0.6161101455164276	0.0	0.5356142268439412	0.4041734283181272
height	annotated_credset_170.txt	ENSG00000182217	HIST2H4B	0	-0.7571615716974024	0.0	0.2535113744819915	0.4143918258861097
height	annotated_credset_170.txt	ENSG00000184678	HIST2H2BE	0	-0.5056067783277588	0.4947403775105796	0.6623158035598408	0.4523030019750568
height	annotated_credset_170.txt	ENSG00000184260	HIST2H2AC	0	-0.5382785282046291	0.0	0.5930894188268523	0.4533860510921053
height	annotated_credset_170.txt	ENSG00000184270	HIST2H2AB	0	-0.6392925462901021	0.0	0.3910613826559063	0.4541363114543953
height	annotated_credset_170.txt	ENSG00000178096	BOLA1	0	-0.4336518210557699	0.5750117552226774	0.7007328878273296	0.4732790931734205
height	annotated_credset_170.txt	ENSG00000159164	SV2A	0	-0.6648883056494329	0.8207697991536239	0.3436092209318733	0.4986586927159976
height	annotated_credset_170.txt	ENSG00000143368	SF3B4	0	-0.4989984728967936	0.5072210653590381	0.7668606777045472	0.5147068361485866
height	annotated_credset_170.txt	ENSG00000014914	MTMR11	0	0.0487335452275784	1.0	0.7428747408469072	0.5274166923850058
height	annotated_credset_170.txt	ENSG00000163113	OTUD7B	0	-0.276124375944036	0.8207697991536239	0.4581682063650059	0.6371092143440668
height	annotated_credset_170.txt	ENSG00000136631	VPS45	0	-0.5584719492752278	0.4789279236918116	0.5387256451136946	0.8374955859592869
height	annotated_credset_170.txt	ENSG00000023902	PLEKHO1	0	-0.4890074342190901	0.3843756297440719	0.5462537324235407	0.866333811488817
height	annotated_credset_170.txt	ENSG00000143401	ANP32E	0	-0.2757570288737773	0.882474642305367	0.6187141588215636	0.972689531915792
height	annotated_credset_170.txt	ENSG00000118298	CA14	0	-0.0911618583281991	0.7540673070464163	0.4833652485852054	1.0
height	annotated_credset_170.txt	ENSG00000117362	APH1A	0	-0.4622259629565103	0.2203264593269295	0.7614012906560976	0.9877432713091224
height	annotated_credset_170.txt	ENSG00000118292	C1orf54	0	-0.4954168421397068	0.4440652918653859	0.7243807803060621	0.9835893545309776
height	annotated_credset_170.txt	ENSG00000159208	C1orf51	0	-0.5143653210781983	0.4621884865990461	0.4932448488115253	0.9622656179370184
height	annotated_credset_170.txt	ENSG00000187145	MRPS21	0	-0.6468154747307718	0.4691072748035198	0.3574722823663638	0.9454241298837106
height	annotated_credset_170.txt	ENSG00000117360	PRPF3	0	-0.5166776395794176	0.4616511049909317	0.6223142645053147	0.9043663172653964
height	annotated_credset_170.txt	ENSG00000163125	RPRD2	0	-0.3483686832219325	0.4509572109894538	0.7888840595826508	0.8425002934901815
height	annotated_credset_170.txt	ENSG00000143374	TARS2	0	-0.0487335452275784	0.4237925706992678	0.6744166093598108	0.6578025345992847
height	annotated_credset_170.txt	ENSG00000143369	ECM1	0	-0.5133083376924886	0.3912272452475314	0.1796864179694194	0.6271220856059135
height	annotated_credset_170.txt	ENSG00000143382	ADAMTSL4	1	-0.2846682128825565	0.6988647813528581	0.6078288177815444	0.5656958183994865
height	annotated_credset_170.txt	ENSG00000225996	AL356356.1	0	-0.6705107911047342	0.0	0.4248372801116029	0.5656765047663977
height	annotated_credset_170.txt	ENSG00000203804	ADAMTSL4-AS1	0	-0.4938402398046854	0.0	0.4248372801116029	0.5484680576844057
height	annotated_credset_170.txt	ENSG00000143384	MCL1	0	-0.2398590910039805	0.7881373010008732	1.0	0.5283343380215241
height	annotated_credset_170.txt	ENSG00000143420	ENSA	0	-0.3415612356574123	0.4845569960368105	0.7507432879789027	0.4892688009395089
height	annotated_credset_170.txt	ENSG00000143457	GOLPH3L	0	-0.6042789306869004	0.3391280983408343	0.4623863261883595	0.4218582788037661
height	annotated_credset_170.txt	ENSG00000143452	HORMAD1	0	-0.6383583158900296	0.3005978370390273	0.2384698901479459	0.3448488810229614
height	annotated_credset_170.txt	ENSG00000163131	CTSS	0	-0.8469009509331011	0.4218176932894472	0.0785979741725205	0.2971055800278049
height	annotated_credset_171.txt	ENSG00000198161	PPIAL4C	0	-0.7060438225723216	0.0	0.2258219456996477	0.0
height	annotated_credset_171.txt	ENSG00000203815	FAM231D	0	-0.70132000314222	0.3467857862564654	0.2352695845598507	0.1875955565534421
height	annotated_credset_171.txt	ENSG00000150337	FCGR1A	0	-0.8189547954221454	0.1341237321152683	0.0	0.3211876276314804
height	annotated_credset_171.txt	ENSG00000203814	HIST2H2BF	0	-0.6077320042790619	0.3619936857661046	0.4224455822861668	0.3515121800716951
height	annotated_credset_171.txt	ENSG00000183598	HIST2H3D	0	-0.4370555917303051	0.0	0.5317844665725233	0.3535099898123922
height	annotated_credset_171.txt	ENSG00000183941	HIST2H4A	0	-0.7309434443806999	0.0	0.1760227020828908	0.3933791241101117
height	annotated_credset_171.txt	ENSG00000203811	HIST2H3C	0	-0.6544280340643143	0.0	0.3290535227156622	0.3955571643931653
height	annotated_credset_171.txt	ENSG00000183558	HIST2H2AA3	0	-0.4335348768768849	0.0	0.4431721239252378	0.3981735620122892
height	annotated_credset_171.txt	ENSG00000203812	HIST2H2AA4	0	-0.7184925036698557	0.0	0.0848223648766497	0.4114816019745936
height	annotated_credset_171.txt	ENSG00000203852	HIST2H3A	0	-0.5511476820001748	0.0	0.5356142268439412	0.4155215154028381
height	annotated_credset_171.txt	ENSG00000182217	HIST2H4B	0	-0.6921991081811496	0.0	0.2535113744819915	0.4260268176937516
height	annotated_credset_171.txt	ENSG00000184678	HIST2H2BE	0	-0.2836544423559091	0.4947403775105796	0.6623158035598408	0.4650024361670767
height	annotated_credset_171.txt	ENSG00000184260	HIST2H2AC	0	-0.3125978024927891	0.0	0.5930894188268523	0.4661158943482451
height	annotated_credset_171.txt	ENSG00000184270	HIST2H2AB	0	-0.4136118205782622	0.0	0.3910613826559063	0.4668872199744317
height	annotated_credset_171.txt	ENSG00000178096	BOLA1	0	-0.1197061531747405	0.5750117552226774	0.7007328878273296	0.4865674787732715
height	annotated_credset_171.txt	ENSG00000159164	SV2A	0	-0.2176336310774245	0.8207697991536239	0.3436092209318733	0.5126596682230643
height	annotated_credset_171.txt	ENSG00000143368	SF3B4	0	-0.1046575237009144	0.5072210653590381	0.7668606777045472	0.5291583997360692
height	annotated_credset_171.txt	ENSG00000014914	MTMR11	0	-0.0029489101747783	1.0	0.7428747408469072	0.5422251140569131
height	annotated_credset_171.txt	ENSG00000163113	OTUD7B	0	-0.0315833101137879	0.8207697991536239	0.4581682063650059	0.6549975027378241
height	annotated_credset_171.txt	ENSG00000136631	VPS45	0	-0.0511827016250638	0.4789279236918116	0.5387256451136946	0.8610101769161332
height	annotated_credset_171.txt	ENSG00000023902	PLEKHO1	0	-0.1203950087544425	0.3843756297440719	0.5462537324235407	0.8906581011337723
height	annotated_credset_171.txt	ENSG00000143401	ANP32E	0	-0.0869435640948597	0.882474642305367	0.6187141588215636	1.0
height	annotated_credset_171.txt	ENSG00000118298	CA14	0	-0.3358679953711809	0.7540673070464163	0.4833652485852054	0.9780948493968968
height	annotated_credset_171.txt	ENSG00000117362	APH1A	0	-0.3541831099405932	0.2203264593269295	0.7614012906560976	0.96549398520672
height	annotated_credset_171.txt	ENSG00000118292	C1orf54	0	-0.3352704696840924	0.4440652918653859	0.7243807803060621	0.961223437779358
height	annotated_credset_171.txt	ENSG00000159208	C1orf51	0	-0.4618661291798349	0.4621884865990461	0.4932448488115253	0.9393009888434056
height	annotated_credset_171.txt	ENSG00000187145	MRPS21	0	-0.5650912910340076	0.4691072748035198	0.3574722823663638	0.921986637757364
height	annotated_credset_171.txt	ENSG00000117360	PRPF3	0	-0.3810145306163874	0.4616511049909317	0.6223142645053147	0.8797760337864879
height	annotated_credset_171.txt	ENSG00000163125	RPRD2	0	-0.3520210006085422	0.4509572109894538	0.7888840595826508	0.8161729808643857
height	annotated_credset_171.txt	ENSG00000143374	TARS2	0	-0.1696897108807897	0.4237925706992678	0.6744166093598108	0.6262894128495029
height	annotated_credset_171.txt	ENSG00000143369	ECM1	0	-0.438081298694821	0.3912272452475314	0.1796864179694194	0.5947475405596434
height	annotated_credset_171.txt	ENSG00000143382	ADAMTSL4	1	-0.3710355647540295	0.6988647813528581	0.6078288177815444	0.5315965913709099
height	annotated_credset_171.txt	ENSG00000225996	AL356356.1	0	-0.5448927933210559	0.0	0.4248372801116029	0.5315767354637011
height	annotated_credset_171.txt	ENSG00000203804	ADAMTSL4-AS1	0	-0.5128164345258899	0.0	0.4248372801116029	0.5138851221406929
height	annotated_credset_171.txt	ENSG00000143384	MCL1	0	0.0029489101747783	0.7881373010008732	1.0	0.4931861025642957
height	annotated_credset_171.txt	ENSG00000143420	ENSA	0	-0.3498655763594518	0.4845569960368105	0.7507432879789027	0.4530237117908776
height	annotated_credset_171.txt	ENSG00000143457	GOLPH3L	0	-0.5123370803641596	0.3391280983408343	0.4623863261883595	0.3837204861223827
height	annotated_credset_171.txt	ENSG00000143452	HORMAD1	0	-0.6787955205904821	0.3005978370390273	0.2384698901479459	0.3045488745711323
height	annotated_credset_171.txt	ENSG00000163131	CTSS	0	-0.6853049935165492	0.4218176932894472	0.0785979741725205	0.255465071951069
height	annotated_credset_171.txt	ENSG00000143387	CTSK	0	-0.1267611853792078	0.1966682340296903	0.6410383831870713	0.1546398298999232
height	annotated_credset_171.txt	ENSG00000143437	ARNT	0	-0.0353454364047369	0.4028749916034124	0.8670396179981957	0.1340248160847939
height	annotated_credset_172.txt	ENSG00000203814	HIST2H2BF	0	-0.8400412937811261	0.3619936857661046	0.331665142868679	0.0
height	annotated_credset_172.txt	ENSG00000183598	HIST2H3D	0	-0.714450864792154	0.0	0.4371301681363572	0.0017567844139097
height	annotated_credset_172.txt	ENSG00000183941	HIST2H4A	0	-0.985729370551406	0.0	0.0939729855286806	0.0368159155731492
height	annotated_credset_172.txt	ENSG00000203811	HIST2H3C	0	-0.8937199614254816	0.0	0.2415819488916135	0.0387311866543688
height	annotated_credset_172.txt	ENSG00000183558	HIST2H2AA3	0	-0.8568871900739689	0.0	0.351657346483555	0.0410319295450625
height	annotated_credset_172.txt	ENSG00000203812	HIST2H2AA4	0	-1.0115090050981168	0.0	0.0060038615463428	0.0527344238863433
height	annotated_credset_172.txt	ENSG00000203852	HIST2H3A	0	-0.8123037430059302	0.0	0.4408242406196323	0.0562869428273152
height	annotated_credset_172.txt	ENSG00000182217	HIST2H4B	0	-0.9483577399285492	0.0	0.1687162467743942	0.0655248351811921
height	annotated_credset_172.txt	ENSG00000184678	HIST2H2BE	0	-0.7115873749806475	0.4947403775105796	0.5630368009270948	0.0997982485406325
height	annotated_credset_172.txt	ENSG00000184260	HIST2H2AC	0	-0.731145949941634	0.0	0.4962630958293406	0.1007773737988436
height	annotated_credset_172.txt	ENSG00000184270	HIST2H2AB	0	-0.8638144956889499	0.0	0.3013928803646771	0.101455643010636
height	annotated_credset_172.txt	ENSG00000178096	BOLA1	0	-0.6939018404429445	0.5750117552226774	0.6000927741010116	0.1187615812164668
height	annotated_credset_172.txt	ENSG00000159164	SV2A	0	-0.8357097414517632	0.8207697991536239	0.2556219410698852	0.1417058840779497
height	annotated_credset_172.txt	ENSG00000143368	SF3B4	0	-0.6402945874074985	0.5072210653590381	0.6638776670585002	0.1562141296735558
height	annotated_credset_172.txt	ENSG00000014914	MTMR11	0	-0.624314095341573	1.0	0.6407415480714548	0.1677044130535233
height	annotated_credset_172.txt	ENSG00000163113	OTUD7B	0	-0.7743294334091272	0.8207697991536239	0.3661221201434385	0.2668714011396165
height	annotated_credset_172.txt	ENSG00000136631	VPS45	0	-0.7347904217961	0.4789279236918116	0.4438254218423932	0.4480297205189301
height	annotated_credset_172.txt	ENSG00000023902	PLEKHO1	0	-0.7306815891398183	0.3843756297440719	0.4510867902341803	0.4741007772914082
height	annotated_credset_172.txt	ENSG00000143401	ANP32E	0	-0.6457578232034896	0.882474642305367	0.5209799554228779	0.570251146269213
height	annotated_credset_172.txt	ENSG00000118298	CA14	0	-0.6439551584440514	0.7540673070464163	0.3904264352255677	0.6091663386305433
height	annotated_credset_172.txt	ENSG00000117362	APH1A	0	-0.6200933865452561	0.2203264593269295	0.6586117052118178	0.615213007920621
height	annotated_credset_172.txt	ENSG00000118292	C1orf54	0	-0.6552819895566391	0.4440652918653859	0.6229028255669207	0.6304532470220227
height	annotated_credset_172.txt	ENSG00000159208	C1orf51	0	-0.7927247870354562	0.4621884865990461	0.3999560028108244	0.6387509642308409
height	annotated_credset_172.txt	ENSG00000187145	MRPS21	0	-0.8569278274096975	0.4691072748035198	0.268993836475794	0.6681771031638286
height	annotated_credset_172.txt	ENSG00000117360	PRPF3	0	-0.7155659547414202	0.4616511049909317	0.5244525099434523	0.7276190051564908
height	annotated_credset_172.txt	ENSG00000163125	RPRD2	0	-0.6333895673163782	0.4509572109894538	0.6851207640721008	0.893319502043689
height	annotated_credset_172.txt	ENSG00000143374	TARS2	0	-0.3591257107914477	0.4237925706992678	0.5747088771311168	0.9350041817608924
height	annotated_credset_172.txt	ENSG00000143369	ECM1	0	-0.7448179705737006	0.3912272452475314	0.0975068965528171	0.9433139869358612
height	annotated_credset_172.txt	ENSG00000143382	ADAMTSL4	1	0.141619077762643	0.6988647813528581	0.5104802802585855	1.0
height	annotated_credset_172.txt	ENSG00000225996	AL356356.1	0	-0.7939134865149264	0.0	0.3339721032262737	0.9944890631887572
height	annotated_credset_172.txt	ENSG00000203804	ADAMTSL4-AS1	0	-0.6530340938910251	0.0	0.3339721032262737	0.9932711995299284
height	annotated_credset_172.txt	ENSG00000143384	MCL1	0	-0.141619077762643	0.7881373010008732	0.888756900802862	0.9750694087215916
height	annotated_credset_172.txt	ENSG00000143420	ENSA	0	-0.5088986074609595	0.4845569960368105	0.6483313138488558	0.939752400951136
height	annotated_credset_172.txt	ENSG00000143457	GOLPH3L	0	-0.6075671112907189	0.3391280983408343	0.3701907926624206	0.8788102480484301
height	annotated_credset_172.txt	ENSG00000143452	HORMAD1	0	-0.7536346512452428	0.3005978370390273	0.1542076798020179	0.8091902785568322
height	annotated_credset_172.txt	ENSG00000163131	CTSS	0	-0.7739240590020867	0.4218176932894472	0.0	0.7660281807545367
height	annotated_credset_172.txt	ENSG00000143387	CTSK	0	-0.6664931316868332	0.1966682340296903	0.5425132361231217	0.6773669783607997
height	annotated_credset_172.txt	ENSG00000143437	ARNT	0	-0.5103400124084546	0.4028749916034124	0.7605072836703574	0.6592390584567176
height	annotated_credset_172.txt	ENSG00000143379	SETDB1	0	-0.6022922007808965	0.4945522939477396	0.7265422055552346	0.5026891519456408
height	annotated_credset_172.txt	ENSG00000143418	CERS2	0	-0.7018179420018206	0.5199301403909451	0.5476518749993725	0.4565937076907621
height	annotated_credset_172.txt	ENSG00000143412	ANXA9	1	-0.6349918454035435	0.6967018203801975	0.3097796150327798	0.4278055447490642
height	annotated_credset_172.txt	ENSG00000143409	FAM63A	0	-0.7310104060410897	0.4510646873110767	0.5262083560318572	0.4082875087376453
height	annotated_credset_172.txt	ENSG00000143363	PRUNE	0	-0.7567726095131557	0.5276415664673877	0.4726663318620783	0.3923434813847996
height	annotated_credset_172.txt	ENSG00000163141	BNIPL	0	-0.8080439990792238	0.4929132800429905	0.3764783615373153	0.3545350094799384
height	annotated_credset_172.txt	ENSG00000143443	C1orf56	0	-0.4915627900048943	0.1287485725801034	1.0	0.3395325003795014
height	annotated_credset_172.txt	ENSG00000197622	CDC42SE1	0	-0.5635943210211082	0.4741586619197958	0.8246714407599307	0.3351929205313804
height	annotated_credset_172.txt	ENSG00000213190	MLLT11	0	-0.7542915282994129	0.3347618727749042	0.3920163164407479	0.3260772509463611
height	annotated_credset_172.txt	ENSG00000143458	GABPB2	0	-0.3766039834471358	0.5363202794384362	0.8808631573583758	0.3088586147182858
height	annotated_credset_172.txt	ENSG00000143434	SEMA6C	0	-0.5199619769987737	0.4791428763350574	0.6150864011739843	0.2267853538767102
height	annotated_credset_172.txt	ENSG00000163154	TNFAIP8L2	0	-0.9010882135841236	0.1739772956270571	0.1457052840137214	0.1932828841362179
height	annotated_credset_172.txt	ENSG00000163156	SCNM1	0	-0.6355665893159507	0.336333713978639	0.6254304831192203	0.193235875378965
height	annotated_credset_172.txt	ENSG00000163155	LYSMD1	0	-0.7707787413934336	0.2925639819977161	0.4426573125015468	0.1890937323113063
height	annotated_credset_172.txt	ENSG00000163157	TMOD4	0	-0.865330247956251	0.14352119298717	0.2233334331726039	0.1753429992611475
height	annotated_credset_172.txt	ENSG00000163159	VPS72	0	-0.6266792328907673	0.6230402364479075	0.643494993752485	0.1753416561537975
height	annotated_credset_172.txt	ENSG00000143398	PIP5K1A	0	-0.3424154270380229	0.7806811311882851	0.9494380383879664	0.137785688430752
height	annotated_credset_172.txt	ENSG00000159352	PSMD4	0	-0.4417896945429364	0.8582656008598105	0.915083405203091	0.0615589738840915
height	annotated_credset_172.txt	ENSG00000232671	RP11-126K1.2	0	-0.8657298117026095	0.0	0.3339721032262737	0.0275501526726176
height	annotated_credset_172.txt	ENSG00000143373	ZNF687	0	-0.6609693586831739	0.8374420635453752	0.6751893050033653	0.0254092395565839
height	annotated_credset_172.txt	ENSG00000143393	PI4KB	0	-0.4456825020555207	0.7570766440518573	0.8224276901565597	0.0117377498400801
height	annotated_credset_1732.txt	ENSG00000137094	DNAJB5	0	-0.5552159061239788	0.4090322346053851	0.3518284916199525	0.0
height	annotated_credset_1732.txt	ENSG00000174038	C9orf131	0	-0.4955901259728918	0.3451785746751475	0.3533794751398999	0.0673772106310461
height	annotated_credset_1732.txt	ENSG00000269510	FLJ00273	0	-0.7544834148355077	0.0	0.1731516437525587	0.0628501992183211
height	annotated_credset_1732.txt	ENSG00000165280	VCP	0	-0.522275232237774	0.4384462146220595	0.5078666329867225	0.1063776142619109
height	annotated_credset_1732.txt	ENSG00000221829	FANCG	0	-0.4903499114822554	0.3274262962279979	0.4305477264630916	0.1160597527669392
height	annotated_credset_1732.txt	ENSG00000165282	PIGO	0	-0.4270663031430821	0.2350676976061045	0.44535909521053	0.1397793466987199
height	annotated_credset_1732.txt	ENSG00000165283	STOML2	0	-0.4611273209793221	0.3757483358050599	0.4321052808210091	0.1491696045690466
height	annotated_credset_1732.txt	ENSG00000005238	FAM214B	0	-0.3631579703027345	0.2419374527623168	0.5196629492304584	0.1680331059803505
height	annotated_credset_1732.txt	ENSG00000198722	UNC13B	0	-0.6640961515663828	0.3576713997418322	0.2155921344173954	0.5815263794453531
height	annotated_credset_1732.txt	ENSG00000268482	AL160274.1	0	-0.7064814916196329	0.0550255700338423	0.2574298260455142	0.5184672852629808
height	annotated_credset_1732.txt	ENSG00000198853	RUSC2	0	-0.3525301516809036	0.1995241817978759	0.4602844693476556	0.805530458704587
height	annotated_credset_1732.txt	ENSG00000215187	FAM166B	0	-0.4953902599460993	0.1971347017435412	0.2649248942967566	0.8083934643420277
height	annotated_credset_1732.txt	ENSG00000107140	TESK1	0	-0.5308174031612518	0.2804548323338207	0.3852360551015587	0.8744128577067414
height	annotated_credset_1732.txt	ENSG00000137101	CD72	0	-0.5507777708958304	0.5031699569633864	0.2692631307591107	0.9270214805368562
height	annotated_credset_1732.txt	ENSG00000137078	SIT1	0	-0.701426156243534	0.0386939933146503	0.0829751910878735	0.9329306326021388
height	annotated_credset_1732.txt	ENSG00000159884	CCDC107	0	-0.4929997936753478	0.4196420454988169	0.4187036104991481	0.948055486471897
height	annotated_credset_1732.txt	ENSG00000137135	ARHGEF39	0	-0.2975564248993858	0.4634838099740014	0.3590645874004374	0.9685944399578852
height	annotated_credset_1732.txt	ENSG00000107159	CA9	0	-0.2425622787750909	0.5121045345578552	0.3067959235485629	0.976167597798452
height	annotated_credset_1732.txt	ENSG00000198467	TPM2	0	-0.3015980951262957	0.6416169507637246	0.3155872936232531	0.9902765925964546
height	annotated_credset_1732.txt	ENSG00000137076	TLN1	0	-0.1092605302865039	0.7550782944306934	0.496790524270244	1.0
height	annotated_credset_1732.txt	ENSG00000107175	CREB3	0	-0.1918880894381831	0.8256458738614257	0.5722552011939366	0.9506104249393448
height	annotated_credset_1732.txt	ENSG00000070610	GBA2	0	-0.376490417623039	0.619877876791136	0.4557804375549373	0.9441275271166342
height	annotated_credset_1732.txt	ENSG00000107185	RGP1	0	-0.3394723455930053	0.7772848753704343	0.3996476668200829	0.9264716102920368
height	annotated_credset_1732.txt	ENSG00000215183	MSMP	0	-0.498386898135194	0.7680126538552443	0.3059162904649536	0.921057510675807
height	annotated_credset_1732.txt	ENSG00000159899	NPR2	1	0.1092605302865039	0.8699161863898334	1.0	0.8650221519627984
height	annotated_credset_1732.txt	ENSG00000137098	SPAG8	0	-0.3069939464747078	1.0	0.2864426055443489	0.8422855089919982
height	annotated_credset_1732.txt	ENSG00000137133	HINT2	0	-0.4705226740273931	0.2792730786112964	0.3855311808650038	0.8352531887980844
height	annotated_credset_1732.txt	ENSG00000137103	TMEM8B	0	-0.2974285117939834	0.8326844509779986	0.4274165744999138	0.8331198847473976
height	annotated_credset_1732.txt	ENSG00000204930	FAM221B	0	-0.2542226831244762	0.756402897504292	0.2708107967650756	0.8303441571428823
height	annotated_credset_1732.txt	ENSG00000168828	OR13J1	0	-0.739480219347356	0.7845182470566541	0.0785507101286424	0.7545310238539898
height	annotated_credset_1732.txt	ENSG00000196196	HRCT1	0	-0.6339497967416887	0.3834751870677183	0.1801593077203479	0.7018580155897497
height	annotated_credset_1732.txt	ENSG00000122718	OR2S2	0	-0.6914687444632519	0.1120536282436542	0.0	0.6290080430580484
height	annotated_credset_1732.txt	ENSG00000122707	RECK	0	-0.4609484872805209	0.350489973274185	0.5220320400154862	0.5155108305692983
height	annotated_credset_1732.txt	ENSG00000122694	GLIPR2	0	-0.5968518891376717	0.2452359741416701	0.2722980283544073	0.3719999902661576
height	annotated_credset_1732.txt	ENSG00000185972	CCIN	0	-0.750634707018611	0.3540741933556871	0.1808490593863523	0.3252747653276753
height	annotated_credset_1732.txt	ENSG00000122705	CLTA	0	-0.5755477434505998	0.157643349323803	0.397605857005773	0.2945643440373061
height	annotated_credset_1732.txt	ENSG00000159921	GNE	0	-0.6136081881309006	0.1802745824253742	0.3269709791502982	0.2608192226184952
height	annotated_credset_1733.txt	ENSG00000174038	C9orf131	0	-0.7819581314331723	0.3451785746751475	0.3533794751398999	0.0042344748817807
height	annotated_credset_1733.txt	ENSG00000269510	FLJ00273	0	-1.0373240770226253	0.0	0.1731516437525587	0.0
height	annotated_credset_1733.txt	ENSG00000165280	VCP	0	-0.8711402574658156	0.4384462146220595	0.5078666329867225	0.040714663354467
height	annotated_credset_1733.txt	ENSG00000221829	FANCG	0	-0.8150568165549625	0.3274262962279979	0.4305477264630916	0.0497711398162275
height	annotated_credset_1733.txt	ENSG00000165282	PIGO	0	-0.8039403854161067	0.2350676976061045	0.44535909521053	0.0719579680684908
height	annotated_credset_1733.txt	ENSG00000165283	STOML2	0	-0.8216127485434843	0.3757483358050599	0.4321052808210091	0.080741425290086
height	annotated_credset_1733.txt	ENSG00000005238	FAM214B	0	-0.7556216474167625	0.2419374527623168	0.5196629492304584	0.0983859628505782
height	annotated_credset_1733.txt	ENSG00000198722	UNC13B	0	-0.9511914529022124	0.3576713997418322	0.2155921344173954	0.4851592047627113
height	annotated_credset_1733.txt	ENSG00000268482	AL160274.1	0	-0.9963586609364196	0.0550255700338423	0.2574298260455142	0.4261750039205108
height	annotated_credset_1733.txt	ENSG00000198853	RUSC2	0	-0.8246392240738623	0.1995241817978759	0.4602844693476556	0.6946880882935562
height	annotated_credset_1733.txt	ENSG00000215187	FAM166B	0	-0.8888002204005814	0.1971347017435412	0.2649248942967566	0.6973660858404725
height	annotated_credset_1733.txt	ENSG00000107140	TESK1	0	-0.8011946745211904	0.2804548323338207	0.3852360551015587	0.7591192906429779
height	annotated_credset_1733.txt	ENSG00000137101	CD72	0	-0.8438424774059154	0.5031699569633864	0.2692631307591107	0.8083283320235709
height	annotated_credset_1733.txt	ENSG00000137078	SIT1	0	-1.0317900189425837	0.0386939933146503	0.0829751910878735	0.8138556333073113
height	annotated_credset_1733.txt	ENSG00000159884	CCDC107	0	-0.7905173247780233	0.4196420454988169	0.4187036104991481	0.828003115600391
height	annotated_credset_1733.txt	ENSG00000137135	ARHGEF39	0	-0.798234837998216	0.4634838099740014	0.3590645874004374	0.8472148371326168
height	annotated_credset_1733.txt	ENSG00000107159	CA9	0	-0.8343798892234695	0.5121045345578552	0.3067959235485629	0.8542986157512216
height	annotated_credset_1733.txt	ENSG00000198467	TPM2	0	-0.6129232806097695	0.6416169507637246	0.3155872936232531	0.867495884022157
height	annotated_credset_1733.txt	ENSG00000137076	TLN1	0	-0.5739027500145151	0.7550782944306934	0.496790524270244	0.9228692715802096
height	annotated_credset_1733.txt	ENSG00000107175	CREB3	0	-0.5576631908075822	0.8256458738614257	0.5722552011939366	0.9290376327464952
height	annotated_credset_1733.txt	ENSG00000070610	GBA2	0	-0.5566653574400089	0.619877876791136	0.4557804375549373	0.9464118277260392
height	annotated_credset_1733.txt	ENSG00000107185	RGP1	0	-0.6071951837025167	0.7772848753704343	0.3996476668200829	0.957906740734767
height	annotated_credset_1733.txt	ENSG00000215183	MSMP	0	-0.6630149200368196	0.7680126538552443	0.3059162904649536	0.9552809380425882
height	annotated_credset_1733.txt	ENSG00000159899	NPR2	1	0.1977996607896635	0.8699161863898334	1.0	1.0
height	annotated_credset_1733.txt	ENSG00000137098	SPAG8	0	-0.1977996607896635	1.0	0.2864426055443489	0.978732604188882
height	annotated_credset_1733.txt	ENSG00000137133	HINT2	0	-0.7381744037956874	0.2792730786112964	0.3855311808650038	0.9721547141623482
height	annotated_credset_1733.txt	ENSG00000137103	TMEM8B	0	-0.5101624888195104	0.8326844509779986	0.4274165744999138	0.9701592647158452
height	annotated_credset_1733.txt	ENSG00000204930	FAM221B	0	-0.4942528456434725	0.756402897504292	0.2708107967650756	0.967562905275057
height	annotated_credset_1733.txt	ENSG00000168828	OR13J1	0	-0.8468638808020517	0.7845182470566541	0.0785507101286424	0.896648834301316
height	annotated_credset_1733.txt	ENSG00000196196	HRCT1	0	-0.921983036767704	0.3834751870677183	0.1801593077203479	0.8473795680883337
height	annotated_credset_1733.txt	ENSG00000122718	OR2S2	0	-1.0287833432081392	0.1120536282436542	0.0	0.7792371777341148
height	annotated_credset_1733.txt	ENSG00000122707	RECK	0	-0.7225637566491876	0.350489973274185	0.5220320400154862	0.6730741815276492
height	annotated_credset_1733.txt	ENSG00000122694	GLIPR2	0	-0.8827355472545073	0.2452359741416701	0.2722980283544073	0.5388370451204519
height	annotated_credset_1733.txt	ENSG00000185972	CCIN	0	-0.9416917860415136	0.3540741933556871	0.1808490593863523	0.4951312150906435
height	annotated_credset_1733.txt	ENSG00000122705	CLTA	0	-0.8326598223018409	0.157643349323803	0.397605857005773	0.4664053083704976
height	annotated_credset_1733.txt	ENSG00000159921	GNE	0	-0.8523741361342108	0.1802745824253742	0.3269709791502982	0.4348408045503968
height	annotated_credset_1733.txt	ENSG00000137075	RNF38	0	-0.9731661813779662	0.3462564379605268	0.3038147851624214	0.2716248171270181
height	annotated_credset_173.txt	ENSG00000203815	FAM231D	0	-0.6848090126850487	0.3467857862564654	0.2109418329965551	0.0
height	annotated_credset_173.txt	ENSG00000150337	FCGR1A	0	-0.7902799291833263	0.1341237321152683	0.0	0.116812038992103
height	annotated_credset_173.txt	ENSG00000203814	HIST2H2BF	0	-0.6008983615755682	0.3619936857661046	0.3787631352155163	0.143327630624747
height	annotated_credset_173.txt	ENSG00000183598	HIST2H3D	0	-0.5518819434263388	0.0	0.4767959715139753	0.1450745024820805
height	annotated_credset_173.txt	ENSG00000183941	HIST2H4A	0	-0.7113692797344474	0.0	0.1578212988977579	0.1799358144790034
height	annotated_credset_173.txt	ENSG00000203811	HIST2H3C	0	-0.6427658479104074	0.0	0.2950281625458378	0.1818402787516009
height	annotated_credset_173.txt	ENSG00000183558	HIST2H2AA3	0	-0.5916066915681498	0.0	0.397346475230353	0.1841280398308152
height	annotated_credset_173.txt	ENSG00000203812	HIST2H2AA4	0	-0.5130445690691036	0.0	0.0760514163344024	0.1957645035104378
height	annotated_credset_173.txt	ENSG00000203852	HIST2H3A	0	-0.550165069030735	0.0	0.4802297203051828	0.1992969775644492
height	annotated_credset_173.txt	ENSG00000182217	HIST2H4B	0	-0.6766312522437378	0.0	0.2272973538791772	0.208482745633822
height	annotated_credset_173.txt	ENSG00000184678	HIST2H2BE	0	-0.4933649882085441	0.4947403775105796	0.5938298819495642	0.2425627731991393
height	annotated_credset_173.txt	ENSG00000184260	HIST2H2AC	0	-0.5243990475295154	0.0	0.5317617633076217	0.2435363737985247
height	annotated_credset_173.txt	ENSG00000184270	HIST2H2AB	0	-0.614967839807364	0.0	0.3506241787519246	0.2442108159146971
height	annotated_credset_173.txt	ENSG00000178096	BOLA1	0	-0.4705347182863907	0.5750117552226774	0.6282744965771965	0.2614191063441631
height	annotated_credset_173.txt	ENSG00000159164	SV2A	0	-0.5792973773375375	0.8207697991536239	0.3080787473378178	0.2842339472759884
height	annotated_credset_173.txt	ENSG00000143368	SF3B4	0	-0.4464977158755402	0.5072210653590381	0.6875644266155725	0.2986603309173615
height	annotated_credset_173.txt	ENSG00000014914	MTMR11	0	-0.388920994010233	1.0	0.666058724990962	0.3100857810240034
height	annotated_credset_173.txt	ENSG00000163113	OTUD7B	0	-0.5279407975682066	0.8207697991536239	0.4107919068764798	0.4086932249952255
height	annotated_credset_173.txt	ENSG00000136631	VPS45	0	-0.5461374888566218	0.4789279236918116	0.4830194063339511	0.5888293688156663
height	annotated_credset_173.txt	ENSG00000023902	PLEKHO1	0	-0.5424618963013933	0.3843756297440719	0.4897690613693348	0.6147533211265988
height	annotated_credset_173.txt	ENSG00000143401	ANP32E	0	-0.4525937695781384	0.882474642305367	0.5547368097194092	0.7103611670920327
height	annotated_credset_173.txt	ENSG00000118298	CA14	0	-0.1969461999005189	0.7540673070464163	0.4333834810570698	0.749056782684066
height	annotated_credset_173.txt	ENSG00000117362	APH1A	0	-0.4408259234176063	0.2203264593269295	0.682669560527412	0.7550693339850715
height	annotated_credset_173.txt	ENSG00000118292	C1orf54	0	-0.3830084920573487	0.4440652918653859	0.6494771088710959	0.7702235809003335
height	annotated_credset_173.txt	ENSG00000159208	C1orf51	0	-0.4931710087922375	0.4621884865990461	0.4422414938125731	0.7784744787096654
height	annotated_credset_173.txt	ENSG00000187145	MRPS21	0	-0.5540375974126274	0.4691072748035198	0.3205083165717933	0.8077345823200007
height	annotated_credset_173.txt	ENSG00000117360	PRPF3	0	-0.4353094301670664	0.4616511049909317	0.5579646510629153	0.8668410867466114
height	annotated_credset_173.txt	ENSG00000163125	RPRD2	0	0.0557594013137533	0.4509572109894538	0.7073105087572208	1.0
height	annotated_credset_173.txt	ENSG00000143374	TARS2	0	-0.4679012571455875	0.4237925706992678	0.6046794193470839	0.9539095606510436
height	annotated_credset_173.txt	ENSG00000143369	ECM1	0	-0.6967479313274408	0.3912272452475314	0.1611061729120882	0.926329552450896
height	annotated_credset_173.txt	ENSG00000143382	ADAMTSL4	1	-0.3596639753335268	0.6988647813528581	0.5449770534973288	0.8711107727771122
height	annotated_credset_173.txt	ENSG00000225996	AL356356.1	0	-0.5903315056108259	0.0	0.3809075225752986	0.8710934109008543
height	annotated_credset_173.txt	ENSG00000203804	ADAMTSL4-AS1	0	-0.4865596998475813	0.0	0.3809075225752986	0.8556239791550643
height	annotated_credset_173.txt	ENSG00000143384	MCL1	0	-0.2786022658438364	0.7881373010008732	0.8965962744023684	0.8375248909206736
height	annotated_credset_173.txt	ENSG00000143420	ENSA	0	-0.444228449381241	0.4845569960368105	0.6731136350344685	0.8024071573667109
height	annotated_credset_173.txt	ENSG00000143457	GOLPH3L	0	-0.5084563193105537	0.3391280983408343	0.4145738573950814	0.7418088671108636
height	annotated_credset_173.txt	ENSG00000143452	HORMAD1	0	-0.4614074589729032	0.3005978370390273	0.2138112150637903	0.6725817243548393
height	annotated_credset_173.txt	ENSG00000163131	CTSS	0	-0.7521111015767329	0.4218176932894472	0.0704706508186554	0.6296631662453073
height	annotated_credset_173.txt	ENSG00000143387	CTSK	0	-0.4420785066442919	0.1966682340296903	0.574752626114446	0.5415022296655702
height	annotated_credset_173.txt	ENSG00000143437	ARNT	0	-0.4015876835551087	0.4028749916034124	0.777384491256435	0.5234765955230398
height	annotated_credset_173.txt	ENSG00000143379	SETDB1	0	-0.4173734520327307	0.4945522939477396	0.7458129543011914	0.3678100129946966
height	annotated_credset_173.txt	ENSG00000143418	CERS2	0	-0.5005153583009437	0.5199301403909451	0.5795291417647652	0.3219746596738371
height	annotated_credset_173.txt	ENSG00000143412	ANXA9	1	-0.1410002157538482	0.6967018203801975	0.3584198947697227	0.2933489323113866
height	annotated_credset_173.txt	ENSG00000143409	FAM63A	0	-0.5104815484159598	0.4510646873110767	0.5595967615347329	0.2739410257129387
height	annotated_credset_173.txt	ENSG00000143363	PRUNE	0	-0.4745408803743415	0.5276415664673877	0.5098278786543466	0.258086961631589
height	annotated_credset_173.txt	ENSG00000163141	BNIPL	0	-0.5800707605836787	0.4929132800429905	0.4204183371992951	0.220491821888518
height	annotated_credset_173.txt	ENSG00000143443	C1orf56	0	-0.2902799291833263	0.1287485725801034	1.0	0.205573963596152
height	annotated_credset_173.txt	ENSG00000197622	CDC42SE1	0	-0.3717664499649885	0.4741586619197958	0.8370269584366756	0.2012588695815921
height	annotated_credset_173.txt	ENSG00000213190	MLLT11	0	-0.5728492680291805	0.3347618727749042	0.4348613223082919	0.1921946346460247
height	annotated_credset_173.txt	ENSG00000143458	GABPB2	0	-0.0557594013137533	0.5363202794384362	0.8892588081958109	0.1750731535978482
height	annotated_credset_173.txt	ENSG00000143434	SEMA6C	0	-0.4691741726872241	0.4791428763350574	0.6422115129922045	0.0934629864831115
height	annotated_credset_173.txt	ENSG00000163154	TNFAIP8L2	0	-0.6873259348632198	0.1739772956270571	0.2059079886402129	0.0601495525310276
height	annotated_credset_173.txt	ENSG00000163156	SCNM1	0	-0.4643666088080073	0.336333713978639	0.6518266407506382	0.0601028090180256
height	annotated_credset_173.txt	ENSG00000163155	LYSMD1	0	-0.5493131219740356	0.2925639819977161	0.4819336144185813	0.0559840377580742
height	annotated_credset_173.txt	ENSG00000163157	TMOD4	0	-0.6512471133803156	0.14352119298717	0.2780656316060213	0.0423108924405055
height	annotated_credset_173.txt	ENSG00000163159	VPS72	0	-0.4262144355906799	0.6230402364479075	0.6686181335628562	0.0423095569115626
height	annotated_credset_173.txt	ENSG00000143398	PIP5K1A	0	-0.2418372518304502	0.7806811311882851	0.953001172729434	0.0049654966097597
height	annotated_credset_174.txt	ENSG00000023902	PLEKHO1	0	-0.6343253915750977	0.4355656370362477	0.4510867902341803	0.0
height	annotated_credset_174.txt	ENSG00000143401	ANP32E	0	-0.5387949791009883	1.0	0.5209799554228779	0.1004986466908502
height	annotated_credset_174.txt	ENSG00000118298	CA14	0	-0.5189156560926487	0.8544917563597059	0.3904264352255677	0.1411737289563235
height	annotated_credset_174.txt	ENSG00000117362	APH1A	0	-0.5321976510738888	0.2496688842541142	0.6586117052118178	0.1474938511472243
height	annotated_credset_174.txt	ENSG00000118292	C1orf54	0	-0.3610494578015499	0.5032045914716763	0.6229028255669207	0.1634233106097191
height	annotated_credset_174.txt	ENSG00000159208	C1orf51	0	-0.6615255022743856	0.5237413795728226	0.3999560028108244	0.1720962814883031
height	annotated_credset_174.txt	ENSG00000187145	MRPS21	0	-0.7270065854419008	0.5315815914869	0.268993836475794	0.2028531799957323
height	annotated_credset_174.txt	ENSG00000117360	PRPF3	0	-0.4624125865376616	0.5231324310746419	0.5244525099434523	0.264983266135825
height	annotated_credset_174.txt	ENSG00000163125	RPRD2	0	-0.3019912745673314	0.5110143559608447	0.6851207640721008	0.4381773564986915
height	annotated_credset_174.txt	ENSG00000143374	TARS2	0	-0.4247478772175108	0.4802320093778069	0.5747088771311168	0.4817471726508012
height	annotated_credset_174.txt	ENSG00000143369	ECM1	0	-0.4692669650026935	0.4433297303880524	0.0975068965528171	0.4904327781583764
height	annotated_credset_174.txt	ENSG00000143382	ADAMTSL4	1	-0.3402684571250289	0.7919375218840867	0.5104802802585855	0.5566213878999562
height	annotated_credset_174.txt	ENSG00000225996	AL356356.1	0	-0.693021256273509	0.0	0.3339721032262737	0.5439221819161959
height	annotated_credset_174.txt	ENSG00000203804	ADAMTSL4-AS1	0	-0.632010776346446	0.0	0.3339721032262737	0.5574019272020755
height	annotated_credset_174.txt	ENSG00000143384	MCL1	0	-0.0756486128486793	0.8930990911443666	0.888756900802862	0.5828073584079244
height	annotated_credset_174.txt	ENSG00000143420	ENSA	0	-0.2302660417550646	0.5490888608095971	0.6483313138488558	0.6530306263406745
height	annotated_credset_174.txt	ENSG00000143457	GOLPH3L	0	-0.450103933879044	0.3842921734894272	0.3701907926624206	0.747849305376175
height	annotated_credset_174.txt	ENSG00000143452	HORMAD1	0	-0.5561206692185472	0.3406305661698661	0.1542076798020179	0.781168225873474
height	annotated_credset_174.txt	ENSG00000163131	CTSS	0	-0.6571915367837406	0.4779941236469926	0.0	0.8444382363181007
height	annotated_credset_174.txt	ENSG00000143387	CTSK	0	-0.3859349187221799	0.2228599266217059	0.5425132361231217	0.9039136465223886
height	annotated_credset_174.txt	ENSG00000143437	ARNT	0	0.0756486128486793	0.4565286890861206	0.7605072836703574	1.0
height	annotated_credset_174.txt	ENSG00000143379	SETDB1	0	-0.1039346819004105	0.5604153028757594	0.7265422055552346	0.9519835842247184
height	annotated_credset_174.txt	ENSG00000143418	CERS2	0	-0.2978243509625211	0.589172895702346	0.5476518749993725	0.9038035323385089
height	annotated_credset_174.txt	ENSG00000143412	ANXA9	1	-0.3384378319437424	0.7894865041789091	0.3097796150327798	0.8737134614722787
height	annotated_credset_174.txt	ENSG00000143409	FAM63A	0	-0.4532658303330585	0.5111361456604808	0.5262083560318572	0.8533127471945864
height	annotated_credset_174.txt	ENSG00000143363	PRUNE	0	-0.5333807345154211	0.59791130665124	0.4726663318620783	0.8366476715552741
height	annotated_credset_174.txt	ENSG00000163141	BNIPL	0	-0.6627656799896924	0.558558009956308	0.3764783615373153	0.7971293597663229
height	annotated_credset_174.txt	ENSG00000143443	C1orf56	0	-0.3546267966027714	0.1458949259366389	1.0	0.7814483813406539
height	annotated_credset_174.txt	ENSG00000197622	CDC42SE1	0	-0.442291076222806	0.5373057073697992	0.8246714407599307	0.7769125495328351
height	annotated_credset_174.txt	ENSG00000213190	MLLT11	0	-0.6599036549191102	0.3793444669417084	0.3920163164407479	0.7673846354258507
height	annotated_credset_174.txt	ENSG00000143458	GABPB2	0	-0.4121407054228205	0.6077458248968594	0.8808631573583758	0.7493873083518061
height	annotated_credset_174.txt	ENSG00000143434	SEMA6C	0	-0.4064186609037796	0.5429537046904258	0.6150864011739843	0.6636023890449699
height	annotated_credset_174.txt	ENSG00000163154	TNFAIP8L2	0	-0.6514068755431763	0.1971470762860231	0.1457052840137214	0.6285848128721956
height	annotated_credset_174.txt	ENSG00000163156	SCNM1	0	-0.5460425145539645	0.3811256412988871	0.6254304831192203	0.6285356782038967
height	annotated_credset_174.txt	ENSG00000163155	LYSMD1	0	-0.5029308612992636	0.3315267861220637	0.4426573125015468	0.6242062120029331
height	annotated_credset_174.txt	ENSG00000163157	TMOD4	0	-0.7470910395272727	0.1626349201516282	0.2233334331726039	0.6098336196016797
height	annotated_credset_174.txt	ENSG00000163159	VPS72	0	-0.4912353821659514	0.7060148887907806	0.643494993752485	0.609832215754014
height	annotated_credset_174.txt	ENSG00000143398	PIP5K1A	0	-0.1343279386560416	0.8846499307321084	0.9494380383879664	0.5705778273262111
height	annotated_credset_174.txt	ENSG00000159352	PSMD4	0	-0.3523849482797905	0.9725668701569564	0.915083405203091	0.4909038569080891
height	annotated_credset_174.txt	ENSG00000232671	RP11-126K1.2	0	-0.6945174520666608	0.0	0.3339721032262737	0.4553570301653526
height	annotated_credset_174.txt	ENSG00000143373	ZNF687	0	-0.4723319983796532	0.9489701158524518	0.6751893050033653	0.4531192969862553
height	annotated_credset_174.txt	ENSG00000143393	PI4KB	0	-0.398712805803056	0.8579018679495182	0.8224276901565597	0.4388295315972773
height	annotated_credset_174.txt	ENSG00000143390	RFX5	0	-0.5112936159310442	0.7128960068202232	0.6055034318085424	0.3702614000623663
height	annotated_credset_174.txt	ENSG00000143416	SELENBP1	0	-0.4814570443584416	0.794556000426264	0.6569392130457883	0.3370435565969965
height	annotated_credset_174.txt	ENSG00000159377	PSMB4	0	-0.5273183446922831	0.2220073987242529	0.6683703179750293	0.2875831956396847
height	annotated_credset_174.txt	ENSG00000143442	POGZ	0	-0.4951870734824799	0.4480034101115898	0.7326328603946357	0.2831049215861588
height	annotated_credset_174.txt	ENSG00000143375	CGN	0	-0.7896425994407028	0.3196979615449024	0.0233015909641516	0.1317897970929478
height	annotated_credset_174.txt	ENSG00000143367	TUFT1	0	-0.6867466273943554	0.3309330613363375	0.3495137525708848	0.0899621558939495
height	annotated_credset_1758.txt	ENSG00000169071	ROR2	0	0.2459877046703525	1.0	1.0	0.7781395819889285
height	annotated_credset_1758.txt	ENSG00000090054	SPTLC1	0	-0.4042420155865979	0.0	0.0116872231518706	1.0
height	annotated_credset_1758.txt	ENSG00000196305	IARS	0	-0.6256102286733113	0.597861077330281	0.2234684475826918	0.8044428208170464
height	annotated_credset_1758.txt	ENSG00000198000	NOL8	0	-0.7652184453845791	0.3585020387724443	0.0	0.6645502598639172
height	annotated_credset_1758.txt	ENSG00000188312	CENPP	0	-0.3995750353240838	0.8145611274053938	0.5992379748298531	0.6194031224889277
height	annotated_credset_1758.txt	ENSG00000106809	OGN	0	-0.5170939046445745	0.3254166964732813	0.5045214909190958	0.5255277034779944
height	annotated_credset_1758.txt	ENSG00000127083	OMD	0	-0.4529624001647062	0.7518241648186564	0.5374702355813473	0.4769262306258314
height	annotated_credset_1758.txt	ENSG00000106819	ASPN	1	-0.4163912084021585	0.7699406252235496	0.6036395909234594	0.4095731095188642
height	annotated_credset_1758.txt	ENSG00000106823	ECM2	0	-0.500594757233198	0.8521174619071464	0.4352324932613802	0.3487723106320743
height	annotated_credset_1758.txt	ENSG00000127080	IPPK	0	-0.6759516335591539	0.5632734816510481	0.1868849496396197	0.1575944250991643
height	annotated_credset_1758.txt	ENSG00000185963	BICD2	0	-0.2459877046703525	0.4958509192359968	0.0794852126601425	0.0
height	annotated_credset_1759.txt	ENSG00000169071	ROR2	0	-0.2128897223479149	1.0	1.0	0.3697459663246327
height	annotated_credset_1759.txt	ENSG00000090054	SPTLC1	0	-0.4346486604709687	0.199175056929665	0.1579667800878155	0.6047727293727836
height	annotated_credset_1759.txt	ENSG00000196305	IARS	0	-0.3694837567274316	0.6779571201466564	0.338402397740295	0.8585052454930627
height	annotated_credset_1759.txt	ENSG00000198000	NOL8	0	-0.4253680243677664	0.4862724317202067	0.1480093755364079	0.9038542498991046
height	annotated_credset_1759.txt	ENSG00000188312	CENPP	0	0.0096636886040459	0.8514959254113974	0.6585545119139927	1.0
height	annotated_credset_1759.txt	ENSG00000106809	OGN	0	-0.1064253076955514	0.459776864357017	0.5778569556398709	1.0
height	annotated_credset_1759.txt	ENSG00000127083	OMD	0	-0.0850493425492893	0.8012546009194678	0.605928977179954	0.9701002691907648
height	annotated_credset_1759.txt	ENSG00000106819	ASPN	1	-0.0096636886040459	0.8157627142918522	0.6623046475582334	0.9104125582473044
height	annotated_credset_1759.txt	ENSG00000106823	ECM2	0	-0.1003162804954378	0.8815719748506938	0.5188233792570174	0.8565314544552075
height	annotated_credset_1759.txt	ENSG00000127080	IPPK	0	-0.0131410132129725	0.6502585108058949	0.3072336004827145	0.687111386269386
height	annotated_credset_1759.txt	ENSG00000185963	BICD2	0	-0.4532792084143533	0.5962648410982053	0.2157300315063442	0.5474526690930752
height	annotated_credset_1759.txt	ENSG00000127081	ZNF484	0	-0.5043655548102257	0.2992996577059135	0.0	0.3565131611753026
height	annotated_credset_1759.txt	ENSG00000127084	FGD3	0	-0.7433274853981607	0.3817080331695858	0.0626616567074306	0.2116196781202518
height	annotated_credset_1759.txt	ENSG00000157303	SUSD3	0	-0.6414223958428531	0.0	0.266471835818046	0.0533590496949509
height	annotated_credset_1759.txt	ENSG00000165233	C9orf89	0	-0.5628995370431469	0.0094238288243129	0.420425026027932	0.0
height	annotated_credset_175.txt	ENSG00000143401	ANP32E	0	-0.522430872331868	1.0	0.5209799554228779	0.0
height	annotated_credset_175.txt	ENSG00000118298	CA14	0	-0.1804835733256036	0.8544917563597059	0.3904264352255677	0.0452195898492368
height	annotated_credset_175.txt	ENSG00000117362	APH1A	0	-0.4517528291253252	0.2496688842541142	0.6586117052118178	0.0522458407466367
height	annotated_credset_175.txt	ENSG00000118292	C1orf54	0	-0.2890256992761431	0.5032045914716763	0.6229028255669207	0.0699550519711583
height	annotated_credset_175.txt	ENSG00000159208	C1orf51	0	-0.6445252947362223	0.5237413795728226	0.3999560028108244	0.079597028435871
height	annotated_credset_175.txt	ENSG00000187145	MRPS21	0	-0.7100063779037376	0.5315815914869	0.268993836475794	0.1137903049598901
height	annotated_credset_175.txt	ENSG00000117360	PRPF3	0	-0.5822770411699085	0.5231324310746419	0.5244525099434523	0.1828620033086743
height	annotated_credset_175.txt	ENSG00000163125	RPRD2	0	-0.4411772304546137	0.5110143559608447	0.6851207640721008	0.3754065611636544
height	annotated_credset_175.txt	ENSG00000143374	TARS2	0	-0.4586677388970295	0.4802320093778069	0.5747088771311168	0.4238443050223178
height	annotated_credset_175.txt	ENSG00000143369	ECM1	0	-0.656898324465873	0.4433297303880524	0.0975068965528171	0.4335003277460435
height	annotated_credset_175.txt	ENSG00000143382	ADAMTSL4	1	-0.3768230229175542	0.7919375218840867	0.5104802802585855	0.5070839966288978
height	annotated_credset_175.txt	ENSG00000225996	AL356356.1	0	-0.6775172445284976	0.0	0.3339721032262737	0.4929659456253706
height	annotated_credset_175.txt	ENSG00000203804	ADAMTSL4-AS1	0	-0.5243176910388125	0.0	0.3339721032262737	0.507951743296813
height	annotated_credset_175.txt	ENSG00000143384	MCL1	0	-0.1524849512547299	0.8930990911443666	0.888756900802862	0.5361956487810968
height	annotated_credset_175.txt	ENSG00000143420	ENSA	0	-0.3721669296072212	0.5490888608095971	0.6483313138488558	0.6142647563754409
height	annotated_credset_175.txt	ENSG00000143457	GOLPH3L	0	-0.5791672925487665	0.3842921734894272	0.3701907926624206	0.7196772481817898
height	annotated_credset_175.txt	ENSG00000143452	HORMAD1	0	-0.5354645511884406	0.3406305661698661	0.1542076798020179	0.7567187938945594
height	annotated_credset_175.txt	ENSG00000163131	CTSS	0	-0.496085298781405	0.4779941236469926	0.0	0.8270577769454068
height	annotated_credset_175.txt	ENSG00000143387	CTSK	0	-0.4815930926461138	0.2228599266217059	0.5425132361231217	0.8931782002060118
height	annotated_credset_175.txt	ENSG00000143437	ARNT	0	-0.1639845805302107	0.4565286890861206	0.7605072836703574	1.0
height	annotated_credset_175.txt	ENSG00000143379	SETDB1	0	-0.1642805608643225	0.5604153028757594	0.7265422055552346	0.9746908229023128
height	annotated_credset_175.txt	ENSG00000143418	CERS2	0	0.0355822257849316	0.589172895702346	0.5476518749993725	0.9211277551993444
height	annotated_credset_175.txt	ENSG00000143412	ANXA9	1	-0.3234213861929937	0.7894865041789091	0.3097796150327798	0.8876758090121233
height	annotated_credset_175.txt	ENSG00000143409	FAM63A	0	-0.489446436584263	0.5111361456604808	0.5262083560318572	0.8649957827924398
height	annotated_credset_175.txt	ENSG00000143363	PRUNE	0	-0.5344039582783748	0.59791130665124	0.4726663318620783	0.8464687671542714
height	annotated_credset_175.txt	ENSG00000163141	BNIPL	0	-0.5846590886510226	0.558558009956308	0.3764783615373153	0.8025351903524486
height	annotated_credset_175.txt	ENSG00000143443	C1orf56	0	-0.2321230299520593	0.1458949259366389	1.0	0.7851022222218496
height	annotated_credset_175.txt	ENSG00000197622	CDC42SE1	0	-0.2963066558092766	0.5373057073697992	0.8246714407599307	0.7800596152361767
height	annotated_credset_175.txt	ENSG00000213190	MLLT11	0	-0.5264481904420126	0.3793444669417084	0.3920163164407479	0.7694671752449167
height	annotated_credset_175.txt	ENSG00000143458	GABPB2	0	-0.3270948221301102	0.6077458248968594	0.8808631573583758	0.749459059628598
height	annotated_credset_175.txt	ENSG00000143434	SEMA6C	0	-0.4670866433680578	0.5429537046904258	0.6150864011739843	0.6540896430165557
height	annotated_credset_175.txt	ENSG00000163154	TNFAIP8L2	0	-0.6229446948147055	0.1971470762860231	0.1457052840137214	0.6151596558142584
height	annotated_credset_175.txt	ENSG00000163156	SCNM1	0	-0.4280483757223137	0.3811256412988871	0.6254304831192203	0.6151050314736521
height	annotated_credset_175.txt	ENSG00000163155	LYSMD1	0	-0.5561018907529827	0.3315267861220637	0.4426573125015468	0.6102918467185253
height	annotated_credset_175.txt	ENSG00000163157	TMOD4	0	-0.6657638304174542	0.1626349201516282	0.2233334331726039	0.5943134467434964
height	annotated_credset_175.txt	ENSG00000163159	VPS72	0	-0.3386713838296009	0.7060148887907806	0.643494993752485	0.5943118860480505
height	annotated_credset_175.txt	ENSG00000143398	PIP5K1A	0	-0.0355822257849316	0.8846499307321084	0.9494380383879664	0.550671719990055
height	annotated_credset_175.txt	ENSG00000159352	PSMD4	0	-0.2591728114203382	0.9725668701569564	0.915083405203091	0.4620960106539748
height	annotated_credset_175.txt	ENSG00000232671	RP11-126K1.2	0	-0.6050295326220645	0.0	0.3339721032262737	0.4225776412685767
height	annotated_credset_175.txt	ENSG00000143373	ZNF687	0	-0.310054052270323	0.9489701158524518	0.6751893050033653	0.4200898927278269
height	annotated_credset_175.txt	ENSG00000143393	PI4KB	0	-0.2882761186964113	0.8579018679495182	0.8224276901565597	0.4042035737841056
height	annotated_credset_175.txt	ENSG00000143390	RFX5	0	-0.0952801275243506	0.7128960068202232	0.6055034318085424	0.3279745261204667
height	annotated_credset_175.txt	ENSG00000143416	SELENBP1	0	-0.4037478371864893	0.794556000426264	0.6569392130457883	0.2910453504798012
height	annotated_credset_175.txt	ENSG00000159377	PSMB4	0	-0.4860102901311096	0.2220073987242529	0.6683703179750293	0.2360589285301804
height	annotated_credset_175.txt	ENSG00000143442	POGZ	0	-0.4150531493610647	0.4480034101115898	0.7326328603946357	0.2310803100577891
height	annotated_credset_1760.txt	ENSG00000196305	IARS	0	-0.4635548294298112	0.7690320694024758	0.510946735747526	0.3601717332284831
height	annotated_credset_1760.txt	ENSG00000198000	NOL8	0	-0.6575572197537815	0.5515969717646294	0.22347627497721	0.4053178991303109
height	annotated_credset_1760.txt	ENSG00000188312	CENPP	0	0.0943269856863032	0.9658836143873673	0.9943377482581972	0.8229298466193736
height	annotated_credset_1760.txt	ENSG00000106809	OGN	0	-0.5325143129438147	0.521542060629691	0.87249418793949	0.5172769918592478
height	annotated_credset_1760.txt	ENSG00000127083	OMD	0	-0.4706960602684035	0.9088930045163596	0.9148795488811324	0.5452667650414821
height	annotated_credset_1760.txt	ENSG00000106819	ASPN	1	-0.1497287378461768	0.9253500990999772	1.0	0.6274659243818709
height	annotated_credset_1760.txt	ENSG00000106823	ECM2	0	-0.0943269856863032	1.0	0.7833606198745565	0.7041478483912208
height	annotated_credset_1760.txt	ENSG00000127080	IPPK	0	-0.5424298508901254	0.7376125028430321	0.4638856176163264	0.8933567325236931
height	annotated_credset_1760.txt	ENSG00000185963	BICD2	0	-0.132251815035962	0.6763654677194008	0.3257262836697459	1.0
height	annotated_credset_1760.txt	ENSG00000127081	ZNF484	0	-0.2466638908536841	0.3395067745394288	0.0	0.8583577646823995
height	annotated_credset_1760.txt	ENSG00000127084	FGD3	0	-0.7001732784654174	0.4329856711180426	0.0946115310204298	0.7141123659184636
height	annotated_credset_1760.txt	ENSG00000157303	SUSD3	0	-0.7687802615194522	0.0	0.4023402776961737	0.5565596107875427
height	annotated_credset_1760.txt	ENSG00000165233	C9orf89	0	-0.6467823123727766	0.0106898008252916	0.634790994715111	0.5034392271883124
height	annotated_credset_1760.txt	ENSG00000131669	NINJ1	0	-0.6199420789547995	0.4961659680930565	0.7024773609803864	0.467652252329307
height	annotated_credset_1760.txt	ENSG00000165238	WNK2	0	-0.9127981562368312	0.2331123891217467	0.1167652064163228	0.3778314912046134
height	annotated_credset_1760.txt	ENSG00000204352	C9orf129	0	-0.888734731359426	0.2087597881534912	0.1648920561711333	0.1890856809821128
height	annotated_credset_1760.txt	ENSG00000188938	FAM120AOS	0	-0.8292512417154335	0.5250349286805082	0.2838590354591183	0.0074035180468869
height	annotated_credset_1760.txt	ENSG00000048828	FAM120A	0	-0.7359265423306914	0.5044513760275531	0.4678200263306533	0.0
height	annotated_credset_1761.txt	ENSG00000188312	CENPP	0	-0.2487531773842326	0.9658836143873673	0.9943377482581972	0.2762250520197175
height	annotated_credset_1761.txt	ENSG00000127083	OMD	0	-0.2809199973715321	0.9088930045163596	0.9148795488811324	0.0
height	annotated_credset_1761.txt	ENSG00000106819	ASPN	1	-0.1583171711803845	0.9253500990999772	1.0	0.0817734462059065
height	annotated_credset_1761.txt	ENSG00000106823	ECM2	0	-0.2319522031925691	1.0	0.7833606198745565	0.1580582310901107
height	annotated_credset_1761.txt	ENSG00000127080	IPPK	0	-0.517710910700621	0.7376125028430321	0.4638856176163264	0.3462871939218993
height	annotated_credset_1761.txt	ENSG00000185963	BICD2	0	-0.5867905776739113	0.6763654677194008	0.3257262836697459	0.479484437757369
height	annotated_credset_1761.txt	ENSG00000127081	ZNF484	0	-0.7892557011486463	0.3395067745394288	0.0	0.6389740035248025
height	annotated_credset_1761.txt	ENSG00000127084	FGD3	0	-0.7159095604057348	0.4329856711180426	0.0946115310204298	0.8618649332865613
height	annotated_credset_1761.txt	ENSG00000157303	SUSD3	0	-0.1751497092961038	0.0	0.4023402776961737	0.9307577761905366
height	annotated_credset_1761.txt	ENSG00000165233	C9orf89	0	-0.3683597779755085	0.0106898008252916	0.634790994715111	0.9704082825815304
height	annotated_credset_1761.txt	ENSG00000131669	NINJ1	0	0.089166154428522	0.4961659680930565	0.7024773609803864	1.0
height	annotated_credset_1761.txt	ENSG00000165238	WNK2	0	-0.089166154428522	0.2331123891217467	0.1167652064163228	0.9613377832438283
height	annotated_credset_1761.txt	ENSG00000204352	C9orf129	0	-0.4954856965463559	0.2087597881534912	0.1648920561711333	0.7735694960414536
height	annotated_credset_1761.txt	ENSG00000188938	FAM120AOS	0	-0.5299955130623366	0.5250349286805082	0.2838590354591183	0.5928282731801086
height	annotated_credset_1761.txt	ENSG00000048828	FAM120A	0	-0.4187853671291326	0.5044513760275531	0.4678200263306533	0.5854630982853807
height	annotated_credset_1761.txt	ENSG00000197724	PHF2	0	-0.0958021680898479	0.6558793904539103	0.6798121583569763	0.4098076216692474
height	annotated_credset_1762.txt	ENSG00000188312	CENPP	0	-0.311309960569796	0.9658836143873673	0.9943377482581972	0.3370362556381509
height	annotated_credset_1762.txt	ENSG00000106809	OGN	0	-0.4967326710384454	0.521542060629691	0.87249418793949	0.0
height	annotated_credset_1762.txt	ENSG00000127083	OMD	0	-0.3617461406225557	0.9088930045163596	0.9148795488811324	0.0308636683825667
height	annotated_credset_1762.txt	ENSG00000106819	ASPN	1	-0.3867481375438959	0.9253500990999772	1.0	0.1215027592637245
height	annotated_credset_1762.txt	ENSG00000106823	ECM2	0	-0.4866280483250014	1.0	0.7833606198745565	0.2060581237589234
height	annotated_credset_1762.txt	ENSG00000127080	IPPK	0	-0.58041479814949	0.7376125028430321	0.4638856176163264	0.4146943358810959
height	annotated_credset_1762.txt	ENSG00000185963	BICD2	0	-0.6175923903089375	0.6763654677194008	0.3257262836697459	0.562332446408115
height	annotated_credset_1762.txt	ENSG00000127081	ZNF484	0	-0.7573096180660517	0.3395067745394288	0.0	0.7391134177003172
height	annotated_credset_1762.txt	ENSG00000127084	FGD3	0	-0.5146683451629535	0.4329856711180426	0.0946115310204298	0.9861695487136948
height	annotated_credset_1762.txt	ENSG00000157303	SUSD3	0	-0.0926740270237509	0.0	0.4023402776961737	1.0
height	annotated_credset_1762.txt	ENSG00000165233	C9orf89	0	-0.2773419752464601	0.0106898008252916	0.634790994715111	0.9414253951581856
height	annotated_credset_1762.txt	ENSG00000131669	NINJ1	0	0.0926740270237509	0.4961659680930565	0.7024773609803864	0.9019639348143536
height	annotated_credset_1762.txt	ENSG00000165238	WNK2	0	-0.7802847323719283	0.2331123891217467	0.1167652064163228	0.8029206818671711
height	annotated_credset_1762.txt	ENSG00000204352	C9orf129	0	-0.8495630156778117	0.2087597881534912	0.1648920561711333	0.5947950905171262
height	annotated_credset_1762.txt	ENSG00000188938	FAM120AOS	0	-0.4993093529610042	0.5250349286805082	0.2838590354591183	0.3944584178562916
height	annotated_credset_1762.txt	ENSG00000048828	FAM120A	0	-0.4230955973705126	0.5044513760275531	0.4678200263306533	0.3862947316279051
height	annotated_credset_1762.txt	ENSG00000197724	PHF2	0	-0.4283696610379846	0.6558793904539103	0.6798121583569763	0.1915951873688446
height	annotated_credset_176.txt	ENSG00000117360	PRPF3	0	-0.7341319981808629	0.537888393206543	0.5244525099434523	0.0
height	annotated_credset_176.txt	ENSG00000163125	RPRD2	0	-0.6537978711165386	0.5254285043437427	0.6851207640721008	0.1661054465503475
height	annotated_credset_176.txt	ENSG00000143374	TARS2	0	-0.6606085385173894	0.4937778821319559	0.5747088771311168	0.2078919980019576
height	annotated_credset_176.txt	ENSG00000143369	ECM1	0	-0.8992095288065394	0.4558347029819207	0.0975068965528171	0.2162221112198694
height	annotated_credset_176.txt	ENSG00000143382	ADAMTSL4	1	-0.7040414609732779	0.8142756515613995	0.5104802802585855	0.2797016938929108
height	annotated_credset_176.txt	ENSG00000225996	AL356356.1	0	-0.829372201539452	0.0	0.3339721032262737	0.2675222524561514
height	annotated_credset_176.txt	ENSG00000203804	ADAMTSL4-AS1	0	-0.829372201539452	0.0	0.3339721032262737	0.2804502865790526
height	annotated_credset_176.txt	ENSG00000143384	MCL1	0	-0.4394934402938826	0.918290678563043	0.888756900802862	0.3048159014011878
height	annotated_credset_176.txt	ENSG00000143420	ENSA	0	-0.6696051585984613	0.5645769742506066	0.6483313138488558	0.3721650081389259
height	annotated_credset_176.txt	ENSG00000143457	GOLPH3L	0	-0.8112628568213787	0.3951318775925491	0.3701907926624206	0.4631028628284686
height	annotated_credset_176.txt	ENSG00000143452	HORMAD1	0	-0.7067279130265128	0.3502387101823589	0.1542076798020179	0.4950580765207135
height	annotated_credset_176.txt	ENSG00000163131	CTSS	0	-0.995282687337617	0.491476872505283	0.0	0.555738514959063
height	annotated_credset_176.txt	ENSG00000143387	CTSK	0	-0.723127827279291	0.2291461219378571	0.5425132361231217	0.6127796619753961
height	annotated_credset_176.txt	ENSG00000143437	ARNT	0	-0.6122843112151763	0.4694059638412773	0.7605072836703574	0.7049333065850575
height	annotated_credset_176.txt	ENSG00000143379	SETDB1	0	-0.6255400698581566	0.5762229005243797	0.7265422055552346	0.8233738641519697
height	annotated_credset_176.txt	ENSG00000143418	CERS2	0	-0.7149852351360875	0.6057916568834625	0.5476518749993725	0.8371959010511265
height	annotated_credset_176.txt	ENSG00000143412	ANXA9	1	-0.6976569813265067	0.8117554981607576	0.3097796150327798	0.8649732674320444
height	annotated_credset_176.txt	ENSG00000143409	FAM63A	0	-0.7283106447129237	0.5255537293574392	0.5262083560318572	0.8821276188963105
height	annotated_credset_176.txt	ENSG00000143363	PRUNE	0	-0.6948921116432417	0.6147765516161854	0.4726663318620783	0.918935221151244
height	annotated_credset_176.txt	ENSG00000163141	BNIPL	0	-0.6636496920052082	0.5743132190655084	0.3764783615373153	0.934939755791832
height	annotated_credset_176.txt	ENSG00000143443	C1orf56	0	-0.4172827378823558	0.1500101745323628	1.0	0.9408450211181228
height	annotated_credset_176.txt	ENSG00000197622	CDC42SE1	0	-0.4504829753156534	0.5524614541754715	0.8246714407599307	0.9655364622532908
height	annotated_credset_176.txt	ENSG00000213190	MLLT11	0	-0.7159948598324225	0.3900446114111294	0.3920163164407479	0.9630712226699716
height	annotated_credset_176.txt	ENSG00000143458	GABPB2	0	0.2661134065507688	0.6248884714721766	0.8808631573583758	1.0
height	annotated_credset_176.txt	ENSG00000143434	SEMA6C	0	-0.515738124903701	0.5582687641856461	0.6150864011739843	0.9518490643264618
height	annotated_credset_176.txt	ENSG00000163154	TNFAIP8L2	0	-0.7803099820258552	0.2027079909211865	0.1457052840137214	0.9182647190690524
height	annotated_credset_176.txt	ENSG00000163156	SCNM1	0	-0.5670023246041482	0.3918760272364405	0.6254304831192203	0.9182175954287376
height	annotated_credset_176.txt	ENSG00000163155	LYSMD1	0	-0.6091104122170621	0.3408781404085466	0.4426573125015468	0.9140653295221528
height	annotated_credset_176.txt	ENSG00000163157	TMOD4	0	-0.7749255300965605	0.1672223526649448	0.2233334331726039	0.9002809915352478
height	annotated_credset_176.txt	ENSG00000163159	VPS72	0	-0.4795325025303136	0.7259294043985286	0.643494993752485	0.9002796451455245
height	annotated_credset_176.txt	ENSG00000143398	PIP5K1A	0	-0.2661134065507688	0.9096031932378492	0.9494380383879664	0.8626318957032665
height	annotated_credset_176.txt	ENSG00000159352	PSMD4	0	-0.3069366009813414	1.0	0.915083405203091	0.7862188933484309
height	annotated_credset_176.txt	ENSG00000232671	RP11-126K1.2	0	-0.8253525835050892	0.0	0.3339721032262737	0.7521269591653461
height	annotated_credset_176.txt	ENSG00000143373	ZNF687	0	-0.6194197667275665	0.975737653596306	0.6751893050033653	0.7499808139464433
height	annotated_credset_176.txt	ENSG00000143393	PI4KB	0	-0.4453196600350635	0.8821006496047586	0.8224276901565597	0.7362759129532116
height	annotated_credset_176.txt	ENSG00000143390	RFX5	0	-0.5628849681870385	0.7330046176723801	0.6055034318085424	0.6705141996992166
height	annotated_credset_176.txt	ENSG00000143416	SELENBP1	0	-0.6300456576617992	0.8169679893558739	0.6569392130457883	0.6386559260670475
height	annotated_credset_176.txt	ENSG00000159377	PSMB4	0	-0.5940778869507188	0.2282695468419817	0.6683703179750293	0.5912199233365691
height	annotated_credset_176.txt	ENSG00000143442	POGZ	0	-0.6282703729125465	0.4606402128825233	0.7326328603946357	0.5869249401193171
height	annotated_credset_176.txt	ENSG00000143375	CGN	0	-0.9847074576705132	0.3287156609532754	0.0233015909641516	0.441802977406234
height	annotated_credset_176.txt	ENSG00000143367	TUFT1	0	-0.6449812510965778	0.3402676684667762	0.3495137525708848	0.4016872956012101
height	annotated_credset_176.txt	ENSG00000143376	SNX27	0	-0.6555931432025777	0.3274321045628864	0.6815302199000227	0.305070369058887
height	annotated_credset_176.txt	ENSG00000159409	CELF3	0	-0.8371949443463609	0.2460045394067465	0.3183266176124563	0.1834388678478095
height	annotated_credset_176.txt	ENSG00000178796	RIIAD1	0	-0.7609243024624917	0.3001643578304766	0.3782055669380557	0.1726287047596223
height	annotated_credset_176.txt	ENSG00000240510	AL589765.1	0	-0.829372201539452	0.0	0.3339721032262737	0.1726287047596223
height	annotated_credset_176.txt	ENSG00000143436	MRPL9	0	-0.7829459064426487	0.2630507943961807	0.4268246934198806	0.1063728664771847
height	annotated_credset_176.txt	ENSG00000143450	OAZ3	0	-0.8697653703430204	0.2333881192768255	0.2531857656191369	0.101894774257567
height	annotated_credset_176.txt	ENSG00000182134	TDRKH	0	-0.9302051228325874	0.2154809423182281	0.1323062606400031	0.0922842444128192
height	annotated_credset_176.txt	ENSG00000213171	LINGO4	0	-0.9864711030570597	0.2548329028723488	0.0197743001910585	0.0516811695279692
height	annotated_credset_176.txt	ENSG00000143365	RORC	0	-0.539431052170736	0.6915394850121312	0.6565696414885472	0.0438626844049024
height	annotated_credset_176.txt	ENSG00000225556	C2CD4D	0	-0.8063560461920787	0.1966971902637551	0.3776542027775269	0.0011175034703195
height	annotated_credset_1771.txt	ENSG00000131668	BARX1	0	-0.9078489007421686	0.0	0.1234820540359114	0.0
height	annotated_credset_1771.txt	ENSG00000158079	PTPDC1	0	-0.845569856706768	0.0746677697916128	0.224366130876244	0.2255645904301064
height	annotated_credset_1771.txt	ENSG00000175787	ZNF169	0	-0.5321093676164594	0.813718392884844	0.2257318321861333	0.5053199333602968
height	annotated_credset_1771.txt	ENSG00000130950	NUTM2F	0	-0.8687287360105516	1.0	0.0	0.5450204927308115
height	annotated_credset_1771.txt	ENSG00000148110	HIATL1	0	-0.1745724131094277	0.7653446403640312	0.1002262314650892	0.7383369568550265
height	annotated_credset_1771.txt	ENSG00000130957	FBP2	0	-0.710892830570576	0.6001344433528104	0.0090047214176707	0.932168841996446
height	annotated_credset_1771.txt	ENSG00000165140	FBP1	0	-0.6024159169804817	0.1803350742023889	0.0283612833543292	1.0
height	annotated_credset_1771.txt	ENSG00000148120	C9orf3	0	0.1573866814699172	0.9750245617663788	1.0	0.9075183657475172
height	annotated_credset_1771.txt	ENSG00000158169	FANCC	0	-0.1573866814699172	0.5833290242515125	0.6521960853233343	0.3638397198008727
height	annotated_credset_1772.txt	ENSG00000158079	PTPDC1	0	-0.7586683227909022	0.0	0.224366130876244	0.0
height	annotated_credset_1772.txt	ENSG00000175787	ZNF169	0	-0.7156475776962602	0.798686784017882	0.2257318321861333	0.2688087050756584
height	annotated_credset_1772.txt	ENSG00000130950	NUTM2F	0	-0.9351715948711752	1.0	0.0	0.3069558083387778
height	annotated_credset_1772.txt	ENSG00000148110	HIATL1	0	-0.8204733894550977	0.7464096116233584	0.1002262314650892	0.4927079296271368
height	annotated_credset_1772.txt	ENSG00000130957	FBP2	0	-0.7723991135416122	0.5678681195864768	0.0090047214176707	0.6789553038559843
height	annotated_credset_1772.txt	ENSG00000165140	FBP1	0	-0.2790786120761516	0.1141939089131041	0.0283612833543292	0.7441322744036665
height	annotated_credset_1772.txt	ENSG00000148120	C9orf3	0	0.2790786120761516	0.9730092204526404	1.0	1.0
height	annotated_credset_1772.txt	ENSG00000158169	FANCC	0	-0.5508715239349719	0.5497066219614417	0.6521960853233343	0.6121721863305926
height	annotated_credset_1773.txt	ENSG00000175787	ZNF169	0	-0.984636337211197	0.7727344415355013	0.2218416789953495	0.0
height	annotated_credset_1773.txt	ENSG00000130950	NUTM2F	0	-1.0919647451636143	1.0	0.0	0.0384185600584915
height	annotated_credset_1773.txt	ENSG00000148110	HIATL1	0	-0.9987652929614628	0.7137179446740055	0.0984989810797175	0.2254925032223076
height	annotated_credset_1773.txt	ENSG00000130957	FBP2	0	-1.0310424617131773	0.5121597325174275	0.0088495384050853	0.4130652235726131
height	annotated_credset_1773.txt	ENSG00000165140	FBP1	0	-0.88628451588747	0.0	0.0278725187176934	0.4787059968744623
height	annotated_credset_1773.txt	ENSG00000148120	C9orf3	0	0.37561478579014	0.969529697504968	0.9827664837825084	1.0
height	annotated_credset_1773.txt	ENSG00000158169	FANCC	0	-0.59505885603606	0.4916569409835031	0.6409564535099301	0.8730178925100099
height	annotated_credset_1773.txt	ENSG00000185920	PTCH1	1	-0.37561478579014	0.5631643693025896	1.0	0.3870619643497763
height	annotated_credset_1774.txt	ENSG00000165140	FBP1	0	-1.0489843811867792	0.43945362366415	0.0210301497005602	0.0
height	annotated_credset_1774.txt	ENSG00000148120	C9orf3	0	-0.0875136236827385	1.0	0.9826451847968372	0.6639573536642351
height	annotated_credset_1774.txt	ENSG00000158169	FANCC	0	0.0875136236827385	0.723711565816829	0.6384293071370443	1.0
height	annotated_credset_1774.txt	ENSG00000185920	PTCH1	1	-0.1359040871749071	0.765054528212423	1.0	0.8074127890084242
height	annotated_credset_1774.txt	ENSG00000268926	DKFZP434H0512	0	-1.0607360736022142	0.0	0.0	0.3181202989593309
height	annotated_credset_1774.txt	ENSG00000182150	ERCC6L2	0	-0.7320287465673958	0.9072108545792756	0.2068865092332111	0.1645354982005623
height	annotated_credset_1775.txt	ENSG00000148120	C9orf3	0	-0.4125459117189578	1.0	0.9826451847968372	0.238046464083848
height	annotated_credset_1775.txt	ENSG00000158169	FANCC	0	-0.444562848561397	0.723711565816829	0.6384293071370443	0.770837800764989
height	annotated_credset_1775.txt	ENSG00000185920	PTCH1	1	0.4125459117189578	0.765054528212423	1.0	1.0
height	annotated_credset_1775.txt	ENSG00000268926	DKFZP434H0512	0	-1.1565751808389493	0.0	0.0	0.2389022025739448
height	annotated_credset_1775.txt	ENSG00000182150	ERCC6L2	0	-0.4772168578343585	0.9072108545792756	0.2068865092332111	0.0
height	annotated_credset_1776.txt	ENSG00000148120	C9orf3	0	0.0606485980256863	1.0	0.9826451847968372	0.0
height	annotated_credset_1776.txt	ENSG00000158169	FANCC	0	-0.2856187484198718	0.723711565816829	0.6384293071370443	0.5605930678118524
height	annotated_credset_1776.txt	ENSG00000185920	PTCH1	1	-0.0606485980256863	0.765054528212423	1.0	1.0
height	annotated_credset_1776.txt	ENSG00000268926	DKFZP434H0512	0	-1.2053242700799771	0.0	0.0	0.3339918077890262
height	annotated_credset_1776.txt	ENSG00000182150	ERCC6L2	0	-0.7426249267296985	0.9072108545792756	0.2068865092332111	0.0826233837410815
height	annotated_credset_1778.txt	ENSG00000148120	C9orf3	0	-0.4831366144593898	1.0	0.9826451847968372	0.0
height	annotated_credset_1778.txt	ENSG00000158169	FANCC	0	-0.4496140720461528	0.723711565816829	0.6384293071370443	0.5492661762517514
height	annotated_credset_1778.txt	ENSG00000185920	PTCH1	1	0.4496140720461528	0.765054528212423	1.0	1.0
height	annotated_credset_1778.txt	ENSG00000268926	DKFZP434H0512	0	-1.059244072237142	0.0	0.0	0.36765382613162
height	annotated_credset_1778.txt	ENSG00000182150	ERCC6L2	0	-0.713946984421989	0.9072108545792756	0.2068865092332111	0.121364349798705
height	annotated_credset_1779.txt	ENSG00000148120	C9orf3	0	-0.4007967912133876	0.721784915098065	0.9826451847968372	0.1899202804421365
height	annotated_credset_1779.txt	ENSG00000158169	FANCC	0	-0.3404618146036784	0.5223640910885876	0.6384293071370443	0.6103381270931085
height	annotated_credset_1779.txt	ENSG00000185920	PTCH1	1	0.3404618146036784	0.5522048176911939	1.0	0.9738577839752512
height	annotated_credset_1779.txt	ENSG00000268926	DKFZP434H0512	0	-0.6688224432851155	0.0	0.0	1.0
height	annotated_credset_1779.txt	ENSG00000182150	ERCC6L2	0	-0.4744067651150432	0.6548111096485455	0.2068865092332111	0.8114857681583857
height	annotated_credset_1779.txt	ENSG00000130948	HSD17B3	0	-0.6487268521614566	0.1110043438199289	0.1625914660607944	0.1557305751637085
height	annotated_credset_1779.txt	ENSG00000130958	SLC35D2	0	-0.4230587442825839	1.0	0.2958594159036229	0.0
height	annotated_credset_177.txt	ENSG00000143457	GOLPH3L	0	-0.703868833308759	0.3951318775925491	0.3758478690756408	0.0
height	annotated_credset_177.txt	ENSG00000143452	HORMAD1	0	-0.8119150507173545	0.3502387101823589	0.1618047611551175	0.0322781573679171
height	annotated_credset_177.txt	ENSG00000163131	CTSS	0	-0.8883263279994131	0.491476872505283	0.0089822065910001	0.0935718404560884
height	annotated_credset_177.txt	ENSG00000143387	CTSK	0	-0.6195061929204572	0.2291461219378571	0.546622476748912	0.1511894529550004
height	annotated_credset_177.txt	ENSG00000143437	ARNT	0	-0.5114882029321782	0.4694059638412773	0.76265845672547	0.2442744146574984
height	annotated_credset_177.txt	ENSG00000143379	SETDB1	0	-0.5260621059060915	0.5762229005243797	0.7289984599588568	0.3639119483854121
height	annotated_credset_177.txt	ENSG00000143418	CERS2	0	-0.61470385623093	0.6057916568834625	0.5517149593091798	0.377873672643398
height	annotated_credset_177.txt	ENSG00000143412	ANXA9	1	-0.6401030579769638	0.8117554981607576	0.3159793171238749	0.4059317608146923
height	annotated_credset_177.txt	ENSG00000143409	FAM63A	0	-0.6275854060653789	0.5255537293574392	0.5304640504590685	0.4232594764557402
height	annotated_credset_177.txt	ENSG00000143363	PRUNE	0	-0.3997844858532439	0.6147765516161854	0.4774029518116831	0.4604390612760031
height	annotated_credset_177.txt	ENSG00000163141	BNIPL	0	-0.6995218550315468	0.5743132190655084	0.3820789617079461	0.4766053398903299
height	annotated_credset_177.txt	ENSG00000143443	C1orf56	0	-0.3928174312949132	0.1500101745323628	1.0	0.4825702846200714
height	annotated_credset_177.txt	ENSG00000197622	CDC42SE1	0	-0.4774381968353561	0.5524614541754715	0.8262462781003274	0.5075112607711725
height	annotated_credset_177.txt	ENSG00000213190	MLLT11	0	-0.694078755549696	0.3900446114111294	0.3974773514904344	0.5050211071459657
height	annotated_credset_177.txt	ENSG00000143458	GABPB2	0	-0.4373459468383861	0.6248884714721766	0.8819332690915822	0.5826061885281574
height	annotated_credset_177.txt	ENSG00000143434	SEMA6C	0	-0.5795627020072144	0.5582687641856461	0.6185437746383249	0.6112830751153278
height	annotated_credset_177.txt	ENSG00000163154	TNFAIP8L2	0	-0.8144069793558688	0.2027079909211865	0.1533787356423099	0.6291275894333711
height	annotated_credset_177.txt	ENSG00000163156	SCNM1	0	-0.5766988752257565	0.3918760272364405	0.6287949439025347	0.6434728327095482
height	annotated_credset_177.txt	ENSG00000163155	LYSMD1	0	-0.6672646073457033	0.3408781404085466	0.4476634796626411	0.6375582078509879
height	annotated_credset_177.txt	ENSG00000163157	TMOD4	0	-0.7759415408129385	0.1672223526649448	0.2303096127281704	0.6516151318652624
height	annotated_credset_177.txt	ENSG00000163159	VPS72	0	-0.5377523676602382	0.7259294043985286	0.6466971953693258	0.6775053855862129
height	annotated_credset_177.txt	ENSG00000143398	PIP5K1A	0	-0.3835662374359	0.9096031932378492	0.9498921963728116	0.7512375968317521
height	annotated_credset_177.txt	ENSG00000159352	PSMD4	0	-0.3870481614126625	1.0	0.915846143600561	0.7756400143615633
height	annotated_credset_177.txt	ENSG00000232671	RP11-126K1.2	0	-0.7172699467314863	0.0	0.3399545033904647	0.7952919640525721
height	annotated_credset_177.txt	ENSG00000143373	ZNF687	0	-0.5186180820140637	0.975737653596306	0.6781068217687914	0.8092332883627817
height	annotated_credset_177.txt	ENSG00000143393	PI4KB	0	-0.443386235036071	0.8821006496047586	0.8240226813284145	0.8575607646444425
height	annotated_credset_177.txt	ENSG00000143390	RFX5	0	-0.5534736127264833	0.7330046176723801	0.6090468814834785	0.8842738162590303
height	annotated_credset_177.txt	ENSG00000143416	SELENBP1	0	-0.5163274609499674	0.8169679893558739	0.660020655907482	0.918785087910175
height	annotated_credset_177.txt	ENSG00000159377	PSMB4	0	-0.499021386750126	0.2282695468419817	0.6713490842906853	0.9585119462094176
height	annotated_credset_177.txt	ENSG00000143442	POGZ	0	0.3835662374359	0.4606402128825233	0.7350344072782158	1.0
height	annotated_credset_177.txt	ENSG00000143375	CGN	0	-0.7235388460236342	0.3287156609532754	0.0320744978512128	0.8938386717730002
height	annotated_credset_177.txt	ENSG00000143367	TUFT1	0	-0.7095689212117698	0.3402676684667762	0.3553565544298975	0.8533175755070067
height	annotated_credset_177.txt	ENSG00000143376	SNX27	0	-0.5460328406461412	0.3274321045628864	0.6843907812578711	0.7557242253459832
height	annotated_credset_177.txt	ENSG00000159409	CELF3	0	-0.6538054235619285	0.2460045394067465	0.3244495487606471	0.6328634998694403
height	annotated_credset_177.txt	ENSG00000178796	RIIAD1	0	-0.6392486424075376	0.3001643578304766	0.3837906529929518	0.6219440878231351
height	annotated_credset_177.txt	ENSG00000240510	AL589765.1	0	-0.7211190954817914	0.0	0.3399545033904647	0.6219440878231351
height	annotated_credset_177.txt	ENSG00000143436	MRPL9	0	-0.6435666157111521	0.2630507943961807	0.431973072436443	0.5550186591522326
height	annotated_credset_177.txt	ENSG00000143450	OAZ3	0	-0.7296062492506509	0.2333881192768255	0.2598938053574454	0.5504953107320045
height	annotated_credset_177.txt	ENSG00000182134	TDRKH	0	-0.8218295792816912	0.2154809423182281	0.140100065064652	0.5407876555836018
height	annotated_credset_177.txt	ENSG00000213171	LINGO4	0	-0.8785279863286382	0.2548329028723488	0.0285788899325501	0.4997742405779441
height	annotated_credset_177.txt	ENSG00000143365	RORC	0	-0.5011578609618833	0.6915394850121312	0.6596544039183182	0.4918767407955435
height	annotated_credset_177.txt	ENSG00000225556	C2CD4D	0	-0.6689124217559905	0.1966971902637551	0.3832442412992199	0.4486995713290974
height	annotated_credset_177.txt	ENSG00000196407	THEM5	0	-0.83054969186537	0.0105754089379353	0.059969701080461	0.4358557642092436
height	annotated_credset_177.txt	ENSG00000159445	THEM4	0	-0.6168369925769156	0.4319793378727401	0.5519608774359951	0.4000592958482026
height	annotated_credset_177.txt	ENSG00000197747	S100A10	0	-0.7688501898346052	0.6067934569930344	0.2434222921018294	0.2513695164940377
height	annotated_credset_177.txt	ENSG00000163191	S100A11	0	-0.4610880866886565	0.6958910542380842	0.803965385913563	0.1839259291496214
height	annotated_credset_177.txt	ENSG00000182898	TCHHL1	0	-0.8840165094488988	0.4691711669405964	0.0176018436920288	0.1136984289320219
height	annotated_credset_177.txt	ENSG00000159450	TCHH	0	-0.7805607503013156	0.5565156139938953	0.2200011711684086	0.0835432261293411
height	annotated_credset_177.txt	ENSG00000215853	RPTN	0	-0.8928174312949132	0.4831650622211787	0.0	0.0192453107320045
height	annotated_credset_1780.txt	ENSG00000148120	C9orf3	0	-0.2936594687875453	0.721784915098065	0.9826451847968372	0.1681243703260578
height	annotated_credset_1780.txt	ENSG00000158169	FANCC	0	-0.2156012894724528	0.5223640910885876	0.6384293071370443	0.508229817028857
height	annotated_credset_1780.txt	ENSG00000185920	PTCH1	1	0.2156012894724528	0.5522048176911939	1.0	0.8023063322720128
height	annotated_credset_1780.txt	ENSG00000268926	DKFZP434H0512	0	-0.3548647520924886	0.0	0.0	1.0
height	annotated_credset_1780.txt	ENSG00000182150	ERCC6L2	0	-0.4060370189068523	0.6548111096485455	0.2068865092332111	0.8474976323173197
height	annotated_credset_1780.txt	ENSG00000130948	HSD17B3	0	-0.4535202100105777	0.1110043438199289	0.1625914660607944	0.3170113206211148
height	annotated_credset_1780.txt	ENSG00000130958	SLC35D2	0	-0.2826617916534946	1.0	0.2958594159036229	0.1910299493419169
height	annotated_credset_1780.txt	ENSG00000165244	ZNF367	0	-0.731058691810361	0.5223640910885876	0.205983282978806	0.0947958187166422
height	annotated_credset_1780.txt	ENSG00000130956	HABP4	0	-0.5666168505701499	0.7081216269580097	0.4085530406697995	0.0
height	annotated_credset_1781.txt	ENSG00000158169	FANCC	0	-0.2612749171220438	0.5223640910885876	0.6384293071370443	0.0595259311843312
height	annotated_credset_1781.txt	ENSG00000185920	PTCH1	1	-0.015017921520644	0.5522048176911939	1.0	0.3894355836887114
height	annotated_credset_1781.txt	ENSG00000268926	DKFZP434H0512	0	-0.791453594757491	0.0	0.0	0.8158714636544682
height	annotated_credset_1781.txt	ENSG00000182150	ERCC6L2	0	0.015017921520644	0.6548111096485455	0.2068865092332111	1.0
height	annotated_credset_1781.txt	ENSG00000130948	HSD17B3	0	-0.6199203038390628	0.1110043438199289	0.1625914660607944	0.4219029900535955
height	annotated_credset_1781.txt	ENSG00000130958	SLC35D2	0	-0.6666921526252291	1.0	0.2958594159036229	0.2805708255780348
height	annotated_credset_1781.txt	ENSG00000165244	ZNF367	0	-0.5205305753803622	0.5223640910885876	0.205983282978806	0.1726105943185126
height	annotated_credset_1781.txt	ENSG00000130956	HABP4	0	-0.6209385757348471	0.7081216269580097	0.4085530406697995	0.0662639328524759
height	annotated_credset_1781.txt	ENSG00000081377	CDC14B	0	-0.5416705254387528	0.680373831775701	0.5515741714362435	0.0
height	annotated_credset_1782.txt	ENSG00000268926	DKFZP434H0512	0	-0.6630209911565288	0.0	0.244524695720785	0.4908289883522512
height	annotated_credset_1782.txt	ENSG00000182150	ERCC6L2	0	-0.0033300995893408	0.6548111096485455	0.5278912067146583	0.8526930115280614
height	annotated_credset_1782.txt	ENSG00000130948	HSD17B3	0	-0.4176447213077998	0.1110043438199289	0.4672215580043024	1.0
height	annotated_credset_1782.txt	ENSG00000130958	SLC35D2	0	-0.0560568292767436	1.0	0.6497548421427088	0.8711449091677228
height	annotated_credset_1782.txt	ENSG00000165244	ZNF367	0	-0.2636075938075457	0.5223640910885876	0.5266540836499526	0.7727156134950812
height	annotated_credset_1782.txt	ENSG00000130956	HABP4	0	-0.198687962368748	0.7081216269580097	0.8041080640110682	0.6757574385901383
height	annotated_credset_1782.txt	ENSG00000081377	CDC14B	0	0.0033300995893408	0.680373831775701	1.0	0.6153434123966444
height	annotated_credset_1782.txt	ENSG00000158122	AAED1	0	-0.4536942826729297	0.1577464788732394	0.4535013701342721	0.3900190114068441
height	annotated_credset_1782.txt	ENSG00000081386	ZNF510	0	-0.8821762919359277	0.0272344346452547	0.0	0.2145588146538717
height	annotated_credset_1782.txt	ENSG00000196597	ZNF782	0	-0.7122427900900554	0.1048703435566671	0.224370845091891	0.1231124388919065
height	annotated_credset_1782.txt	ENSG00000196312	HIATL2	0	-0.7564891064091257	0.0556008950901671	0.3018512797373807	0.0
height	annotated_credset_1815.txt	ENSG00000138835	RGS3	0	-0.3537602954622707	0.812183495694055	0.6550855465728551	0.0
height	annotated_credset_1815.txt	ENSG00000157657	ZNF618	0	-0.3598965067168287	0.4970121002507259	0.6221474784643737	0.6570432915684697
height	annotated_credset_1815.txt	ENSG00000106927	AMBP	0	-0.4894939957496582	0.1140793007422676	0.1692095099049405	0.6883752524858217
height	annotated_credset_1815.txt	ENSG00000136883	KIF12	0	-0.4570573319018167	0.0	0.1736332373808968	0.7180948653389655
height	annotated_credset_1815.txt	ENSG00000196739	COL27A1	1	0.2959367784345292	1.0	1.0	1.0
height	annotated_credset_1815.txt	ENSG00000229314	ORM1	0	-0.3679614450183648	0.5106186884953472	0.2550032261746563	0.9613986916204986
height	annotated_credset_1815.txt	ENSG00000228278	ORM2	0	-0.3374965367891005	0.2997413459918539	0.3427947102662413	0.9516429834842196
height	annotated_credset_1815.txt	ENSG00000106948	AKNA	0	-0.2959367784345292	0.4314566878412796	0.3560082306527521	0.945504319051484
height	annotated_credset_1815.txt	ENSG00000095397	DFNB31	0	-0.3155252502951198	0.3487171355802868	0.4676265082603063	0.8482422143327687
height	annotated_credset_1815.txt	ENSG00000136888	ATP6V1G1	0	-0.4433594061575963	0.2115413202255542	0.2552488116171404	0.5823823424950526
height	annotated_credset_1815.txt	ENSG00000157693	C9orf91	0	-0.381055586582278	0.1582754417433874	0.2724259926989293	0.5487893712816219
height	annotated_credset_1815.txt	ENSG00000181634	TNFSF15	0	-0.5724852341884483	0.2846581505742911	0.1444573777996992	0.3004519712571519
height	annotated_credset_1815.txt	ENSG00000106952	TNFSF8	0	-0.7450942245638228	0.2229577729989	0.0	0.144246087040156
height	annotated_credset_1816.txt	ENSG00000138835	RGS3	0	-0.4568814677993826	0.812183495694055	0.6550855465728551	0.1512457743157212
height	annotated_credset_1816.txt	ENSG00000157657	ZNF618	0	-0.5299455293003701	0.4970121002507259	0.6221474784643737	0.8058107752361858
height	annotated_credset_1816.txt	ENSG00000106927	AMBP	0	-0.5899466681401759	0.1140793007422676	0.1692095099049405	0.8370245556520068
height	annotated_credset_1816.txt	ENSG00000136883	KIF12	0	-0.5985981085403813	0.0	0.1736332373808968	0.8666320695924283
height	annotated_credset_1816.txt	ENSG00000196739	COL27A1	1	0.4568814677993826	1.0	1.0	1.0
height	annotated_credset_1816.txt	ENSG00000229314	ORM1	0	-0.7443808213006367	0.5106186884953472	0.2550032261746563	0.8140704002813075
height	annotated_credset_1816.txt	ENSG00000228278	ORM2	0	-0.7124711560866617	0.2997413459918539	0.3427947102662413	0.8043514895380605
height	annotated_credset_1816.txt	ENSG00000106948	AKNA	0	-0.5499730370410199	0.4314566878412796	0.3560082306527521	0.7982359794314555
height	annotated_credset_1816.txt	ENSG00000095397	DFNB31	0	-0.6956823146419668	0.3487171355802868	0.4676265082603063	0.7013407360255681
height	annotated_credset_1816.txt	ENSG00000136888	ATP6V1G1	0	-0.7400309863812133	0.2115413202255542	0.2552488116171404	0.4364836566103763
height	annotated_credset_1816.txt	ENSG00000157693	C9orf91	0	-0.7992356459242422	0.1582754417433874	0.2724259926989293	0.4030173941655539
height	annotated_credset_1816.txt	ENSG00000181634	TNFSF15	0	-0.8052461512841662	0.2846581505742911	0.1444573777996992	0.1556166938440233
height	annotated_credset_1816.txt	ENSG00000106952	TNFSF8	0	-0.8151547270019479	0.2229577729989	0.0	0.0
height	annotated_credset_1819.txt	ENSG00000041982	TNC	0	-0.581885461868406	0.5049228652844651	0.5990133188931931	0.1562435446107684
height	annotated_credset_1819.txt	ENSG00000173077	DEC1	0	-0.1366826891899109	0.6923454849169697	0.0	1.0
height	annotated_credset_1819.txt	ENSG00000182752	PAPPA	1	0.1366826891899109	1.0	1.0	0.8052872349235394
height	annotated_credset_1819.txt	ENSG00000256040	PAPPA-AS1	0	-0.8347932895281232	0.0	0.1047317583842443	0.0802999731531664
height	annotated_credset_1819.txt	ENSG00000148219	ASTN2	0	-0.1517810230407599	0.8938488749140219	0.3981413831405873	0.0
height	annotated_credset_181.txt	ENSG00000143614	GATAD2B	0	-0.4406343005213666	0.3742403878025687	0.6710548775554004	0.0227655596217803
height	annotated_credset_181.txt	ENSG00000198837	DENND4B	0	-0.5960471048520855	0.3797088963263091	0.3602292688939629	0.0560386243037427
height	annotated_credset_181.txt	ENSG00000160741	CRTC2	0	-0.430787089648486	0.3543104014948189	0.6907492993011621	0.0727712404915565
height	annotated_credset_181.txt	ENSG00000143570	SLC39A1	0	-0.5233036646307319	0.3387580191971223	0.5057161493366703	0.0855174290487418
height	annotated_credset_181.txt	ENSG00000143578	CREB3L4	0	-0.4853863126562228	0.280114908608775	0.5815508532856882	0.094846679636817
height	annotated_credset_181.txt	ENSG00000143543	JTB	0	-0.4255782217119011	0.2318074189898503	0.7011670351743317	0.099510603588907
height	annotated_credset_181.txt	ENSG00000143545	RAB13	0	-0.5198513424870042	0.4006318854606204	0.5126207936241255	0.1116718729617249
height	annotated_credset_181.txt	ENSG00000177954	RPS27	0	-0.6506823205693163	0.2859750238810186	0.2509588374595013	0.1197962180836813
height	annotated_credset_181.txt	ENSG00000143552	NUP210L	0	-0.4936054424025596	0.3228699739721372	0.5651125937930146	0.3483860017757978
height	annotated_credset_181.txt	ENSG00000143549	TPM3	0	-0.5594422304737736	0.2706604028234846	0.4334390176505866	0.4038369015273825
height	annotated_credset_181.txt	ENSG00000163263	C1orf189	0	-0.7186534024762374	0.2049823567173844	0.1150166736456591	0.4202272628447271
height	annotated_credset_181.txt	ENSG00000143612	C1orf43	0	-0.5725286290394905	0.0809339261513588	0.4072662205191529	0.4402786291289753
height	annotated_credset_181.txt	ENSG00000143569	UBAP2L	0	-0.498607222499523	0.1819474883322167	0.5551090335990878	0.5116499910929573
height	annotated_credset_181.txt	ENSG00000143575	HAX1	0	-0.5210893591783202	0.0558836816069303	0.5101447602414935	0.5177727062962272
height	annotated_credset_181.txt	ENSG00000143595	AQP10	0	-0.7741026372406563	0.3961983376293526	0.0	0.5871354249220458
height	annotated_credset_181.txt	ENSG00000143515	ATP8B2	0	-0.5756105207593518	0.3640865842520941	0.396984232962609	0.6235799578914295
height	annotated_credset_181.txt	ENSG00000160712	IL6R	0	-0.5674666778030993	0.2525346047499101	0.4040620475829997	0.789297241341583
height	annotated_credset_181.txt	ENSG00000169291	SHE	0	-0.6733091414494843	0.2436255512214634	0.1923771202902297	0.8351131054159028
height	annotated_credset_181.txt	ENSG00000163239	TDRD10	0	-0.6684264980632393	0.2207864862105473	0.2021424070627198	0.8996842558551532
height	annotated_credset_181.txt	ENSG00000160714	UBE2Q1	0	-0.5861973709392787	0.4090794024640456	0.3617093849510827	0.914946859320624
height	annotated_credset_181.txt	ENSG00000160716	CHRNB2	0	-0.5385105140876943	0.6948544271842216	0.1434516832871251	0.9444004157555066
height	annotated_credset_181.txt	ENSG00000160710	ADAR	0	0.2761617392990669	0.7311200092866743	0.5190806749239288	1.0
height	annotated_credset_181.txt	ENSG00000268141	AL606500.1	0	-0.5311217344004275	0.0234586428308692	0.2807856906444468	0.9902513469272104
height	annotated_credset_181.txt	ENSG00000143603	KCNN3	0	-0.5895693382995375	0.7351899222800463	0.289868356648412	0.8908838170956308
height	annotated_credset_181.txt	ENSG00000163344	PMVK	0	-0.5873761494092644	0.1991222414451408	0.3738753341756623	0.5720832240408799
height	annotated_credset_181.txt	ENSG00000163346	PBXIP1	0	-0.5748490653496467	0.4506736335372019	0.4003812330230469	0.5449525121367224
height	annotated_credset_181.txt	ENSG00000163348	PYGO2	0	-0.5326543478353928	0.2085627612751275	0.4847706680515549	0.5267877556917405
height	annotated_credset_181.txt	ENSG00000160691	SHC1	0	-0.2761617392990669	0.2982966505035643	1.0	0.5193928061953742
height	annotated_credset_181.txt	ENSG00000173207	CKS1B	0	-0.5953614582754189	0.4454988300748388	0.3616005620472961	0.5020626466681348
height	annotated_credset_181.txt	ENSG00000160688	FLAD1	0	-0.5002889960235908	0.1401252861876104	0.5517454865509522	0.4898803370368864
height	annotated_credset_181.txt	ENSG00000163352	LENEP	0	-0.6582061865797729	0.0234586428308692	0.235911105438588	0.4755056324771818
height	annotated_credset_181.txt	ENSG00000160685	ZBTB7B	0	-0.3987274741685735	1.0	0.655644916521973	0.4627903029656945
height	annotated_credset_181.txt	ENSG00000163354	DCST2	0	-0.4848267940046923	0.877916596154142	0.3392813569965252	0.4405311122301411
height	annotated_credset_181.txt	ENSG00000163357	DCST1	0	-0.6356985905028925	0.877916596154142	0.2035728201143215	0.4190644378954692
height	annotated_credset_181.txt	ENSG00000143537	ADAM15	0	-0.5614129078155581	0.5894143101497475	0.4240992702897106	0.3955807041192618
height	annotated_credset_181.txt	ENSG00000243364	EFNA4	0	-0.4713792517826516	0.6195260719185793	0.5759872944450621	0.3771143706367764
height	annotated_credset_181.txt	ENSG00000143590	EFNA3	0	-0.581877290255056	0.594882818673488	0.3831705054107149	0.3770905250105552
height	annotated_credset_181.txt	ENSG00000251246	EFNA3	0	-0.7079487342628485	0.6010506249624128	0.1310276173951298	0.3770905250105552
height	annotated_credset_181.txt	ENSG00000169242	EFNA1	0	-0.5701128211637837	0.4210373942486954	0.4120978362705665	0.2877227286690353
height	annotated_credset_181.txt	ENSG00000169241	SLC50A1	0	-0.4308658037705459	0.4250094055549417	0.6905918710570418	0.2766639688379745
height	annotated_credset_181.txt	ENSG00000179085	DPM3	0	-0.4545601310017619	0.0846905537459283	0.6432032165946101	0.2702859651657481
height	annotated_credset_181.txt	ENSG00000163463	KRTCAP2	0	-0.4125602893150724	0.2738631865880283	0.727202899967989	0.2288829446262478
height	annotated_credset_181.txt	ENSG00000273088	RP11-201K10.3	0	-0.6357688939768436	0.0234586428308692	0.2807856906444468	0.2288815419423525
height	annotated_credset_181.txt	ENSG00000163462	TRIM46	0	-0.48039531546163	0.5923793326741286	0.5861344549975666	0.2232876385676353
height	annotated_credset_181.txt	ENSG00000185499	MUC1	0	-0.598607392085919	0.3220867604751309	0.253026084295986	0.2058564857999295
height	annotated_credset_181.txt	ENSG00000169231	THBS3	1	-0.3617205557434004	0.5284355450256852	0.8288823671113329	0.1959268865046379
height	annotated_credset_181.txt	ENSG00000173171	MTX1	0	-0.5186701584532099	0.2730100433145035	0.5149831616917141	0.1775362979525023
height	annotated_credset_181.txt	ENSG00000177628	GBA	0	-0.5864166261971016	0.2389822140606402	0.3794902262039307	0.1414129795951573
height	annotated_credset_181.txt	ENSG00000160767	FAM189B	0	-0.5516809721284637	0.0	0.4489615343412065	0.1235245518775625
height	annotated_credset_181.txt	ENSG00000116521	SCAMP3	0	-0.447719009502219	0.1849264968119015	0.6568854595936958	0.1112174033796265
height	annotated_credset_181.txt	ENSG00000176444	CLK2	0	-0.4664739495299375	0.0317545520788024	0.619375579538259	0.1015543140244543
height	annotated_credset_181.txt	ENSG00000143630	HCN3	0	-0.620525240120558	0.1289896685748171	0.3112729983570179	0.0809138205041526
height	annotated_credset_181.txt	ENSG00000143627	PKLR	0	-0.5270329546177349	0.3308559544505408	0.498257569362664	0.0637225266825544
height	annotated_credset_181.txt	ENSG00000160752	FDPS	0	-0.5460076075238468	0.1104806553259217	0.4603082635504402	0.0371991769050902
height	annotated_credset_181.txt	ENSG00000160753	RUSC1	0	-0.405992374261849	0.1895138901515098	0.7403387300744362	0.0201593729441914
height	annotated_credset_181.txt	ENSG00000116539	ASH1L	0	-0.3658065563500612	0.4177926526182408	0.8182585884398206	0.0
height	annotated_credset_1821.txt	ENSG00000041982	TNC	0	-0.669129853063709	0.5049228652844651	0.5990133188931931	0.0
height	annotated_credset_1821.txt	ENSG00000173077	DEC1	0	-0.7368121740741788	0.6923454849169697	0.0	0.6865939668366353
height	annotated_credset_1821.txt	ENSG00000182752	PAPPA	1	0.3957985045986117	1.0	1.0	1.0
height	annotated_credset_1821.txt	ENSG00000256040	PAPPA-AS1	0	-0.9211248951933358	0.0	0.1047317583842443	0.4100526558515935
height	annotated_credset_1821.txt	ENSG00000148219	ASTN2	0	-0.3957985045986117	0.8938488749140219	0.3981413831405873	0.3447097755074374
height	annotated_credset_1822.txt	ENSG00000182752	PAPPA	1	0.7002434912631212	1.0	1.0	1.0
height	annotated_credset_1822.txt	ENSG00000256040	PAPPA-AS1	0	-0.8493085619499983	0.0	0.0	0.5989849187935035
height	annotated_credset_1822.txt	ENSG00000148219	ASTN2	0	-0.7429457411058877	0.8938488749140219	0.3277337574566537	0.542917219091813
height	annotated_credset_1822.txt	ENSG00000119401	TRIM32	0	-0.7002434912631212	0.7356097081654712	0.4194217787944086	0.0
height	annotated_credset_1823.txt	ENSG00000182752	PAPPA	1	0.6560358736226259	1.0	1.0	1.0
height	annotated_credset_1823.txt	ENSG00000256040	PAPPA-AS1	0	-0.7889524963190855	0.0	0.0	0.5419739155535729
height	annotated_credset_1823.txt	ENSG00000148219	ASTN2	0	-0.6996779695042108	0.8938488749140219	0.3277337574566537	0.4912427038151971
height	annotated_credset_1823.txt	ENSG00000119401	TRIM32	0	-0.6560358736226259	0.7356097081654712	0.4194217787944086	0.0
height	annotated_credset_1824.txt	ENSG00000182752	PAPPA	1	0.4560430645942688	1.0	1.0	1.0
height	annotated_credset_1824.txt	ENSG00000256040	PAPPA-AS1	0	-0.4560430645942688	0.0	0.0	0.649815514582199
height	annotated_credset_1824.txt	ENSG00000148219	ASTN2	0	-0.7425916779237423	0.8938488749140219	0.3277337574566537	0.5889898410302168
height	annotated_credset_1824.txt	ENSG00000119401	TRIM32	0	-0.7018446988481877	0.7356097081654712	0.4194217787944086	0.0
height	annotated_credset_1825.txt	ENSG00000182752	PAPPA	1	0.5478636357495485	1.0	1.0	1.0
height	annotated_credset_1825.txt	ENSG00000256040	PAPPA-AS1	0	-0.6356267001917661	0.0	0.0	0.62953190331857
height	annotated_credset_1825.txt	ENSG00000148219	ASTN2	0	-0.558498288679931	0.8938488749140219	0.3277337574566537	0.5706048675945413
height	annotated_credset_1825.txt	ENSG00000119401	TRIM32	0	-0.5478636357495485	0.7356097081654712	0.4194217787944086	0.0
height	annotated_credset_1826.txt	ENSG00000182752	PAPPA	1	-0.039700389494626	1.0	1.0	0.7413476692236208
height	annotated_credset_1826.txt	ENSG00000256040	PAPPA-AS1	0	-0.6350710397860689	0.0	0.0	0.7337687254394526
height	annotated_credset_1826.txt	ENSG00000148219	ASTN2	0	0.039700389494626	0.8938488749140219	0.3277337574566537	1.0
height	annotated_credset_1826.txt	ENSG00000119401	TRIM32	0	-0.6798262072125951	0.7356097081654712	0.4194217787944086	0.0
height	annotated_credset_1829.txt	ENSG00000136861	CDK5RAP2	0	-0.6111345739084	0.3137907266509371	0.7112975952402079	0.0915622197051648
height	annotated_credset_1829.txt	ENSG00000106780	MEGF9	0	-0.5914195030976497	0.809814161872697	0.4530309676241902	0.2979655507006288
height	annotated_credset_1829.txt	ENSG00000119402	FBXW2	0	-0.4326876510201902	0.9123034914238752	0.5929751119188793	0.419290135625751
height	annotated_credset_1829.txt	ENSG00000095261	PSMD5	0	-0.4712467045550541	1.0	0.6773911950270692	0.4954764790666083
height	annotated_credset_1829.txt	ENSG00000119403	PHF19	1	-0.4115179502029586	0.8962514249357122	0.8990303767811868	0.5482591745223657
height	annotated_credset_1829.txt	ENSG00000056558	TRAF1	0	-0.7702116936053014	0.4529174730256356	0.0	0.6279388520760503
height	annotated_credset_1829.txt	ENSG00000106804	C5	0	-0.5768167340611847	0.8816441769836431	0.4428424846628793	0.8140599436139778
height	annotated_credset_1829.txt	ENSG00000119397	CNTRL	0	0.2915149612146748	0.6343283582089552	0.5013412738886096	1.0
height	annotated_credset_1829.txt	ENSG00000119396	RAB14	0	-0.2915149612146748	0.6501815964582063	0.1393285367264435	0.9894327123472209
height	annotated_credset_1829.txt	ENSG00000148180	GSN	0	-0.4002226212131758	0.4727075104053445	0.8393086892559919	0.9438533855614244
height	annotated_credset_1829.txt	ENSG00000148175	STOM	0	-0.612306606991565	0.655589724556613	0.3980846101781563	0.7420868293210855
height	annotated_credset_1829.txt	ENSG00000267987	AL161784.1	0	-0.897642065378639	0.0	0.202225104307939	0.7385981058560095
height	annotated_credset_1829.txt	ENSG00000136848	DAB2IP	0	-0.4407435625399327	0.7503380080061505	1.0	0.3917068009988451
height	annotated_credset_1829.txt	ENSG00000175764	TTLL11	0	-0.7469060975068	0.2664563505739509	0.5168058299724236	0.0
height	annotated_credset_182.txt	ENSG00000198837	DENND4B	0	-0.5554030027637453	0.3797088963263091	0.3602292688939629	0.0
height	annotated_credset_182.txt	ENSG00000160741	CRTC2	0	-0.3901429875601458	0.3543104014948189	0.6907492993011621	0.0175090965400123
height	annotated_credset_182.txt	ENSG00000143570	SLC39A1	0	-0.4342185101055631	0.3387580191971223	0.5057161493366703	0.0308467744894709
height	annotated_credset_182.txt	ENSG00000143578	CREB3L4	0	-0.4447422105678826	0.280114908608775	0.5815508532856882	0.0406089507898835
height	annotated_credset_182.txt	ENSG00000143543	JTB	0	-0.3849341196235609	0.2318074189898503	0.7011670351743317	0.0454893050522308
height	annotated_credset_182.txt	ENSG00000143545	RAB13	0	-0.479207240398664	0.4006318854606204	0.5126207936241255	0.0582149205272837
height	annotated_credset_182.txt	ENSG00000177954	RPS27	0	-0.6100382184809761	0.2859750238810186	0.2509588374595013	0.066716277485935
height	annotated_credset_182.txt	ENSG00000143552	NUP210L	0	-0.4529613403142194	0.3228699739721372	0.5651125937930146	0.3059138151453906
height	annotated_credset_182.txt	ENSG00000143549	TPM3	0	-0.4586689031313746	0.2706604028234846	0.4334390176505866	0.3639379248293344
height	annotated_credset_182.txt	ENSG00000163263	C1orf189	0	-0.624115078605213	0.2049823567173844	0.1150166736456591	0.381088884094155
height	annotated_credset_182.txt	ENSG00000143612	C1orf43	0	-0.4779903051684659	0.0809339261513588	0.4072662205191529	0.4020707379829533
height	annotated_credset_182.txt	ENSG00000143569	UBAP2L	0	-0.2485619301302686	0.1819474883322167	0.5551090335990878	0.4767541020661879
height	annotated_credset_182.txt	ENSG00000143575	HAX1	0	-0.2772882493957358	0.0558836816069303	0.5101447602414935	0.4831609430752544
height	annotated_credset_182.txt	ENSG00000143595	AQP10	0	-0.6801153583105803	0.3961983376293526	0.0	0.5557424523303142
height	annotated_credset_182.txt	ENSG00000143515	ATP8B2	0	-0.4803638552898166	0.3640865842520941	0.396984232962609	0.593878201035369
height	annotated_credset_182.txt	ENSG00000160712	IL6R	0	-0.3616978613402171	0.2525346047499101	0.4040620475829997	0.767285627686947
height	annotated_credset_182.txt	ENSG00000169291	SHE	0	-0.5509903443461905	0.2436255512214634	0.1923771202902297	0.8152275859639544
height	annotated_credset_182.txt	ENSG00000163239	TDRD10	0	-0.3457581912439116	0.2207864862105473	0.2021424070627198	0.882795173366329
height	annotated_credset_182.txt	ENSG00000160714	UBE2Q1	0	0.0405948739636976	0.4090794024640456	0.3617093849510827	0.8987660409538781
height	annotated_credset_182.txt	ENSG00000160716	CHRNB2	0	-0.1567095120703074	0.6948544271842216	0.1434516832871251	0.929586395480425
height	annotated_credset_182.txt	ENSG00000160710	ADAR	0	-0.0405948739636976	0.7311200092866743	0.5190806749239288	1.0
height	annotated_credset_182.txt	ENSG00000268141	AL606500.1	0	-0.5834081280510706	0.0234586428308692	0.2807856906444468	0.9775650481503824
height	annotated_credset_182.txt	ENSG00000143603	KCNN3	0	-0.3080942187169957	0.7351899222800463	0.289868356648412	0.9254309957635006
height	annotated_credset_182.txt	ENSG00000163344	PMVK	0	-0.3903544933811049	0.1991222414451408	0.3738753341756623	0.5918363983523635
height	annotated_credset_182.txt	ENSG00000163346	PBXIP1	0	-0.37741005759877	0.4506736335372019	0.4003812330230469	0.5634466804148232
height	annotated_credset_182.txt	ENSG00000163348	PYGO2	0	-0.4355270366139043	0.2085627612751275	0.4847706680515549	0.5444389848667337
height	annotated_credset_182.txt	ENSG00000160691	SHC1	0	-0.155650691467166	0.2982966505035643	1.0	0.536700871281442
height	annotated_credset_182.txt	ENSG00000173207	CKS1B	0	-0.474850410443518	0.4454988300748388	0.3616005620472961	0.518566502285562
height	annotated_credset_182.txt	ENSG00000160688	FLAD1	0	-0.3740550678282255	0.1401252861876104	0.5517454865509522	0.5058188701747391
height	annotated_credset_182.txt	ENSG00000163352	LENEP	0	-0.461356370742501	0.0234586428308692	0.235911105438588	0.4907771046166834
height	annotated_credset_182.txt	ENSG00000160685	ZBTB7B	0	-0.1804534840225247	1.0	0.655644916521973	0.4774717177330208
height	annotated_credset_182.txt	ENSG00000163354	DCST2	0	-0.2446197846974189	0.877916596154142	0.3392813569965252	0.4541795848640917
height	annotated_credset_182.txt	ENSG00000163357	DCST1	0	-0.3562665393293167	0.877916596154142	0.2035728201143215	0.4317167452758321
height	annotated_credset_182.txt	ENSG00000143537	ADAM15	0	-0.5200150453893884	0.5894143101497475	0.4240992702897106	0.4071432442050897
height	annotated_credset_182.txt	ENSG00000243364	EFNA4	0	-0.2364229944475768	0.6195260719185793	0.5759872944450621	0.3878199768776305
height	annotated_credset_182.txt	ENSG00000143590	EFNA3	0	-0.488611287131407	0.594882818673488	0.3831705054107149	0.3877950246904245
height	annotated_credset_182.txt	ENSG00000251246	EFNA3	0	-0.6146827311391996	0.6010506249624128	0.1310276173951298	0.3877950246904245
height	annotated_credset_182.txt	ENSG00000169242	EFNA1	0	-0.5294687190754435	0.4210373942486954	0.4120978362705665	0.2942800981452603
height	annotated_credset_182.txt	ENSG00000169241	SLC50A1	0	-0.3902217016822058	0.4250094055549417	0.6905918710570418	0.2827081543845547
height	annotated_credset_182.txt	ENSG00000179085	DPM3	0	-0.3600218071307375	0.0846905537459283	0.6432032165946101	0.2760341781948124
height	annotated_credset_182.txt	ENSG00000163463	KRTCAP2	0	-0.3719161872267322	0.2738631865880283	0.727202899967989	0.2327098423266304
height	annotated_credset_182.txt	ENSG00000273088	RP11-201K10.3	0	-0.5951247918885034	0.0234586428308692	0.2807856906444468	0.2327083745509124
height	annotated_credset_182.txt	ENSG00000163462	TRIM46	0	-0.4389974530354603	0.5923793326741286	0.5861344549975666	0.2268548849875316
height	annotated_credset_182.txt	ENSG00000185499	MUC1	0	-0.6090045950627339	0.3220867604751309	0.253026084295986	0.2086148361399557
height	annotated_credset_182.txt	ENSG00000169231	THBS3	1	-0.3210764536550603	0.5284355450256852	0.8288823671113329	0.1982244518322395
height	annotated_credset_182.txt	ENSG00000173171	MTX1	0	-0.4780260563648697	0.2730100433145035	0.5149831616917141	0.1789804443935521
height	annotated_credset_182.txt	ENSG00000177628	GBA	0	-0.5457725241087614	0.2389822140606402	0.3794902262039307	0.1411808163279191
height	annotated_credset_182.txt	ENSG00000160767	FAM189B	0	-0.5110368700401235	0.0	0.4489615343412065	0.1224622725962754
height	annotated_credset_182.txt	ENSG00000116521	SCAMP3	0	-0.4070749074138788	0.1849264968119015	0.6568854595936958	0.1095840084465506
height	annotated_credset_182.txt	ENSG00000176444	CLK2	0	-0.3492231565579609	0.0317545520788024	0.619375579538259	0.0994725015252542
height	annotated_credset_182.txt	ENSG00000143630	HCN3	0	-0.490501708215018	0.1289896685748171	0.3112729983570179	0.0778741818348961
height	annotated_credset_182.txt	ENSG00000143627	PKLR	0	-0.4848206543253543	0.3308559544505408	0.498257569362664	0.0598851226350981
height	annotated_credset_1830.txt	ENSG00000119402	FBXW2	0	-0.5083150830967047	0.9123034914238752	0.7284355549585666	0.0137062618818437
height	annotated_credset_1830.txt	ENSG00000095261	PSMD5	0	-0.4718695744841161	1.0	0.7847574346105014	0.0917085277428709
height	annotated_credset_1830.txt	ENSG00000119403	PHF19	1	-0.0053922969710091	0.8962514249357122	0.9326337025120812	0.1457493132413604
height	annotated_credset_1830.txt	ENSG00000056558	TRAF1	0	-0.5712593054879445	0.4529174730256356	0.3328062902450566	0.2273281777932234
height	annotated_credset_1830.txt	ENSG00000106804	C5	0	-0.5612716800326822	0.8816441769836431	0.6282680104243797	0.4178855166653282
height	annotated_credset_1830.txt	ENSG00000119397	CNTRL	0	-0.4264052294104996	0.6343283582089552	0.6672980346240672	0.6182474250238378
height	annotated_credset_1830.txt	ENSG00000119396	RAB14	0	-0.2941867777616107	0.6501815964582063	0.4257654135383004	0.6896912820228307
height	annotated_credset_1830.txt	ENSG00000148180	GSN	0	-0.0748063119565813	0.4727075104053445	0.8927877682593208	0.8625088172695577
height	annotated_credset_1830.txt	ENSG00000148175	STOM	0	-0.1195582311270893	0.655589724556613	0.5984058381061712	0.92137399853844
height	annotated_credset_1830.txt	ENSG00000267987	AL161784.1	0	-0.6491550170901341	0.0	0.4677296077938508	0.8865662820228307
height	annotated_credset_1830.txt	ENSG00000136848	DAB2IP	0	0.0053922969710091	0.7503380080061505	1.0	1.0
height	annotated_credset_1830.txt	ENSG00000175764	TTLL11	0	-0.5897926807513814	0.2664563505739509	0.6776158891673405	0.5989567598187311
height	annotated_credset_1830.txt	ENSG00000119421	NDUFA8	0	-0.72859863953877	0.216272103072559	0.4077054877439913	0.1103206822759315
height	annotated_credset_1830.txt	ENSG00000185681	MORN5	0	-0.8029990083364089	0.3219957053100394	0.2589047501487135	0.0671355740181268
height	annotated_credset_1830.txt	ENSG00000106852	LHX6	0	-0.930741802989318	0.0915802868428726	0.0	0.0
height	annotated_credset_1831.txt	ENSG00000056558	TRAF1	0	-0.7069307445741378	0.5137191225775413	0.3328062902450566	0.0
height	annotated_credset_1831.txt	ENSG00000106804	C5	0	-0.4199426918727819	1.0	0.6282680104243797	0.173267176447193
height	annotated_credset_1831.txt	ENSG00000119397	CNTRL	0	-0.5061619684654125	0.7194834092583404	0.6672980346240672	0.3554493077381346
height	annotated_credset_1831.txt	ENSG00000119396	RAB14	0	-0.6024117561239272	0.7374648564942192	0.4257654135383004	0.420410728011855
height	annotated_credset_1831.txt	ENSG00000148180	GSN	0	-0.3860010321401869	0.5361658623126306	0.8927877682593208	0.5775477165424344
height	annotated_credset_1831.txt	ENSG00000148175	STOM	0	-0.5236225907073623	0.743598995685054	0.5984058381061712	0.6310717834184779
height	annotated_credset_1831.txt	ENSG00000267987	AL161784.1	0	-0.7214735733142366	0.0	0.4677296077938508	0.5994223345180513
height	annotated_credset_1831.txt	ENSG00000136848	DAB2IP	0	0.3860010321401869	0.8510667087637004	1.0	1.0
height	annotated_credset_1831.txt	ENSG00000175764	TTLL11	0	-0.4342193149784134	0.3022266323876535	0.6776158891673405	0.7226962884793084
height	annotated_credset_1831.txt	ENSG00000119421	NDUFA8	0	-0.6234012717859742	0.2453054290138769	0.4077054877439913	0.2783964574300492
height	annotated_credset_1831.txt	ENSG00000185681	MORN5	0	-0.6947047024503733	0.3652218363327469	0.2589047501487135	0.2391297368897387
height	annotated_credset_1831.txt	ENSG00000106852	LHX6	0	-0.8646962825990404	0.1038744305624464	0.0	0.1780856888455455
height	annotated_credset_1831.txt	ENSG00000119446	RBM18	0	-0.7648743219570416	0.0994888217340971	0.1720890516322031	0.1279424658622603
height	annotated_credset_1831.txt	ENSG00000148187	MRRF	0	-0.6151832872968299	0.2187842978064438	0.4714711209526265	0.0893424712017744
height	annotated_credset_183.txt	ENSG00000143569	UBAP2L	0	-0.7041990857483241	0.1819474883322167	0.5551090335990878	0.0
height	annotated_credset_183.txt	ENSG00000143575	HAX1	0	-0.7104848523023044	0.0558836816069303	0.5101447602414935	0.0058486427319027
height	annotated_credset_183.txt	ENSG00000143595	AQP10	0	-0.9324360042049724	0.3961983376293526	0.0	0.0721064624552907
height	annotated_credset_183.txt	ENSG00000143515	ATP8B2	0	-0.7210149250161485	0.3640865842520941	0.396984232962609	0.1069196206363437
height	annotated_credset_183.txt	ENSG00000160712	IL6R	0	-0.7021275236530662	0.2525346047499101	0.4040620475829997	0.2652188642274506
height	annotated_credset_183.txt	ENSG00000169291	SHE	0	-0.8159986733460515	0.2436255512214634	0.1923771202902297	0.3089838625211821
height	annotated_credset_183.txt	ENSG00000163239	TDRD10	0	-0.8111160299598065	0.2207864862105473	0.2021424070627198	0.37066460009745
height	annotated_credset_183.txt	ENSG00000160714	UBE2Q1	0	-0.7086348538665771	0.4090794024640456	0.3617093849510827	0.3852440002270796
height	annotated_credset_183.txt	ENSG00000160716	CHRNB2	0	-0.7507029956989222	0.6948544271842216	0.1434516832871251	0.4133791205213507
height	annotated_credset_183.txt	ENSG00000160710	ADAR	0	-0.5793617335803188	0.7311200092866743	0.5190806749239288	0.4776579149721109
height	annotated_credset_183.txt	ENSG00000268141	AL606500.1	0	-0.8413607572256446	0.0234586428308692	0.2807856906444468	0.4571776161961355
height	annotated_credset_183.txt	ENSG00000143603	KCNN3	0	-0.6982790370700366	0.7351899222800463	0.289868356648412	0.8022890741309013
height	annotated_credset_183.txt	ENSG00000163344	PMVK	0	-0.7147034781846463	0.1991222414451408	0.3738753341756623	0.8916748256287161
height	annotated_credset_183.txt	ENSG00000163346	PBXIP1	0	-0.6843129416904888	0.4506736335372019	0.4003812330230469	0.9173097014011704
height	annotated_credset_183.txt	ENSG00000163348	PYGO2	0	-0.6291316833818623	0.2085627612751275	0.4847706680515549	0.9276670916228446
height	annotated_credset_183.txt	ENSG00000160691	SHC1	0	-0.4013290553524334	0.2982966505035643	1.0	0.9417922672653918
height	annotated_credset_183.txt	ENSG00000173207	CKS1B	0	-0.7283962894159131	0.4454988300748388	0.3616005620472961	0.9482961187706966
height	annotated_credset_183.txt	ENSG00000160688	FLAD1	0	-0.595843711273582	0.1401252861876104	0.5517454865509522	0.9668697466171192
height	annotated_credset_183.txt	ENSG00000163352	LENEP	0	-0.7487688936205357	0.0234586428308692	0.235911105438588	0.9684829804886452
height	annotated_credset_183.txt	ENSG00000160685	ZBTB7B	0	0.3293289508325948	1.0	0.655644916521973	1.0
height	annotated_credset_183.txt	ENSG00000163354	DCST2	0	-0.3293289508325948	0.877916596154142	0.3392813569965252	0.9990848551755688
height	annotated_credset_183.txt	ENSG00000163357	DCST1	0	-0.5197726882296904	0.877916596154142	0.2035728201143215	0.9785790983899928
height	annotated_credset_183.txt	ENSG00000143537	ADAM15	0	-0.6018222997890296	0.5894143101497475	0.4240992702897106	0.9561465722462325
height	annotated_credset_183.txt	ENSG00000243364	EFNA4	0	-0.5039874090339856	0.6195260719185793	0.5759872944450621	0.938506851383575
height	annotated_credset_183.txt	ENSG00000143590	EFNA3	0	-0.7844159651798824	0.594882818673488	0.3831705054107149	0.9384840731644588
height	annotated_credset_183.txt	ENSG00000251246	EFNA3	0	-0.8917405563129192	0.6010506249624128	0.1310276173951298	0.9384840731644588
height	annotated_credset_183.txt	ENSG00000169242	EFNA1	0	-0.6854412581087213	0.4210373942486954	0.4120978362705665	0.8531166674977955
height	annotated_credset_183.txt	ENSG00000169241	SLC50A1	0	-0.5500218125843801	0.4250094055549417	0.6905918710570418	0.8425529334088331
height	annotated_credset_183.txt	ENSG00000179085	DPM3	0	-0.5607176184876236	0.0846905537459283	0.6432032165946101	0.8364604297428624
height	annotated_credset_183.txt	ENSG00000163463	KRTCAP2	0	-0.5233984699505007	0.2738631865880283	0.727202899967989	0.7969107418808756
height	annotated_credset_183.txt	ENSG00000273088	RP11-201K10.3	0	-0.8166097496687293	0.0234586428308692	0.2807856906444468	0.7969094019856335
height	annotated_credset_183.txt	ENSG00000163462	TRIM46	0	-0.5827866238627138	0.5923793326741286	0.5861344549975666	0.7915658997600143
height	annotated_credset_183.txt	ENSG00000185499	MUC1	0	-0.839564896451816	0.3220867604751309	0.253026084295986	0.7749150215860499
height	annotated_credset_183.txt	ENSG00000169231	THBS3	1	-0.4921691413470904	0.5284355450256852	0.8288823671113329	0.765429903167003
height	annotated_credset_183.txt	ENSG00000173171	MTX1	0	-0.6413310395891264	0.2730100433145035	0.5149831616917141	0.7478625366474208
height	annotated_credset_183.txt	ENSG00000177628	GBA	0	-0.7890966237346905	0.2389822140606402	0.3794902262039307	0.7133562144768159
height	annotated_credset_183.txt	ENSG00000160767	FAM189B	0	-0.7424698430333622	0.0	0.4489615343412065	0.6962685304539167
height	annotated_credset_183.txt	ENSG00000116521	SCAMP3	0	-0.6503990070398079	0.1849264968119015	0.6568854595936958	0.6845122895994574
height	annotated_credset_183.txt	ENSG00000176444	CLK2	0	-0.6691539470675264	0.0317545520788024	0.619375579538259	0.6752817512764155
height	annotated_credset_183.txt	ENSG00000143630	HCN3	0	-0.8246126225305834	0.1289896685748171	0.3112729983570179	0.6555651927884549
height	annotated_credset_183.txt	ENSG00000143627	PKLR	0	-0.7311203370277604	0.3308559544505408	0.498257569362664	0.6391434367008949
height	annotated_credset_183.txt	ENSG00000160752	FDPS	0	-0.7500949899338722	0.1104806553259217	0.4603082635504402	0.6138073575674359
height	annotated_credset_183.txt	ENSG00000160753	RUSC1	0	-0.5961483630485223	0.1895138901515098	0.7403387300744362	0.5975303101660261
height	annotated_credset_183.txt	ENSG00000116539	ASH1L	0	-0.5706068699162451	0.4177926526182408	0.8182585884398206	0.5782733357461164
height	annotated_credset_183.txt	ENSG00000125459	MSTO1	0	-0.7514084805053741	0.4316247624135843	0.4282975038353541	0.2099093357794056
height	annotated_credset_183.txt	ENSG00000163374	YY1AP1	0	-0.7850568234144888	0.3710655759486324	0.3564525067836041	0.1439087759425067
height	annotated_credset_183.txt	ENSG00000132676	DAP3	0	-0.8036977053183293	0.385247334626568	0.3561117944590776	0.1057030030083775
height	annotated_credset_183.txt	ENSG00000116580	GON4L	0	-0.6829326623503654	0.3617928875822898	0.5958506416102152	0.0229550925400807
height	annotated_credset_1842.txt	ENSG00000167081	PBX3	0	-0.2796479373554954	0.9492236033654254	0.7991041574304367	0.0
height	annotated_credset_1842.txt	ENSG00000196814	MVB12B	0	-0.3660467402874301	0.3397508268893642	0.4734091936258932	0.8130311265879385
height	annotated_credset_1842.txt	ENSG00000136944	LMX1B	0	0.1037486420167586	0.1612959044155608	0.1614545290045344	1.0
height	annotated_credset_1842.txt	ENSG00000169155	ZBTB43	0	-0.4916872010720869	0.0	0.0	0.7380695219011674
height	annotated_credset_1842.txt	ENSG00000177125	ZBTB34	0	-0.5123736502113542	0.7567129800355151	0.1913406818529963	0.6542164216855553
height	annotated_credset_1842.txt	ENSG00000136828	RALGPS1	0	-0.3976903552240276	1.0	0.5423775179519169	0.5726984749102529
height	annotated_credset_1842.txt	ENSG00000136859	ANGPTL2	1	-0.1037486420167586	0.8341398932277335	1.0	0.3127311153276951
height	annotated_credset_1842.txt	ENSG00000136895	GARNL3	0	-0.6632778283855594	0.3352972546705774	0.1102665641291587	0.1064346211070945
height	annotated_credset_1843.txt	ENSG00000196814	MVB12B	0	-0.9863307502348472	0.3918344257433374	0.4734091936258932	0.2121204696649767
height	annotated_credset_1843.txt	ENSG00000136944	LMX1B	0	-1.218179609740503	0.2274568773491605	0.1614545290045344	0.477288839582369
height	annotated_credset_1843.txt	ENSG00000169155	ZBTB43	0	-1.2947747822437166	0.0788847619582641	0.0	0.6647989129802485
height	annotated_credset_1843.txt	ENSG00000177125	ZBTB34	0	-1.0007985960565982	0.775904618692949	0.1913406818529963	0.7299568113220388
height	annotated_credset_1843.txt	ENSG00000136828	RALGPS1	0	-0.0461935881939055	1.0	0.5423775179519169	1.0
height	annotated_credset_1843.txt	ENSG00000136859	ANGPTL2	1	0.0461935881939055	0.8472237282688361	1.0	0.9946735643482842
height	annotated_credset_1843.txt	ENSG00000136895	GARNL3	0	-1.0566498166960134	0.3877321725088936	0.1102665641291587	0.8074983840672492
height	annotated_credset_1843.txt	ENSG00000136856	SLC2A8	0	-1.1460958503343703	0.2611371602739886	0.30397684041171	0.5711909662684388
height	annotated_credset_1843.txt	ENSG00000196152	ZNF79	0	-1.2518884274901636	0.2689366672197305	0.0932033821526745	0.5339563193180661
height	annotated_credset_1843.txt	ENSG00000197958	RPL12	0	-1.0051001095111909	0.3187124150644145	0.5876135294631599	0.5021182357362715
height	annotated_credset_1843.txt	ENSG00000148356	LRSAM1	0	-1.0825796480121672	0.3988761916457743	0.4326544524612065	0.4969075722203089
height	annotated_credset_1843.txt	ENSG00000136830	FAM129B	0	-1.038199568816885	0.2316244530873374	0.5214146108517709	0.4232953313165488
height	annotated_credset_1843.txt	ENSG00000136854	STXBP1	0	-1.1354128387854614	0.0480085781511902	0.3269880709146179	0.2771370398402066
height	annotated_credset_1843.txt	ENSG00000187024	PTRH1	0	-1.105953229303822	0.0592716802123765	0.3859072898778972	0.1668095780448528
height	annotated_credset_1843.txt	ENSG00000160401	C9orf117	0	-1.165236632795832	0.1035178781160467	0.0411424056920337	0.1476577924933964
height	annotated_credset_1843.txt	ENSG00000167094	TTC16	0	-1.2424711638575168	0.1636759847040824	0.1128714207705071	0.1352503442419818
height	annotated_credset_1843.txt	ENSG00000160404	TOR2A	0	-0.9887524108074552	0.1277577528013555	0.6203089268706307	0.1141206389351219
height	annotated_credset_1843.txt	ENSG00000095370	SH2D3C	0	-1.092792056345273	0.2193176933840061	0.4122296357949942	0.1048352146791057
height	annotated_credset_1843.txt	ENSG00000136807	CDK9	0	-1.0479932437489274	0.1454627642131969	0.5018272609876859	0.0400955910057006
height	annotated_credset_1843.txt	ENSG00000136877	FPGS	0	-1.0329821478068568	0.0	0.5318494528718272	0.0279054815525646
height	annotated_credset_1843.txt	ENSG00000106991	ENG	0	-0.6665803790702165	0.0940330505739888	0.7728145351449127	0.0
height	annotated_credset_184.txt	ENSG00000163239	TDRD10	0	-0.5540037966523246	0.2207864862105473	0.0818378018578832	0.0
height	annotated_credset_184.txt	ENSG00000160714	UBE2Q1	0	-0.4621901895213145	0.4090794024640456	0.2654650161199036	0.0145563659519363
height	annotated_credset_184.txt	ENSG00000160716	CHRNB2	0	-0.5302341653166398	0.6948544271842216	0.0142974231870896	0.0426470352156766
height	annotated_credset_184.txt	ENSG00000160710	ADAR	0	-0.3182973834696707	0.7311200092866743	0.4465654666326149	0.1068242747903701
height	annotated_credset_184.txt	ENSG00000268141	AL606500.1	0	-0.5087530584493554	0.0234586428308692	0.1723392782638218	0.0863763330961006
height	annotated_credset_184.txt	ENSG00000143603	KCNN3	0	-0.4501843817586266	0.7351899222800463	0.1827914700547031	0.4309425450965073
height	annotated_credset_184.txt	ENSG00000163344	PMVK	0	-0.4551899962653962	0.1991222414451408	0.27946540263174	0.5201870749209373
height	annotated_credset_184.txt	ENSG00000163346	PBXIP1	0	-0.4391164010295936	0.4506736335372019	0.3099679817447026	0.5457814498306373
height	annotated_credset_184.txt	ENSG00000163348	PYGO2	0	-0.3897585236404344	0.2085627612751275	0.4070820405086169	0.5561224762811903
height	annotated_credset_184.txt	ENSG00000160691	SHC1	0	-0.0932995438947428	0.2982966505035643	1.0	0.570225335381026
height	annotated_credset_184.txt	ENSG00000173207	CKS1B	0	-0.4606296516934562	0.4454988300748388	0.2653397844025729	0.5767189113695105
height	annotated_credset_184.txt	ENSG00000160688	FLAD1	0	-0.3501716155271346	0.1401252861876104	0.4841556274719109	0.5952631945076173
height	annotated_credset_184.txt	ENSG00000163352	LENEP	0	-0.5319002800018358	0.0234586428308692	0.1206982985225086	0.596873879610653
height	annotated_credset_184.txt	ENSG00000160685	ZBTB7B	0	-0.2182299914160113	1.0	0.6037214871596116	0.6292574795186139
height	annotated_credset_184.txt	ENSG00000163354	DCST2	0	-0.4161197647136458	0.877916596154142	0.2396551878635368	0.6496706389764391
height	annotated_credset_184.txt	ENSG00000163357	DCST1	0	-0.4919373331471732	0.877916596154142	0.0834838991104953	0.6726121994680994
height	annotated_credset_184.txt	ENSG00000143537	ADAM15	0	-0.4148050008781812	0.5894143101497475	0.3372623327982602	0.6884595215034488
height	annotated_credset_184.txt	ENSG00000243364	EFNA4	0	-0.3094491368291769	0.6195260719185793	0.5120527256759316	0.697525645210486
height	annotated_credset_184.txt	ENSG00000143590	EFNA3	0	-0.4383550961966915	0.594882818673488	0.2901621421612392	0.7215855883816628
height	annotated_credset_184.txt	ENSG00000251246	EFNA3	0	-0.5834361672773112	0.6010506249624128	0.0	0.7206076724262482
height	annotated_credset_184.txt	ENSG00000169242	EFNA1	0	-0.4257371847374871	0.4210373942486954	0.3234512678445408	0.7848879209319499
height	annotated_credset_184.txt	ENSG00000169241	SLC50A1	0	-0.2654938672504288	0.4250094055549417	0.6439379028186571	0.7902336831177726
height	annotated_credset_184.txt	ENSG00000179085	DPM3	0	-0.2927609331613023	0.0846905537459283	0.5894037709969102	0.7925640929595402
height	annotated_credset_184.txt	ENSG00000163463	KRTCAP2	0	-0.2444281638726066	0.2738631865880283	0.6860693095743017	0.8365502442783221
height	annotated_credset_184.txt	ENSG00000273088	RP11-201K10.3	0	-0.5012931795278466	0.0234586428308692	0.1723392782638218	0.8550075718253183
height	annotated_credset_184.txt	ENSG00000163462	TRIM46	0	-0.3198683018979331	0.5923793326741286	0.5237299213562903	0.8519293438999984
height	annotated_credset_184.txt	ENSG00000185499	MUC1	0	-0.5172658427011267	0.3220867604751309	0.1403939519172613	0.8589660578883437
height	annotated_credset_184.txt	ENSG00000169231	THBS3	1	-0.1859225835004518	0.5284355450256852	0.803080470318611	0.8805511111586766
height	annotated_credset_184.txt	ENSG00000173171	MTX1	0	-0.3665377628221817	0.2730100433145035	0.4418501116751513	0.8869363271028537
height	annotated_credset_184.txt	ENSG00000177628	GBA	0	-0.4444993518209159	0.2389822140606402	0.285926933677683	0.9282402328804508
height	annotated_credset_184.txt	ENSG00000160767	FAM189B	0	-0.3883558341855189	0.0	0.3658734423676664	0.9426668343348834
height	annotated_credset_184.txt	ENSG00000116521	SCAMP3	0	-0.278786071851351	0.1849264968119015	0.6051490849711829	0.9519603803571332
height	annotated_credset_184.txt	ENSG00000176444	CLK2	0	-0.2679299737841016	0.0317545520788024	0.561983294197723	0.9734464380314324
height	annotated_credset_184.txt	ENSG00000143630	HCN3	0	-0.4056386542337236	0.1289896685748171	0.2074236012214526	0.9886395864659644
height	annotated_credset_184.txt	ENSG00000143627	PKLR	0	0.0932995438947428	0.3308559544505408	0.4226025582846597	1.0
height	annotated_credset_184.txt	ENSG00000160752	FDPS	0	-0.1055624654998992	0.1104806553259217	0.3789310831355124	0.9860764031956848
height	annotated_credset_184.txt	ENSG00000160753	RUSC1	0	-0.2179521096493109	0.1895138901515098	0.7011858200289499	0.9698250721062516
height	annotated_credset_184.txt	ENSG00000116539	ASH1L	0	-0.1899529566473885	0.4177926526182408	0.7908547898664129	0.9505985220225068
height	annotated_credset_184.txt	ENSG00000125459	MSTO1	0	-0.4198815543476963	0.4316247624135843	0.3420935951371836	0.5828165049738598
height	annotated_credset_184.txt	ENSG00000163374	YY1AP1	0	-0.4652149566328538	0.3710655759486324	0.2594154818968247	0.5169202202518234
height	annotated_credset_184.txt	ENSG00000132676	DAP3	0	-0.4654109998738975	0.385247334626568	0.2590233954147374	0.478774809099033
height	annotated_credset_184.txt	ENSG00000116580	GON4L	0	-0.3274671181405761	0.3617928875822898	0.5349111588813803	0.3961576330955655
height	annotated_credset_184.txt	ENSG00000132718	SYT11	0	-0.4724189279785726	0.4606735915793361	0.2450075392053871	0.2492802752612681
height	annotated_credset_184.txt	ENSG00000143622	RIT1	0	-0.4937880108607313	0.587316416854195	0.1908813100102837	0.1980447032005008
height	annotated_credset_184.txt	ENSG00000132680	KIAA0907	0	-0.1926518689692917	0.5971205715220775	0.7931535937931629	0.1776636504224704
height	annotated_credset_184.txt	ENSG00000173080	RXFP4	0	-0.5518763799849697	0.1786747747911547	0.086092635192593	0.139341652530809
height	annotated_credset_184.txt	ENSG00000116584	ARHGEF2	0	-0.1728492474095071	0.6470504319562296	0.7374617387529421	0.1324520941581896
height	annotated_credset_184.txt	ENSG00000163479	SSR2	0	-0.194571883782332	0.5109531008960801	0.8007016275978683	0.0492302423519213
height	annotated_credset_184.txt	ENSG00000160803	UBQLN4	0	-0.3541217729958181	0.6042394227716527	0.4666499048196999	0.0141095479914596
height	annotated_credset_185.txt	ENSG00000160712	IL6R	0	-0.5405568468502707	0.2525346047499101	0.3142038063044187	0.0112095576139904
height	annotated_credset_185.txt	ENSG00000169291	SHE	0	-0.6639407461706043	0.2436255512214634	0.0706000606270086	0.0562921459677605
height	annotated_credset_185.txt	ENSG00000163239	TDRD10	0	-0.658321875555167	0.2207864862105473	0.0818378018578832	0.1198298452690327
height	annotated_credset_185.txt	ENSG00000160714	UBE2Q1	0	-0.5665082684241568	0.4090794024640456	0.2654650161199036	0.1348481731592257
height	annotated_credset_185.txt	ENSG00000160716	CHRNB2	0	-0.5517199077937008	0.6948544271842216	0.0142974231870896	0.1638303300417064
height	annotated_credset_185.txt	ENSG00000160710	ADAR	0	-0.4268096028067781	0.7311200092866743	0.4465654666326149	0.2300443033783691
height	annotated_credset_185.txt	ENSG00000268141	AL606500.1	0	-0.6130711373521976	0.0234586428308692	0.1723392782638218	0.2089474242494655
height	annotated_credset_185.txt	ENSG00000143603	KCNN3	0	-0.5579503509431462	0.7351899222800463	0.1827914700547031	0.5644488157911843
height	annotated_credset_185.txt	ENSG00000163344	PMVK	0	-0.5557010072971448	0.1991222414451408	0.27946540263174	0.6565256168097179
height	annotated_credset_185.txt	ENSG00000163346	PBXIP1	0	-0.5391136200233783	0.4506736335372019	0.3099679817447026	0.6829322567504561
height	annotated_credset_185.txt	ENSG00000163348	PYGO2	0	-0.4905565906414212	0.2085627612751275	0.4070820405086169	0.6936014668038695
height	annotated_credset_185.txt	ENSG00000160691	SHC1	0	-0.1440134968210226	0.2982966505035643	1.0	0.7081518953139709
height	annotated_credset_185.txt	ENSG00000173207	CKS1B	0	-0.511343604619736	0.4454988300748388	0.2653397844025729	0.7148515519244845
height	annotated_credset_185.txt	ENSG00000160688	FLAD1	0	-0.3810503347650599	0.1401252861876104	0.4841556274719109	0.7339843578443314
height	annotated_credset_185.txt	ENSG00000163352	LENEP	0	-0.6337484616344753	0.0234586428308692	0.1206982985225086	0.735646159772444
height	annotated_credset_185.txt	ENSG00000160685	ZBTB7B	0	-0.1145018724276182	1.0	0.6037214871596116	0.7690574880729587
height	annotated_credset_185.txt	ENSG00000163354	DCST2	0	-0.3331308434562708	0.877916596154142	0.2396551878635368	0.7901184811137136
height	annotated_credset_185.txt	ENSG00000163357	DCST1	0	-0.5999902390916415	0.877916596154142	0.0834838991104953	0.8137881167160406
height	annotated_credset_185.txt	ENSG00000143537	ADAM15	0	-0.2362617278141655	0.5894143101497475	0.3372623327982602	0.8301383705702108
height	annotated_credset_185.txt	ENSG00000243364	EFNA4	0	-0.3207044572862795	0.6195260719185793	0.5120527256759316	0.8394922174695617
height	annotated_credset_185.txt	ENSG00000143590	EFNA3	0	-0.4872375175983131	0.594882818673488	0.2901621421612392	0.8643157288292823
height	annotated_credset_185.txt	ENSG00000251246	EFNA3	0	-0.6323185886789328	0.6010506249624128	0.0	0.8633067776586426
height	annotated_credset_185.txt	ENSG00000169242	EFNA1	0	-0.5308599263447972	0.4210373942486954	0.3234512678445408	0.9296270290255916
height	annotated_credset_185.txt	ENSG00000169241	SLC50A1	0	-0.3706166088577388	0.4250094055549417	0.6439379028186571	0.935142444727201
height	annotated_credset_185.txt	ENSG00000179085	DPM3	0	-0.3480106803456998	0.0846905537459283	0.5894037709969102	0.9375468126331578
height	annotated_credset_185.txt	ENSG00000163463	KRTCAP2	0	-0.2781268980641452	0.2738631865880283	0.6860693095743017	0.9829289117995528
height	annotated_credset_185.txt	ENSG00000273088	RP11-201K10.3	0	-0.3840932187273197	0.0234586428308692	0.1723392782638218	1.0
height	annotated_credset_185.txt	ENSG00000163462	TRIM46	0	-0.3024249395700015	0.5923793326741286	0.5237299213562903	0.9987960836978764
height	annotated_credset_185.txt	ENSG00000185499	MUC1	0	-0.0417617389486345	0.3220867604751309	0.1403939519172613	1.0
height	annotated_credset_185.txt	ENSG00000169231	THBS3	1	0.0417617389486345	0.5284355450256852	0.803080470318611	0.9902558989484788
height	annotated_credset_185.txt	ENSG00000173171	MTX1	0	-0.1914103127409542	0.2730100433145035	0.4418501116751513	0.9721596488824626
height	annotated_credset_185.txt	ENSG00000177628	GBA	0	-0.5000006306062655	0.2389822140606402	0.285926933677683	0.9366144785712652
height	annotated_credset_185.txt	ENSG00000160767	FAM189B	0	-0.4226529990106024	0.0	0.3658734423676664	0.9190123523343724
height	annotated_credset_185.txt	ENSG00000116521	SCAMP3	0	-0.390011017781476	0.1849264968119015	0.6051490849711829	0.9069021778183765
height	annotated_credset_185.txt	ENSG00000176444	CLK2	0	-0.2809741488402032	0.0317545520788024	0.561983294197723	0.8973937446931545
height	annotated_credset_185.txt	ENSG00000143630	HCN3	0	-0.4702545560888364	0.1289896685748171	0.2074236012214526	0.8770835990352012
height	annotated_credset_185.txt	ENSG00000143627	PKLR	0	-0.4812842811247376	0.3308559544505408	0.4226025582846597	0.8601674491756106
height	annotated_credset_185.txt	ENSG00000160752	FDPS	0	-0.256768419006013	0.1104806553259217	0.3789310831355124	0.8340686014524548
height	annotated_credset_185.txt	ENSG00000160753	RUSC1	0	-0.3419926502525926	0.1895138901515098	0.7011858200289499	0.8173015168820968
height	annotated_credset_185.txt	ENSG00000116539	ASH1L	0	-0.2348365024310291	0.4177926526182408	0.7908547898664129	0.7974647915408734
height	annotated_credset_185.txt	ENSG00000125459	MSTO1	0	-0.5281939789155167	0.4316247624135843	0.3420935951371836	0.4180108163941174
height	annotated_credset_185.txt	ENSG00000163374	YY1AP1	0	-0.5695330355356961	0.3710655759486324	0.2594154818968247	0.3500232421624176
height	annotated_credset_185.txt	ENSG00000132676	DAP3	0	-0.5697290787767398	0.385247334626568	0.2590233954147374	0.3106672453366698
height	annotated_credset_185.txt	ENSG00000116580	GON4L	0	-0.4317851970434184	0.3617928875822898	0.5349111588813803	0.2254281243446059
height	annotated_credset_185.txt	ENSG00000132718	SYT11	0	-0.5767370068814149	0.4606735915793361	0.2450075392053871	0.0738894554979864
height	annotated_credset_185.txt	ENSG00000143622	RIT1	0	-0.598720315627984	0.587316416854195	0.1908813100102837	0.0210278674209254
height	annotated_credset_185.txt	ENSG00000132680	KIAA0907	0	-0.2975841737365444	0.5971205715220775	0.7931535937931629	0.0
height	annotated_credset_186.txt	ENSG00000163357	DCST1	0	-0.6271601272929788	0.943784010461161	0.1281221235726373	0.0
height	annotated_credset_186.txt	ENSG00000143537	ADAM15	0	-0.320951407699017	0.6515402019412084	0.2499061942684346	0.0165852642354673
height	annotated_credset_186.txt	ENSG00000243364	EFNA4	0	-0.4388640462823974	0.682042476507015	0.3337852113063856	0.0260735586575306
height	annotated_credset_186.txt	ENSG00000143590	EFNA3	0	-0.5877839005514747	0.6570796303458672	0.2273035922152522	0.0512538707692037
height	annotated_credset_186.txt	ENSG00000251246	EFNA3	0	-0.6574059057012214	0.6633274255541909	0.0880595819157591	0.0502304174384485
height	annotated_credset_186.txt	ENSG00000169242	EFNA1	0	-0.6264730264224507	0.4809796429547963	0.2432784927483858	0.1175039229689401
height	annotated_credset_186.txt	ENSG00000169241	SLC50A1	0	-0.5495749101334075	0.4850031663996124	0.3970747253264723	0.1230986145006747
height	annotated_credset_186.txt	ENSG00000179085	DPM3	0	-0.4930625007606704	0.1402707944617049	0.3709046979186872	0.1255375415898343
height	annotated_credset_186.txt	ENSG00000163463	KRTCAP2	0	-0.5394658276864024	0.3318967654555011	0.4172928902204822	0.1715719403794818
height	annotated_credset_186.txt	ENSG00000273088	RP11-201K10.3	0	-0.6627310979903502	0.0782447803992072	0.1707623496125866	0.1908887469518896
height	annotated_credset_186.txt	ENSG00000163462	TRIM46	0	-0.5317412445219489	0.6545436771887472	0.3393889042743038	0.1876671790803878
height	annotated_credset_186.txt	ENSG00000185499	MUC1	0	-0.6138755334795185	0.3807457402362262	0.1554323161434053	0.1950315628283667
height	annotated_credset_186.txt	ENSG00000169231	THBS3	1	-0.4028771490271334	0.5897706166616372	0.4734446099123722	0.2176217399716442
height	annotated_credset_186.txt	ENSG00000173171	MTX1	0	-0.468188007117496	0.33103255795503	0.3000961385894355	0.2243042881901049
height	annotated_credset_186.txt	ENSG00000177628	GBA	0	-0.4851838661437284	0.2965634292887005	0.2252711857499832	0.267531540703194
height	annotated_credset_186.txt	ENSG00000160767	FAM189B	0	-0.6162941766555114	0.0544819076034675	0.2636361922822641	0.2826299274595066
height	annotated_credset_186.txt	ENSG00000116521	SCAMP3	0	-0.4271731652364778	0.241806675365411	0.3784606135349432	0.2923562342840712
height	annotated_credset_186.txt	ENSG00000176444	CLK2	0	-0.4690665418647712	0.0866482774644435	0.3577460648682001	0.3148428060286128
height	annotated_credset_186.txt	ENSG00000143630	HCN3	0	-0.6543129049916434	0.1851444147402631	0.1875987356100004	0.3307434345886502
height	annotated_credset_186.txt	ENSG00000143627	PKLR	0	-0.6026824946797191	0.3896286599541828	0.290859556233849	0.3469646798555862
height	annotated_credset_186.txt	ENSG00000160752	FDPS	0	-0.6131611037948992	0.166395362180863	0.2699023380034888	0.3738908829432536
height	annotated_credset_186.txt	ENSG00000160753	RUSC1	0	-0.3714290490241407	0.2464535615974521	0.4245470534333723	0.3885188451863873
height	annotated_credset_186.txt	ENSG00000116539	ASH1L	0	-0.3132286125128372	0.4776928209857916	0.4675777081790021	0.7129059485552991
height	annotated_credset_186.txt	ENSG00000125459	MSTO1	0	-0.4857597699319715	0.4917043163622815	0.2522246371151475	0.97269648588538
height	annotated_credset_186.txt	ENSG00000163374	YY1AP1	0	-0.037066090526568	0.4303597511649091	0.2125487787628684	0.889585355077866
height	annotated_credset_186.txt	ENSG00000132676	DAP3	0	-0.6314060790782712	0.4447254299432315	0.2123606229485247	0.9596030036019012
height	annotated_credset_186.txt	ENSG00000116580	GON4L	0	-0.2866445206528287	0.4209668073483138	0.3447545951308304	1.0
height	annotated_credset_186.txt	ENSG00000132718	SYT11	0	-0.535866603892635	0.5211298733865175	0.2056346454938694	0.871689605286367
height	annotated_credset_186.txt	ENSG00000143622	RIT1	0	-0.4653397695929027	0.649415101530214	0.1796603638064685	0.818068211148754
height	annotated_credset_186.txt	ENSG00000132680	KIAA0907	0	-0.4017473536607892	0.6593464041175946	0.4686808661418869	0.7967380996657771
height	annotated_credset_186.txt	ENSG00000173080	RXFP4	0	-0.676475185977905	0.2354738761406476	0.1293740128479874	0.7566316097713658
height	annotated_credset_186.txt	ENSG00000116584	ARHGEF2	0	-0.1851208632342853	0.7099237938992619	0.4419552665200411	0.7494212340485347
height	annotated_credset_186.txt	ENSG00000163479	SSR2	0	-0.3330442375484304	0.5720614465700171	0.4723030426567656	0.6623240955356032
height	annotated_credset_186.txt	ENSG00000160803	UBQLN4	0	-0.3580950745066438	0.6665575781789023	0.3119971489222236	0.6255679802246356
height	annotated_credset_186.txt	ENSG00000116586	LAMTOR2	0	-0.3768960243701162	0.5573982537341555	0.4269085148050198	0.5983351611596284
height	annotated_credset_186.txt	ENSG00000132698	RAB25	0	-0.6970360839168152	0.3793148392928232	0.0927852694146252	0.5893634936582883
height	annotated_credset_186.txt	ENSG00000254726	MEX3A	0	-0.4838293820584554	0.4814188303730684	0.2464997938894012	0.5741685018680193
height	annotated_credset_186.txt	ENSG00000160789	LMNA	0	0.037066090526568	1.0	1.0	0.5593837314538259
height	annotated_credset_186.txt	ENSG00000196189	SEMA4A	0	-0.7066592973782124	0.4893950405823342	0.0829059508368622	0.4686688044228759
height	annotated_credset_186.txt	ENSG00000160785	SLC25A44	0	-0.6246118160009886	0.4407727431787818	0.2470009135913102	0.4032531957048496
height	annotated_credset_186.txt	ENSG00000260238	PMF1-BGLAP	0	-0.6627310979903502	0.0782447803992072	0.1707623496125866	0.3768016173492288
height	annotated_credset_186.txt	ENSG00000160783	PMF1	0	-0.4302586519721554	0.4265487377611925	0.3187446418946427	0.376786216546714
height	annotated_credset_186.txt	ENSG00000242252	BGLAP	0	-0.5643012549723379	0.2884597130547751	0.3676220356486113	0.3362275030875503
height	annotated_credset_186.txt	ENSG00000160781	PAQR6	0	-0.6037578009385112	0.2491170207792318	0.0981126016294729	0.3341931970826428
height	annotated_credset_186.txt	ENSG00000198952	SMG5	0	-0.4173785647478976	0.2754966005477092	0.3980498145121039	0.3260601732818806
height	annotated_credset_186.txt	ENSG00000163472	TMEM79	0	-0.5153070801040271	0.1506299505984991	0.2021927837998448	0.2788623138658888
height	annotated_credset_186.txt	ENSG00000198715	C1orf85	0	-0.6435766729381852	0.1295829561280103	0.2090711997169167	0.2688461919394551
height	annotated_credset_186.txt	ENSG00000189030	VHLL	0	-0.711145048642613	0.2171243424585145	0.0739344483080613	0.256896569260938
height	annotated_credset_186.txt	ENSG00000163468	CCT3	0	-0.6167673334036112	0.1959200905576121	0.2626898787860648	0.2424142146052168
height	annotated_credset_186.txt	ENSG00000163467	TSACC	0	-0.6443203973091916	0.1885941610741107	0.2075837509749041	0.2027277465975723
height	annotated_credset_186.txt	ENSG00000132677	RHBG	0	-0.7481122727966436	0.0	0.0	0.1580682194506082
height	annotated_credset_186.txt	ENSG00000125462	C1orf61	0	-0.7220601234428948	0.2450226606540492	0.0490008040633325	0.1090110631491951
height	annotated_credset_1884.txt	ENSG00000120549	KIAA1217	0	-0.3756705641824649	0.8727009011233181	0.9515693411562756	0.901247382742302
height	annotated_credset_1884.txt	ENSG00000269879	AL353583.1	0	-0.6978088025365172	0.0	0.6700664020839743	0.7853843458996296
height	annotated_credset_1884.txt	ENSG00000107863	ARHGAP21	1	0.2624539501721059	0.5697136156030119	1.0	1.0
height	annotated_credset_1884.txt	ENSG00000099256	PRTFDC1	0	-0.5356807706828923	1.0	0.4088565577406869	0.5718788583682284
height	annotated_credset_1884.txt	ENSG00000151023	ENKUR	0	-0.3740361516584067	0.6800086409085297	0.5437650775584568	0.33823983584357
height	annotated_credset_1884.txt	ENSG00000185875	THNSL1	0	-0.2624539501721059	0.7671120849277866	0.7503345937512735	0.2774896959181536
height	annotated_credset_1884.txt	ENSG00000151025	GPR158	0	-1.0650475256388987	0.135100604863597	0.0	0.0
height	annotated_credset_1886.txt	ENSG00000120549	KIAA1217	0	-0.5395619211011572	0.8727009011233181	0.9515693411562756	0.1430175674189309
height	annotated_credset_1886.txt	ENSG00000269879	AL353583.1	0	-0.696280700112253	0.0	0.6700664020839743	0.0
height	annotated_credset_1886.txt	ENSG00000107863	ARHGAP21	1	-0.2938330819289289	0.5697136156030119	1.0	0.52321206078805
height	annotated_credset_1886.txt	ENSG00000099256	PRTFDC1	0	0.2898189608841331	1.0	0.4088565577406869	1.0
height	annotated_credset_1886.txt	ENSG00000151023	ENKUR	0	-0.482276737912884	0.6800086409085297	0.5437650775584568	0.9182301699716796
height	annotated_credset_1886.txt	ENSG00000185875	THNSL1	0	-0.2898189608841331	0.7671120849277866	0.7503345937512735	0.843242171475745
height	annotated_credset_1886.txt	ENSG00000151025	GPR158	0	-1.023506705967625	0.135100604863597	0.0	0.5007179085572638
height	annotated_credset_1887.txt	ENSG00000107863	ARHGAP21	1	-0.1813484728336334	0.5462570190553827	1.0	0.0
height	annotated_credset_1887.txt	ENSG00000099256	PRTFDC1	0	-0.4492827122738367	1.0	0.4088565577406869	0.3250878126751317
height	annotated_credset_1887.txt	ENSG00000151023	ENKUR	0	-0.3850378644628828	0.6625646582934278	0.5437650775584568	0.4153369697425246
height	annotated_credset_1887.txt	ENSG00000185875	THNSL1	0	-0.2817531063664744	0.7544164522915761	0.7503345937512735	0.4302525897600823
height	annotated_credset_1887.txt	ENSG00000151025	GPR158	0	0.1813484728336334	0.0879515504159771	0.0	1.0
height	annotated_credset_1887.txt	ENSG00000095777	MYO3A	0	-0.4718826079203522	0.0	0.4215643477770018	0.2809563330507139
height	annotated_credset_1915.txt	ENSG00000183230	CTNNA3	0	-0.7475521512149401	0.3592780853831956	0.231390889175493	0.05578526504231
height	annotated_credset_1915.txt	ENSG00000108176	DNAJC12	0	-0.7142190719963966	0.1388308977035491	0.2980570476125803	0.2492027172977886
height	annotated_credset_1915.txt	ENSG00000096717	SIRT1	0	-0.3117951975025157	0.1742004780490756	1.0	0.3584763517569057
height	annotated_credset_1915.txt	ENSG00000148634	HERC4	0	-0.7283067443423938	0.2502949986384679	0.2671756520477829	0.5722725338671998
height	annotated_credset_1915.txt	ENSG00000138347	MYPN	0	-0.6374716109253149	0.9267041844422258	0.2535613138556958	0.7584325920536685
height	annotated_credset_1915.txt	ENSG00000179774	ATOH7	0	-0.7259844719811175	0.6362288584309099	0.0897272917257798	0.7858071882632952
height	annotated_credset_1915.txt	ENSG00000108187	PBLD	0	-0.5523582670538405	0.8767813379322866	0.4983155036585809	0.9232931248915812
height	annotated_credset_1915.txt	ENSG00000096746	HNRNPH3	0	-0.4285679073926542	0.857916553205652	0.6638692645153773	0.9371077815447152
height	annotated_credset_1915.txt	ENSG00000204130	RUFY2	0	0.0796188067328618	0.8471150645971379	0.5914856546499545	1.0
height	annotated_credset_1915.txt	ENSG00000138346	DNA2	0	-0.3007008478929263	0.918534991376963	0.9568150400852676	0.9663544388282326
height	annotated_credset_1915.txt	ENSG00000122912	SLC25A16	0	-0.5735909950706961	0.8376448518955556	0.4682025142081218	0.879267072123626
height	annotated_credset_1915.txt	ENSG00000138336	TET1	1	-0.3217277632493367	0.8506247919881397	0.6086048125066024	0.7666780290376375
height	annotated_credset_1915.txt	ENSG00000060339	CCAR1	0	-0.2969359378682532	0.7099482617772535	0.5400882969479686	0.5482533512354337
height	annotated_credset_1915.txt	ENSG00000165730	STOX1	0	-0.6212672912230679	1.0	0.368288020810849	0.403147695684092
height	annotated_credset_1915.txt	ENSG00000107625	DDX50	0	-0.0796188067328618	0.7803697316268798	0.6539460966638193	0.3027101564437561
height	annotated_credset_1915.txt	ENSG00000165732	DDX21	0	-0.5114486094125696	0.8956461226589213	0.6072012881336274	0.2279976818406799
height	annotated_credset_1915.txt	ENSG00000198954	KIAA1279	0	-0.7612867118250646	0.6362288584309099	0.1283077924303417	0.1835883689968497
height	annotated_credset_1915.txt	ENSG00000122862	SRGN	0	-0.8180647835406858	0.0	0.0903656245240016	0.0482273450464268
height	annotated_credset_1915.txt	ENSG00000122958	VPS26A	0	-0.8617694006122569	0.0241445039484433	0.0	0.0
height	annotated_credset_1916.txt	ENSG00000183230	CTNNA3	0	-0.7933396236591865	0.255985946420729	0.1556276445091848	0.0
height	annotated_credset_1916.txt	ENSG00000108176	DNAJC12	0	-0.7567208401720493	0.0	0.2288652114834591	0.210664236863191
height	annotated_credset_1916.txt	ENSG00000096717	SIRT1	0	-0.3711534459137788	0.0410715854194115	1.0	0.3296816602867547
height	annotated_credset_1916.txt	ENSG00000148634	HERC4	0	-0.4406720485679058	0.129433465085639	0.194939778715794	0.5625417720466703
height	annotated_credset_1916.txt	ENSG00000138347	MYPN	0	-0.4876227930719772	0.9148880105401846	0.1799834496197603	0.7653014823775608
height	annotated_credset_1916.txt	ENSG00000179774	ATOH7	0	-0.7982558924698702	0.577584541062802	0.0	0.7951170360036202
height	annotated_credset_1916.txt	ENSG00000108187	PBLD	0	-0.2274062286043827	0.856916996047431	0.4488635199306817	0.944862416172118
height	annotated_credset_1916.txt	ENSG00000096746	HNRNPH3	0	-0.0128065692555037	0.8350109793588055	0.6307362261559059	0.9599089079308628
height	annotated_credset_1916.txt	ENSG00000204130	RUFY2	0	-0.1997571545105079	0.8224681598594644	0.5512176278199694	1.0
height	annotated_credset_1916.txt	ENSG00000138346	DNA2	0	-0.3345584898070814	0.9054018445322796	0.9525582174196936	0.9349451632170844
height	annotated_credset_1916.txt	ENSG00000122912	SLC25A16	0	-0.3178536496028312	0.81147123407993	0.4157822365122762	0.8400923284117848
height	annotated_credset_1916.txt	ENSG00000138336	TET1	1	-0.4842017603097994	0.8265436978480458	0.5700242532422607	0.717463865652707
height	annotated_credset_1916.txt	ENSG00000060339	CCAR1	0	-0.2689845982762509	0.6631884057971016	0.4947539359671948	0.4795625412132198
height	annotated_credset_1916.txt	ENSG00000165730	STOX1	0	-0.6553517720900663	1.0	0.3060189837100471	0.3215180016187291
height	annotated_credset_1916.txt	ENSG00000107625	DDX50	0	0.0128065692555037	0.7449626701800617	0.6198349129984773	0.2121245766214105
height	annotated_credset_1916.txt	ENSG00000165732	DDX21	0	-0.5345837881277511	0.8788230127360566	0.5684823808338962	0.1307500870762369
height	annotated_credset_1916.txt	ENSG00000198954	KIAA1279	0	-0.8431955192623463	0.577584541062802	0.0423834531716395	0.0823808531174165
height	annotated_credset_1917.txt	ENSG00000096717	SIRT1	0	-0.2566137164476806	0.1742004780490756	1.0	0.0
height	annotated_credset_1917.txt	ENSG00000148634	HERC4	0	-0.6230258904237892	0.2502949986384679	0.2671756520477829	0.2192087695922216
height	annotated_credset_1917.txt	ENSG00000138347	MYPN	0	-0.5689723064604456	0.9267041844422258	0.2535613138556958	0.4100817632045212
height	annotated_credset_1917.txt	ENSG00000179774	ATOH7	0	-0.664010684026258	0.6362288584309099	0.0897272917257798	0.4381493904837608
height	annotated_credset_1917.txt	ENSG00000108187	PBLD	0	-0.4457122283513003	0.8767813379322866	0.4983155036585809	0.5791160003971828
height	annotated_credset_1917.txt	ENSG00000096746	HNRNPH3	0	-0.3625990585170794	0.857916553205652	0.6638692645153773	0.5932803968676037
height	annotated_credset_1917.txt	ENSG00000204130	RUFY2	0	-0.3964033397986678	0.8471150645971379	0.5914856546499545	0.6828071477001205
height	annotated_credset_1917.txt	ENSG00000138346	DNA2	0	0.0292494625076119	0.918534991376963	0.9568150400852676	0.7733464391992766
height	annotated_credset_1917.txt	ENSG00000122912	SLC25A16	0	-0.1444957490622477	0.8376448518955556	0.4682025142081218	0.8506514750335039
height	annotated_credset_1917.txt	ENSG00000138336	TET1	1	-0.0292494625076119	0.8506247919881397	0.6086048125066024	1.0
height	annotated_credset_1917.txt	ENSG00000060339	CCAR1	0	-0.138839646632754	0.7099482617772535	0.5400882969479686	0.879051841463015
height	annotated_credset_1917.txt	ENSG00000165730	STOX1	0	-0.4832966275052689	1.0	0.368288020810849	0.7302726074265863
height	annotated_credset_1917.txt	ENSG00000107625	DDX50	0	-0.3675606424428582	0.7803697316268798	0.6539460966638193	0.6272923335020201
height	annotated_credset_1917.txt	ENSG00000165732	DDX21	0	-0.391269336113777	0.8956461226589213	0.6072012881336274	0.5506883947914519
height	annotated_credset_1917.txt	ENSG00000198954	KIAA1279	0	-0.5370761141396753	0.6362288584309099	0.1283077924303417	0.5051547901646397
height	annotated_credset_1917.txt	ENSG00000122862	SRGN	0	-0.7114309041856798	0.0	0.0903656245240016	0.3663668884442621
height	annotated_credset_1917.txt	ENSG00000122958	VPS26A	0	-0.7566137164476806	0.0241445039484433	0.0	0.3169185921090501
height	annotated_credset_1917.txt	ENSG00000156502	SUPV3L1	0	-0.658127527556018	0.0361713715167468	0.1969723777833253	0.2377029967824608
height	annotated_credset_1917.txt	ENSG00000156510	HKDC1	0	-0.5099911591017511	0.166439744637076	0.0788147348243051	0.1817395249853564
height	annotated_credset_1917.txt	ENSG00000156515	HK1	0	-0.6186757819776217	0.1448216392847418	0.2721427108285454	0.1123546520759719
height	annotated_credset_1918.txt	ENSG00000096717	SIRT1	0	-0.3376026898268157	0.1742004780490756	1.0	0.0
height	annotated_credset_1918.txt	ENSG00000148634	HERC4	0	-0.7040148638029243	0.2502949986384679	0.2671756520477829	0.2154918303996177
height	annotated_credset_1918.txt	ENSG00000138347	MYPN	0	-0.6755516996088677	0.9267041844422258	0.2535613138556958	0.4031283507992493
height	annotated_credset_1918.txt	ENSG00000179774	ATOH7	0	-0.7653148872981238	0.6362288584309099	0.0897272917257798	0.4307200588710972
height	annotated_credset_1918.txt	ENSG00000108187	PBLD	0	-0.5526466267640048	0.8767813379322866	0.4983155036585809	0.5692964162494114
height	annotated_credset_1918.txt	ENSG00000096746	HNRNPH3	0	-0.4698697463356066	0.857916553205652	0.6638692645153773	0.5832206389326319
height	annotated_credset_1918.txt	ENSG00000204130	RUFY2	0	-0.5044327351405409	0.8471150645971379	0.5914856546499545	0.6712293597630877
height	annotated_credset_1918.txt	ENSG00000138346	DNA2	0	-0.3217680424228842	0.918534991376963	0.9568150400852676	0.7602334524576074
height	annotated_credset_1918.txt	ENSG00000122912	SLC25A16	0	-0.5641176040827707	0.8376448518955556	0.4682025142081218	0.8362276916571363
height	annotated_credset_1918.txt	ENSG00000138336	TET1	1	0.3217680424228842	0.8506247919881397	0.6086048125066024	1.0
height	annotated_credset_1918.txt	ENSG00000060339	CCAR1	0	-0.5295692229820124	0.7099482617772535	0.5400882969479686	0.8980588189260693
height	annotated_credset_1918.txt	ENSG00000165730	STOX1	0	-0.6012580044107101	1.0	0.368288020810849	0.75180230953731
height	annotated_credset_1918.txt	ENSG00000107625	DDX50	0	-0.4746302241899133	0.7803697316268798	0.6539460966638193	0.6505681857185418
height	annotated_credset_1918.txt	ENSG00000165732	DDX21	0	-0.4982037345264815	0.8956461226589213	0.6072012881336274	0.5752631557269579
height	annotated_credset_1918.txt	ENSG00000198954	KIAA1279	0	-0.7460246369458429	0.6362288584309099	0.1283077924303417	0.5305016262316868
height	annotated_credset_1918.txt	ENSG00000122862	SRGN	0	-0.7924198775648149	0.0	0.0903656245240016	0.3940670345194962
height	annotated_credset_1918.txt	ENSG00000122958	VPS26A	0	-0.8376026898268157	0.0241445039484433	0.0	0.3454571914587483
height	annotated_credset_1918.txt	ENSG00000156502	SUPV3L1	0	-0.739116500935153	0.0361713715167468	0.1969723777833253	0.2675847885212343
height	annotated_credset_1918.txt	ENSG00000156510	HKDC1	0	-0.7981953224146632	0.166439744637076	0.0788147348243051	0.2125702423627519
height	annotated_credset_1918.txt	ENSG00000156515	HK1	0	-0.7004134492997806	0.1448216392847418	0.2721427108285454	0.1443618705302654
height	annotated_credset_1919.txt	ENSG00000148634	HERC4	0	-0.2677908792330765	0.2502949986384679	0.2792343774445406	0.0280052402918112
height	annotated_credset_1919.txt	ENSG00000138347	MYPN	0	-0.6059288574717931	0.9267041844422258	0.2650055687179618	0.2536059901564632
height	annotated_credset_1919.txt	ENSG00000179774	ATOH7	0	-0.7042557147451953	0.6362288584309099	0.0937770498651272	0.2867802891564552
height	annotated_credset_1919.txt	ENSG00000108187	PBLD	0	-0.4771729399675821	0.8767813379322866	0.5208065120027513	0.4533946032114979
height	annotated_credset_1919.txt	ENSG00000096746	HNRNPH3	0	-0.3906600017710615	0.857916553205652	0.6938323883957925	0.47013609400405
height	annotated_credset_1919.txt	ENSG00000204130	RUFY2	0	-0.4281594912830819	0.8471150645971379	0.6181818113950671	0.5759514937550819
height	annotated_credset_1919.txt	ENSG00000138346	DNA2	0	0.0229030158382932	0.918534991376963	1.0	0.6829636575393027
height	annotated_credset_1919.txt	ENSG00000122912	SLC25A16	0	-0.137125533101206	0.8376448518955556	0.4893344006866754	0.7743337027324936
height	annotated_credset_1919.txt	ENSG00000138336	TET1	1	-0.0229030158382932	0.8506247919881397	0.6360736265729746	1.0
height	annotated_credset_1919.txt	ENSG00000060339	CCAR1	0	-0.1796119339749875	0.7099482617772535	0.5644646815959727	0.9061913766395292
height	annotated_credset_1919.txt	ENSG00000165730	STOX1	0	-0.5130844734536832	1.0	0.384910359245637	0.7303429963753033
height	annotated_credset_1919.txt	ENSG00000107625	DDX50	0	-0.0309569733371779	0.7803697316268798	0.6834613475615331	0.6086263167184683
height	annotated_credset_1919.txt	ENSG00000165732	DDX21	0	-0.4199470192664045	0.8956461226589213	0.634606755428422	0.5180849274489474
height	annotated_credset_1919.txt	ENSG00000198954	KIAA1279	0	-0.5901488367523366	0.6362288584309099	0.1340988457068019	0.4642668615537023
height	annotated_credset_1919.txt	ENSG00000122862	SRGN	0	-0.6752422953492268	0.0	0.0944441932224942	0.3002276535562795
height	annotated_credset_1919.txt	ENSG00000122958	VPS26A	0	-0.7224643919604739	0.0241445039484433	0.0	0.241782650302375
height	annotated_credset_1919.txt	ENSG00000156502	SUPV3L1	0	-0.6944652186136115	0.0361713715167468	0.2058625434710682	0.1481544351817328
height	annotated_credset_1919.txt	ENSG00000156510	HKDC1	0	-0.7562105079374972	0.166439744637076	0.0823719648232969	0.082008874390138
height	annotated_credset_1919.txt	ENSG00000156515	HK1	0	-0.6533749178892123	0.1448216392847418	0.2844256198191587	0.0
height	annotated_credset_1920.txt	ENSG00000138347	MYPN	0	-0.7372754802685189	0.9456128239236224	0.2901109251832111	0.0484488053343123
height	annotated_credset_1920.txt	ENSG00000179774	ATOH7	0	-0.8226571415261152	0.7300734703957524	0.1247310941841318	0.077294066248054
height	annotated_credset_1920.txt	ENSG00000108187	PBLD	0	-0.6137437314299894	0.908568926905656	0.5371744228602701	0.2221662566410738
height	annotated_credset_1920.txt	ENSG00000096746	HNRNPH3	0	-0.5301858335165512	0.8945708240022003	0.7042902186871464	0.2367230878192182
height	annotated_credset_1920.txt	ENSG00000204130	RUFY2	0	-0.4212526689553262	0.8865558717383131	0.6312236540565448	0.3287302411432757
height	annotated_credset_1920.txt	ENSG00000138346	DNA2	0	-0.1700374967961291	0.9395510953206824	1.0	0.4217779882953903
height	annotated_credset_1920.txt	ENSG00000122912	SLC25A16	0	-0.4819771413228115	0.8795287567282383	0.5067773109451092	0.5012248152893414
height	annotated_credset_1920.txt	ENSG00000138336	TET1	1	-0.3597681618223201	0.8891601699529095	0.6485043348112047	0.7409317036150703
height	annotated_credset_1920.txt	ENSG00000060339	CCAR1	0	-0.3971252034439094	0.7847749583256161	0.5793413513452476	0.8814405764394094
height	annotated_credset_1920.txt	ENSG00000165730	STOX1	0	0.1700374967961291	1.0	0.4059201030368725	1.0
height	annotated_credset_1920.txt	ENSG00000107625	DDX50	0	-0.510599089631864	0.837029303967626	0.6942734236348659	0.9622550540772612
height	annotated_credset_1920.txt	ENSG00000165732	DDX21	0	-0.3185111798745488	0.922567029809112	0.6470875678870451	0.8835287486028752
height	annotated_credset_1920.txt	ENSG00000198954	KIAA1279	0	-0.5712700056644908	0.7300734703957524	0.1636756101242996	0.8367336029806072
height	annotated_credset_1920.txt	ENSG00000122862	SRGN	0	-0.6525145954341499	0.2579770664601188	0.1253754497881673	0.6941004834451998
height	annotated_credset_1920.txt	ENSG00000122958	VPS26A	0	-0.6767719624811596	0.275892842108808	0.0341572063633985	0.6432821867883883
height	annotated_credset_1920.txt	ENSG00000156502	SUPV3L1	0	-0.6453932108887291	0.2848170536631363	0.2329880604546314	0.5618718668885312
height	annotated_credset_1920.txt	ENSG00000156510	HKDC1	0	-0.6375674861549494	0.3814791740333507	0.1137155749856674	0.5043578871863595
height	annotated_credset_1920.txt	ENSG00000156515	HK1	0	-0.6538475300463187	0.3654380440822374	0.3088676415913567	0.4330506568805625
height	annotated_credset_1920.txt	ENSG00000075073	TACR2	0	-0.8090722448735217	0.0	0.0	0.2408364708673578
height	annotated_credset_1920.txt	ENSG00000099282	TSPAN15	0	-0.6359593782087498	0.2406113365550298	0.2701243110196682	0.1725591627284966
height	annotated_credset_1920.txt	ENSG00000122859	NEUROG3	0	-0.9064800373352871	0.3705231608547037	0.0220526964409097	0.0
height	annotated_credset_194.txt	ENSG00000162745	OLFML2B	0	-0.7043154917568892	0.3912450811450323	0.3585273010605719	0.0
height	annotated_credset_194.txt	ENSG00000198929	NOS1AP	0	-0.7959833606023514	0.6084205653146781	0.1663661420363343	0.5256893261430228
height	annotated_credset_194.txt	ENSG00000254706	RP11-565P22.6	0	-0.7685995085351212	0.0	0.2274888933967471	0.5236197579309366
height	annotated_credset_194.txt	ENSG00000239887	C1orf226	0	-0.7572465575550944	0.7852935881278774	0.1878821923599741	0.5304817796510952
height	annotated_credset_194.txt	ENSG00000171722	C1orf111	0	-0.8270971612855966	0.4782541601296262	0.1104935878957958	0.5159538785012813
height	annotated_credset_194.txt	ENSG00000198574	SH2D1B	0	-0.7729835994074072	0.8523700522105913	0.1511831654943375	0.5675001579531564
height	annotated_credset_194.txt	ENSG00000152332	UHMK1	0	-0.6814978344573372	0.3091484272523854	0.0799143017558667	0.7392202418558522
height	annotated_credset_194.txt	ENSG00000117143	UAP1	0	-0.5463268087359268	0.5363545176307193	0.456309705554645	0.8418334092528482
height	annotated_credset_194.txt	ENSG00000162733	DDR2	1	0.5463268087359268	1.0	1.0	1.0
height	annotated_credset_194.txt	ENSG00000132196	HSD17B7	0	-0.58399702954094	0.5534837066947866	0.2960122603511738	0.8792060421597023
height	annotated_credset_194.txt	ENSG00000185860	C1orf110	0	-0.8494274578211374	0.2716751112368509	0.0494717582524487	0.8298696406292072
height	annotated_credset_194.txt	ENSG00000117152	RGS4	0	-0.884565539553563	0.1776934749620637	0.0	0.4727858151544482
height	annotated_credset_194.txt	ENSG00000143248	RGS5	0	-0.7377642041811456	0.4372829916926005	0.0806021347798686	0.4108946177610857
height	annotated_credset_194.txt	ENSG00000143228	NUF2	0	-0.8324588385280216	0.3302127002906304	0.1042134020510829	0.1836878900705088
height	annotated_credset_1952.txt	ENSG00000095637	SORBS1	0	-0.3615564391149352	0.3820059862667996	1.0	0.2797209697790978
height	annotated_credset_1952.txt	ENSG00000059573	ALDH18A1	0	-0.4326194863136353	0.5090204824226773	0.8578739056025999	0.417144144889238
height	annotated_credset_1952.txt	ENSG00000119977	TCTN3	0	-0.2434515427188167	0.4169963025999178	0.7459775635594487	0.4711330569343029
height	annotated_credset_1952.txt	ENSG00000138185	ENTPD1	0	-0.5348573912780527	0.459745290216562	0.6354420772258893	0.7352196969008711
height	annotated_credset_1952.txt	ENSG00000270099	RP11-248J23.7	0	-0.5749629844516687	0.0799107928869065	0.5610953918781078	0.8038332198135002
height	annotated_credset_1952.txt	ENSG00000173088	C10orf131	0	-0.6511720014373635	0.2517753389283408	0.4066289846843668	0.823848501761131
height	annotated_credset_1952.txt	ENSG00000269948	RP11-248J23.6	0	-0.5739387978404932	0.0799107928869065	0.5610953918781078	0.8906261968821805
height	annotated_credset_1952.txt	ENSG00000188649	CC2D2B	0	-0.5380074135792742	0.8051998356711073	0.424880491256869	0.9593522057081978
height	annotated_credset_1952.txt	ENSG00000269920	RP11-690P14.4	0	-0.5590453256458215	0.0799107928869065	0.5610953918781078	0.9593392265643452
height	annotated_credset_1952.txt	ENSG00000107443	CCNJ	0	0.2434515427188167	1.0	0.710600566023461	1.0
height	annotated_credset_1952.txt	ENSG00000095585	BLNK	0	-0.5359108109568459	0.6639591525324254	0.4317742637472088	0.9237674896672996
height	annotated_credset_1952.txt	ENSG00000107447	DNTT	0	-0.7293678561218123	0.064659897881331	0.2522856485378204	0.7613450413701733
height	annotated_credset_1952.txt	ENSG00000197430	OPALIN	0	-0.7859485339381441	0.0	0.0263477750371148	0.7052636029106686
height	annotated_credset_1952.txt	ENSG00000095587	TLL2	0	-0.7784772851690703	0.2048359645519103	0.1617894066389831	0.6744165043545893
height	annotated_credset_1952.txt	ENSG00000077147	TM9SF3	0	-0.4962062639222367	0.2566230412582898	0.6928660636956385	0.4530456689336531
height	annotated_credset_1952.txt	ENSG00000155629	PIK3AP1	0	-0.8615564391149352	0.2049768178883736	0.0	0.3445933850293602
height	annotated_credset_1952.txt	ENSG00000196233	LCOR	0	-0.414103349736285	0.9024473267210515	0.7857555306402348	0.0
height	annotated_credset_1983.txt	ENSG00000066468	FGFR2	0	-0.2653935351031568	0.216002544413649	1.0	0.5592969504583003
height	annotated_credset_1983.txt	ENSG00000107669	ATE1	0	0.2653935351031568	1.0	0.366897979600249	1.0
height	annotated_credset_1983.txt	ENSG00000107672	NSMCE4A	0	-0.5620313166379348	0.3726657276568677	0.3691890079295895	0.903729507036704
height	annotated_credset_1983.txt	ENSG00000138162	TACC2	0	-0.5031123510920408	0.267867690490254	0.4997373911011504	0.8556875556024576
height	annotated_credset_1983.txt	ENSG00000138152	BTBD16	0	-0.6262907242278762	0.4995229224408197	0.2900041227652705	0.4332549731039579
height	annotated_credset_1983.txt	ENSG00000107679	PLEKHA1	0	-0.4464414905710124	0.9377754554954792	0.5820578747698549	0.2784489704629871
height	annotated_credset_1983.txt	ENSG00000254636	ARMS2	0	-0.6372676129319054	0.8688036712254078	0.2004056300480691	0.1587303919294193
height	annotated_credset_1983.txt	ENSG00000166033	HTRA1	1	-0.446425966359805	0.6710436639556545	0.587710475659616	0.1484410355043074
height	annotated_credset_1983.txt	ENSG00000187908	DMBT1	0	-0.7701749004977491	0.0	0.0	0.0
height	annotated_credset_1984.txt	ENSG00000107669	ATE1	0	-0.7685009376584218	1.0	0.6242835457177477	0.2196515125207549
height	annotated_credset_1984.txt	ENSG00000107672	NSMCE4A	0	-0.7787773928911377	0.6415395599402869	0.628181771841366	0.2961542545615062
height	annotated_credset_1984.txt	ENSG00000138162	TACC2	0	-0.5910600065385239	0.5816576880638671	0.8503122060913937	0.7565420072493502
height	annotated_credset_1984.txt	ENSG00000138152	BTBD16	0	-0.4102328751312818	0.7140260920360875	0.493447258090448	0.8943593500023124
height	annotated_credset_1984.txt	ENSG00000107679	PLEKHA1	0	0.0736909611924969	0.9644447329136108	0.9903819973883964	1.0
height	annotated_credset_1984.txt	ENSG00000254636	ARMS2	0	-0.3413368362753741	0.9250340754202634	0.3409938028127611	0.9136388095588046
height	annotated_credset_1984.txt	ENSG00000166033	HTRA1	1	-0.0736909611924969	0.8120334912702019	1.0	0.9023123953200928
height	annotated_credset_1984.txt	ENSG00000187908	DMBT1	0	-0.8351330264314496	0.4285973907963913	0.0	0.7389100804734866
height	annotated_credset_1984.txt	ENSG00000183559	C10orf120	0	-0.8658431037486742	0.2219030310897644	0.0946286200847888	0.5130344819679559
height	annotated_credset_1984.txt	ENSG00000138161	CUZD1	0	-0.8990750378037207	0.3310573116116051	0.4627801255861461	0.2914507901384445
height	annotated_credset_1984.txt	ENSG00000213185	FAM24B	0	-0.9564623525443976	0.2991004089050432	0.3480054961047926	0.2635484521513738
height	annotated_credset_1984.txt	ENSG00000203795	FAM24A	0	-1.0308128243971633	0.1755524112416434	0.1993045523992609	0.1619815684738226
height	annotated_credset_1984.txt	ENSG00000119965	C10orf88	0	-0.7884244552470201	0.0	0.4440979704633416	0.1286846795840592
height	annotated_credset_1984.txt	ENSG00000179988	PSTK	0	-0.8709646686129409	0.1748019731290971	0.3681145667417537	0.0899882951986585
height	annotated_credset_1984.txt	ENSG00000095574	IKZF5	0	-0.9066670025607616	0.3641980917764652	0.2967098988461122	0.0299526958614825
height	annotated_credset_1984.txt	ENSG00000196177	ACADSB	0	-0.8286762827208771	0.3779191276692412	0.3782853107319971	0.0
height	annotated_credset_2017.txt	ENSG00000148925	BTBD10	0	-0.6729394758222281	0.1382310375574849	0.0667542531153926	0.0
height	annotated_credset_2017.txt	ENSG00000152266	PTH	0	-0.7063166023799244	0.0	0.0	0.0494517062372551
height	annotated_credset_2017.txt	ENSG00000197601	FAR1	0	-0.5894129040967028	0.3073907859189091	0.2338073965664434	0.4046019982796268
height	annotated_credset_2017.txt	ENSG00000133818	RRAS2	0	0.1566560389109913	0.8521763531434859	0.443189192417647	1.0
height	annotated_credset_2017.txt	ENSG00000129083	COPB1	0	-0.3148739935620034	0.8363760284722983	0.6704463004758081	0.7510962867609463
height	annotated_credset_2017.txt	ENSG00000129084	PSMA1	0	-0.3261969652907702	1.0	0.6248900004966678	0.6753893397015213
height	annotated_credset_2017.txt	ENSG00000256206	PSMA1	0	-0.4511344012224513	0.8521763531434859	0.4017497191637011	0.6753893397015213
height	annotated_credset_2017.txt	ENSG00000152270	PDE3B	1	-0.1566560389109913	0.9318150863651976	1.0	0.4499061614624375
height	annotated_credset_2017.txt	ENSG00000186104	CYP2R1	0	-0.4189884494185384	0.658339215981094	0.4828535896675841	0.0975845599513964
height	annotated_credset_2017.txt	ENSG00000175868	CALCB	0	-0.7046007571713994	0.4090593624993734	0.0004551536662567	0.0569963848101875
height	annotated_credset_2018.txt	ENSG00000133818	RRAS2	0	-0.4164084031169732	0.7777659529181389	0.442935642533005	0.6290305361879271
height	annotated_credset_2018.txt	ENSG00000129083	COPB1	0	-0.331203749288657	0.7540121748754842	0.6702962345982068	0.8774470105945812
height	annotated_credset_2018.txt	ENSG00000129084	PSMA1	0	-0.0580546142014242	1.0	0.6247191900601478	1.0
height	annotated_credset_2018.txt	ENSG00000256206	PSMA1	0	-0.4140605635939933	0.7777659529181389	0.4014772993621678	0.9146890432723211
height	annotated_credset_2018.txt	ENSG00000152270	PDE3B	1	0.0580546142014242	0.8974926567621642	1.0	0.8591513490224628
height	annotated_credset_2018.txt	ENSG00000186104	CYP2R1	0	-0.33747322150473	0.4863564769486188	0.4826181013995812	0.4296975721916503
height	annotated_credset_2018.txt	ENSG00000175868	CALCB	0	-0.8312072275725626	0.1115959303563067	0.0	0.3802236113720312
height	annotated_credset_2018.txt	ENSG00000110680	CALCA	0	-0.9632717965749168	0.3599889319313781	0.3485313892246007	0.2671777189042014
height	annotated_credset_2018.txt	ENSG00000188487	INSC	0	-1.1126439234942531	0.0	0.0472511961693141	0.0
height	annotated_credset_2019.txt	ENSG00000133818	RRAS2	0	-0.512652291256698	0.7777659529181389	0.442935642533005	0.0
height	annotated_credset_2019.txt	ENSG00000129083	COPB1	0	-0.5794742907181767	0.7540121748754842	0.6702962345982068	0.3400237992408444
height	annotated_credset_2019.txt	ENSG00000129084	PSMA1	0	-0.4515763701351858	1.0	0.6247191900601478	0.7003379775702484
height	annotated_credset_2019.txt	ENSG00000256206	PSMA1	0	-0.6027693159877159	0.7777659529181389	0.4014772993621678	0.3909993936444884
height	annotated_credset_2019.txt	ENSG00000152270	PDE3B	1	0.4515763701351858	0.8974926567621642	1.0	1.0
height	annotated_credset_2019.txt	ENSG00000186104	CYP2R1	0	-0.4681806344628751	0.4863564769486188	0.4826181013995812	0.7116198896556785
height	annotated_credset_2019.txt	ENSG00000175868	CALCB	0	-0.9088544069377208	0.1115959303563067	0.0	0.6439016589644175
height	annotated_credset_2019.txt	ENSG00000110680	CALCA	0	-0.895298242440548	0.3599889319313781	0.3485313892246007	0.4891683871985501
height	annotated_credset_2019.txt	ENSG00000188487	INSC	0	-1.0611945650309658	0.0	0.0472511961693141	0.123464851346922
height	annotated_credset_2020.txt	ENSG00000133818	RRAS2	0	-0.8899745180194696	0.7777659529181389	0.442935642533005	0.0
height	annotated_credset_2020.txt	ENSG00000129083	COPB1	0	-0.7044348622456578	0.7540121748754842	0.6702962345982068	0.2848175990550785
height	annotated_credset_2020.txt	ENSG00000129084	PSMA1	0	-0.3072763563545919	1.0	0.6247191900601478	0.5866312350605812
height	annotated_credset_2020.txt	ENSG00000256206	PSMA1	0	-0.6277599044143058	0.7777659529181389	0.4014772993621678	0.3275168055249395
height	annotated_credset_2020.txt	ENSG00000152270	PDE3B	1	0.3072763563545919	0.8974926567621642	1.0	1.0
height	annotated_credset_2020.txt	ENSG00000186104	CYP2R1	0	-0.5662931282163084	0.4863564769486188	0.4826181013995812	0.9208010424038936
height	annotated_credset_2020.txt	ENSG00000175868	CALCB	0	-0.6427717326728128	0.1115959303563067	0.0	0.8640775309296825
height	annotated_credset_2020.txt	ENSG00000110680	CALCA	0	-0.7032558320668603	0.3599889319313781	0.3485313892246007	0.7344667241076716
height	annotated_credset_2020.txt	ENSG00000188487	INSC	0	-0.9022307059496976	0.0	0.0472511961693141	0.4281387456550918
height	annotated_credset_2046.txt	ENSG00000110497	AMBRA1	0	-0.6088934697898385	0.3960084858961263	0.5777445983654378	0.0
height	annotated_credset_2046.txt	ENSG00000180423	HARBI1	0	-0.8020181445926107	0.1794740839684659	0.3011067599903618	0.0330125048615339
height	annotated_credset_2046.txt	ENSG00000175224	ATG13	0	-0.6987650940786452	0.3120662109426154	0.5076128610182931	0.1120029454587856
height	annotated_credset_2046.txt	ENSG00000175220	ARHGAP1	0	-0.5079636906527853	0.6051439197506612	0.6383950311207454	0.1478095207998969
height	annotated_credset_2046.txt	ENSG00000175213	ZNF408	0	-0.5940658484461878	0.6690107645163824	0.5137909848515673	0.155161826478149
height	annotated_credset_2046.txt	ENSG00000180210	F2	0	-0.6310267919797203	0.5599512846703858	0.5329746523651906	0.2017907403832268
height	annotated_credset_2046.txt	ENSG00000175216	CKAP5	0	-0.4112645917438582	0.6072784893009612	0.4976519745135505	0.3500180531425638
height	annotated_credset_2046.txt	ENSG00000134569	LRP4	0	-0.6015166669889445	0.5804195804195804	0.5997332541686418	0.4504352528025257
height	annotated_credset_2046.txt	ENSG00000149179	C11orf49	0	-0.3961456855518925	0.6048296273015373	0.4425986396654263	0.7915297693761861
height	annotated_credset_2046.txt	ENSG00000149182	ARFGAP2	0	-0.3958586922726987	0.6461197978051909	0.5233282372620219	0.8092130569617875
height	annotated_credset_2046.txt	ENSG00000165912	PACSIN3	0	-0.439934783428636	0.499764280663157	0.4186219377473886	0.8221465635334227
height	annotated_credset_2046.txt	ENSG00000134574	DDB2	0	-0.3130324916458025	0.8385453497813048	0.518981039059027	0.8953961817245483
height	annotated_credset_2046.txt	ENSG00000134575	ACP2	0	-0.3485872970222683	0.7073282522720724	0.6728761013102458	0.908846029189578
height	annotated_credset_2046.txt	ENSG00000025434	NR1H3	0	-0.248695525543563	0.6689060003666745	0.6002902595020315	0.9365216234728828
height	annotated_credset_2046.txt	ENSG00000110514	MADD	0	-0.3546880794563942	0.8364238757497184	0.2627074362985617	1.0
height	annotated_credset_2046.txt	ENSG00000134571	MYBPC3	0	-0.2461766711244788	0.8802676724025038	0.2191416070273339	0.976642885581842
height	annotated_credset_2046.txt	ENSG00000066336	SPI1	0	-0.4888846213647428	0.6689060003666745	0.3884116806678995	0.9440884250612224
height	annotated_credset_2046.txt	ENSG00000165915	SLC39A13	0	0.1762764320696179	0.8816296063487074	1.0	0.8715342014603938
height	annotated_credset_2046.txt	ENSG00000165916	PSMC3	0	-0.2137203448653499	0.884314187684974	0.7441668312619002	0.8553818923839698
height	annotated_credset_2046.txt	ENSG00000165917	RAPSN	0	-0.6256947035667944	0.6689060003666745	0.2252737321451439	0.8290262986103907
height	annotated_credset_2046.txt	ENSG00000149187	CELF1	0	-0.2297677250532113	0.7823917655378329	0.8494169080748982	0.7899009838173819
height	annotated_credset_2046.txt	ENSG00000213619	NDUFS3	0	-0.5264741424487462	0.7077734999083313	0.3499438544727929	0.6519435803866057
height	annotated_credset_2046.txt	ENSG00000110536	PTPMT1	0	-0.5946318926428438	0.7061627511065713	0.3727913522840608	0.6518131071501029
height	annotated_credset_2046.txt	ENSG00000123444	KBTBD4	0	-0.7336700485790446	0.3385322542625912	0.2561053449770889	0.6424204221350507
height	annotated_credset_2046.txt	ENSG00000231880	KBTBD4	0	-0.8598422541295703	0.0	0.0	0.6347474854181587
height	annotated_credset_2046.txt	ENSG00000196666	FAM180B	0	-0.8278248164732225	0.1699798329011812	0.050624187866101	0.6223650200687749
height	annotated_credset_2046.txt	ENSG00000172247	C1QTNF4	0	-0.3787144564526004	0.8659018883737983	0.4348545056856657	0.6181759963691402
height	annotated_credset_2046.txt	ENSG00000109919	MTCH2	0	-0.4292780118003725	0.8110578560016761	0.3632924908916108	0.579796044639983
height	annotated_credset_2046.txt	ENSG00000165923	AGBL2	0	-0.699372487702171	0.7927896073963488	0.1570256868388682	0.5211164005293957
height	annotated_credset_2046.txt	ENSG00000109920	FNBP4	0	-0.5086224576241702	0.7864644718577303	0.5311345326241422	0.4420981996690583
height	annotated_credset_2046.txt	ENSG00000030066	NUP160	0	-0.4019859677397661	0.7534768602184332	0.464496947970343	0.3566423937991432
height	annotated_credset_2046.txt	ENSG00000149177	PTPRJ	1	-0.1762764320696179	1.0	0.6575043734213571	0.075605818398276
height	annotated_credset_2048.txt	ENSG00000149179	C11orf49	0	-0.474068057633364	0.6048296273015373	0.5404287867234647	0.057158328506621
height	annotated_credset_2048.txt	ENSG00000149182	ARFGAP2	0	-0.4109628776626428	0.6461197978051909	0.6069894407780663	0.0777659234506146
height	annotated_credset_2048.txt	ENSG00000165912	PACSIN3	0	-0.5883220790328196	0.499764280663157	0.520660263043816	0.0928382601608291
height	annotated_credset_2048.txt	ENSG00000134574	DDB2	0	-0.4962725373344661	0.8385453497813048	0.6034052242786577	0.1782012592172949
height	annotated_credset_2048.txt	ENSG00000134575	ACP2	0	-0.4368768335037425	0.7073282522720724	0.7302899890262864	0.193875324759469
height	annotated_credset_2048.txt	ENSG00000025434	NR1H3	0	-0.4667999425597349	0.6689060003666745	0.670443770914302	0.2261276666423801
height	annotated_credset_2048.txt	ENSG00000110514	MADD	0	-0.6019199028886892	0.8364238757497184	0.3921104931702115	0.32509911909475
height	annotated_credset_2048.txt	ENSG00000134571	MYBPC3	0	-0.6198796733883152	0.8802676724025038	0.3561909521709596	0.3617706092811926
height	annotated_credset_2048.txt	ENSG00000066336	SPI1	0	-0.5541457067355371	0.6689060003666745	0.4957522425626975	0.4036231141148574
height	annotated_credset_2048.txt	ENSG00000165915	SLC39A13	0	-0.1138405469271031	0.8816296063487074	1.0	0.464960633759774
height	annotated_credset_2048.txt	ENSG00000165916	PSMC3	0	-0.4026823006363671	0.884314187684974	0.7890684018374535	0.4810487922615762
height	annotated_credset_2048.txt	ENSG00000165917	RAPSN	0	-0.6203545017527039	0.6689060003666745	0.3612468210311716	0.517827040789173
height	annotated_credset_2048.txt	ENSG00000149187	CELF1	0	-0.0039388758963787	0.7823917655378329	0.8758459178976304	0.7060953754144759
height	annotated_credset_2048.txt	ENSG00000213619	NDUFS3	0	-0.3713260756137146	0.7077734999083313	0.464035948318305	0.7368175144075112
height	annotated_credset_2048.txt	ENSG00000110536	PTPMT1	0	-0.3634351081332687	0.7061627511065713	0.4828734557889627	0.7188610849355117
height	annotated_credset_2048.txt	ENSG00000123444	KBTBD4	0	-0.3879959798574606	0.3385322542625912	0.3866671424095486	0.7278449610986939
height	annotated_credset_2048.txt	ENSG00000231880	KBTBD4	0	-0.7524380272206392	0.0	0.1755111379694461	0.7266415034347746
height	annotated_credset_2048.txt	ENSG00000196666	FAM180B	0	-0.4755899034086173	0.1699798329011812	0.2172502170143888	0.7443100088957826
height	annotated_credset_2048.txt	ENSG00000172247	C1QTNF4	0	-0.4861367382302182	0.8659018883737983	0.5340438345110796	0.7531499230534691
height	annotated_credset_2048.txt	ENSG00000109919	MTCH2	0	-0.416549826733795	0.8110578560016761	0.4750417503689157	0.8307341211612954
height	annotated_credset_2048.txt	ENSG00000165923	AGBL2	0	-0.6256304010400842	0.7927896073963488	0.3049770678207907	0.948436809834344
height	annotated_credset_2048.txt	ENSG00000109920	FNBP4	0	-0.0911547051482608	0.7864644718577303	0.6134256443578553	1.0
height	annotated_credset_2048.txt	ENSG00000030066	NUP160	0	0.0039388758963787	0.7534768602184332	0.5584836980181797	0.9501460011704824
height	annotated_credset_2048.txt	ENSG00000149177	PTPRJ	1	-0.4174777088045458	1.0	0.7176161705917332	0.6226340562183508
height	annotated_credset_2048.txt	ENSG00000175619	OR4B1	0	-0.806344977184277	0.4866294753935203	0.0846144667409012	0.2405184548671302
height	annotated_credset_2048.txt	ENSG00000172208	OR4X2	0	-0.7865987453832802	0.4888295225373877	0.1241069303428948	0.1948000040431871
height	annotated_credset_2048.txt	ENSG00000176567	OR4X1	0	-0.7610784622165383	0.5895995390377412	0.1680743326901727	0.1643819645673787
height	annotated_credset_2048.txt	ENSG00000176555	OR4S1	0	-0.7857643612587526	0.1147298394489405	0.1257756985919499	0.0958592850526647
height	annotated_credset_2048.txt	ENSG00000176547	OR4C3	0	-0.8486522105547276	0.0308923286451376	0.0	0.0656159410441993
height	annotated_credset_2048.txt	ENSG00000176540	OR4C5	0	-0.7512955107480808	0.6689060003666745	0.0960875012520877	0.0
height	annotated_credset_2051.txt	ENSG00000149187	CELF1	0	0.0307026631958537	0.7823917655378329	1.0	0.0
height	annotated_credset_2051.txt	ENSG00000213619	NDUFS3	0	-0.2141032133328255	0.7077734999083313	0.5298145927678365	0.027910319014961
height	annotated_credset_2051.txt	ENSG00000110536	PTPMT1	0	-0.2002560771740344	0.7061627511065713	0.5513223797948914	0.0115973378437357
height	annotated_credset_2051.txt	ENSG00000123444	KBTBD4	0	-0.3138994400236483	0.3385322542625912	0.4414785003938816	0.0197589716987925
height	annotated_credset_2051.txt	ENSG00000231880	KBTBD4	0	-0.4344434764375866	0.0	0.2003904275660048	0.0186656595655259
height	annotated_credset_2051.txt	ENSG00000196666	FAM180B	0	-0.4106156100332236	0.1699798329011812	0.2480461603747306	0.0347170687478784
height	annotated_credset_2051.txt	ENSG00000172247	C1QTNF4	0	-0.169471254461087	0.8659018883737983	0.6097463304881203	0.0427479166084987
height	annotated_credset_2051.txt	ENSG00000109919	MTCH2	0	-0.2031541677089969	0.8110578560016761	0.5423805039923004	0.113231281070858
height	annotated_credset_2051.txt	ENSG00000165923	AGBL2	0	-0.3002401271642549	0.7927896073963488	0.3482085850817845	0.220161322319879
height	annotated_credset_2051.txt	ENSG00000109920	FNBP4	0	-0.1241540312916722	0.7864644718577303	0.7003807768269498	0.2966549645040933
height	annotated_credset_2051.txt	ENSG00000030066	NUP160	0	-0.160185196607586	0.7534768602184332	0.6376506262183158	0.4158494991190314
height	annotated_credset_2051.txt	ENSG00000149177	PTPRJ	1	-0.0324444288122147	1.0	0.819340657902808	0.8854491029403336
height	annotated_credset_2051.txt	ENSG00000175619	OR4B1	0	-0.4628909240592436	0.4866294753935203	0.0966088498123149	0.9584012367358756
height	annotated_credset_2051.txt	ENSG00000172208	OR4X2	0	-0.0307026631958537	0.4888295225373877	0.1416995019407061	1.0
height	annotated_credset_2051.txt	ENSG00000176567	OR4X1	0	-0.2771789843698662	0.5895995390377412	0.1918994303171683	0.9995341667389174
height	annotated_credset_2051.txt	ENSG00000176555	OR4S1	0	-0.4456156620505627	0.1147298394489405	0.1436048236587782	0.9372829723982772
height	annotated_credset_2051.txt	ENSG00000176547	OR4C3	0	-0.5245851747863239	0.0308923286451376	0.0	0.909807627027734
height	annotated_credset_2051.txt	ENSG00000176540	OR4C5	0	-0.4149858648611386	0.6689060003666745	0.1097082252580853	0.8501971341702658
height	annotated_credset_2051.txt	ENSG00000237388	OR4A47	0	-0.4345513648945851	0.6386291611010712	0.098508915407257	0.6691070255591102
height	annotated_credset_2052.txt	ENSG00000165923	AGBL2	0	-0.4011120904839599	0.7861843438779508	0.4249863371519515	0.0
height	annotated_credset_2052.txt	ENSG00000109920	FNBP4	0	-0.1915278452644052	0.7796575814494007	0.8548102307282676	0.079950727718423
height	annotated_credset_2052.txt	ENSG00000030066	NUP160	0	-0.2347342072450763	0.7456184208748293	0.7782484856182438	0.2045321897904392
height	annotated_credset_2052.txt	ENSG00000149177	PTPRJ	1	0.1915278452644052	1.0	1.0	0.6953550737548304
height	annotated_credset_2052.txt	ENSG00000175619	OR4B1	0	-0.302386950178371	0.4702647189978785	0.117910479457465	0.7716042366789745
height	annotated_credset_2052.txt	ENSG00000172208	OR4X2	0	-0.585918198035719	0.4725348972338959	0.1729433301935748	0.815083031781236
height	annotated_credset_2052.txt	ENSG00000176567	OR4X1	0	-0.3615990369175016	0.5765171682229099	0.2342120197090621	0.8438170044664525
height	annotated_credset_2052.txt	ENSG00000176555	OR4S1	0	-0.5847554815882349	0.0865100063510938	0.175268763088543	0.9089000362476884
height	annotated_credset_2052.txt	ENSG00000176547	OR4C3	0	-0.6723898631325064	0.0	0.0	0.9377799212380736
height	annotated_credset_2052.txt	ENSG00000176540	OR4C5	0	-0.3699918151997728	0.658351688445063	0.1338981828863412	1.0
height	annotated_credset_2052.txt	ENSG00000237388	OR4A47	0	-0.4984532503604039	0.6271097117684418	0.1202294972879795	0.9675791380626838
height	annotated_credset_2052.txt	ENSG00000182053	TRIM49B	0	-0.6291964332794299	0.324621974784806	0.1028348806412115	0.1378219361384845
height	annotated_credset_2052.txt	ENSG00000214891	TRIM64C	0	-0.5912620269002679	0.5286947826439468	0.1787036933995355	0.099789509816519
height	annotated_credset_2053.txt	ENSG00000149177	PTPRJ	1	-0.1337563683743698	1.0	1.0	0.5207782245357314
height	annotated_credset_2053.txt	ENSG00000175619	OR4B1	0	-0.6262995417315749	0.4702647189978785	0.117910479457465	0.5962344364040798
height	annotated_credset_2053.txt	ENSG00000172208	OR4X2	0	-0.7962957430114692	0.4725348972338959	0.1729433301935748	0.6392610749821397
height	annotated_credset_2053.txt	ENSG00000176567	OR4X1	0	-0.5400422013619408	0.5765171682229099	0.2342120197090621	0.6676962295150753
height	annotated_credset_2053.txt	ENSG00000176555	OR4S1	0	-0.7967118343947956	0.0865100063510938	0.175268763088543	0.7321024321117515
height	annotated_credset_2053.txt	ENSG00000176547	OR4C3	0	-0.8823613216634019	0.0	0.0	0.7606819815388838
height	annotated_credset_2053.txt	ENSG00000176540	OR4C5	0	-0.7814596364168255	0.658351688445063	0.1338981828863412	0.8222550043167984
height	annotated_credset_2053.txt	ENSG00000237388	OR4A47	0	-0.4024803257469207	0.6271097117684418	0.1202294972879795	1.0
height	annotated_credset_2053.txt	ENSG00000182053	TRIM49B	0	-0.8391160357693708	0.324621974784806	0.1028348806412115	0.1788718350919111
height	annotated_credset_2053.txt	ENSG00000214891	TRIM64C	0	-0.8011816293902088	0.5286947826439468	0.1787036933995355	0.141234925933019
height	annotated_credset_2053.txt	ENSG00000086205	FOLH1	0	0.1337563683743698	0.7322811237382268	0.4029365738850528	0.0
height	annotated_credset_2054.txt	ENSG00000030066	NUP160	0	-0.3608929521529249	0.7456184208748293	0.7782484856182438	0.0
height	annotated_credset_2054.txt	ENSG00000149177	PTPRJ	1	0.0140248248820082	1.0	1.0	0.4983632890171157
height	annotated_credset_2054.txt	ENSG00000175619	OR4B1	0	-0.4585662896830824	0.4702647189978785	0.117910479457465	0.5757838512222698
height	annotated_credset_2054.txt	ENSG00000172208	OR4X2	0	-0.7172928261985725	0.4725348972338959	0.1729433301935748	0.6199306015829077
height	annotated_credset_2054.txt	ENSG00000176567	OR4X1	0	-0.6831813848832116	0.5765171682229099	0.2342120197090621	0.6491060080315022
height	annotated_credset_2054.txt	ENSG00000176555	OR4S1	0	-0.7117207965491841	0.0865100063510938	0.175268763088543	0.7151888962532652
height	annotated_credset_2054.txt	ENSG00000176547	OR4C3	0	-0.7993551780934556	0.0	0.0	0.7445124566259893
height	annotated_credset_2054.txt	ENSG00000176540	OR4C5	0	-0.6884496280817121	0.658351688445063	0.1338981828863412	0.8076884089048306
height	annotated_credset_2054.txt	ENSG00000237388	OR4A47	0	-0.2827778077606231	0.6271097117684418	0.1202294972879795	1.0
height	annotated_credset_2054.txt	ENSG00000182053	TRIM49B	0	-0.7562346447209394	0.324621974784806	0.1028348806412115	0.3285331509750885
height	annotated_credset_2054.txt	ENSG00000214891	TRIM64C	0	-0.7183002383417774	0.5286947826439468	0.1787036933995355	0.2899164407719617
height	annotated_credset_2054.txt	ENSG00000086205	FOLH1	0	-0.0140248248820082	0.7322811237382268	0.4029365738850528	0.1450047483083179
height	annotated_credset_2055.txt	ENSG00000149177	PTPRJ	1	0.0991268121365928	1.0	1.0	0.0
height	annotated_credset_2055.txt	ENSG00000175619	OR4B1	0	-0.4230354589302679	0.4702647189978785	0.117910479457465	0.1543359178267871
height	annotated_credset_2055.txt	ENSG00000172208	OR4X2	0	-0.3955190335622131	0.4725348972338959	0.1729433301935748	0.2423413396671039
height	annotated_credset_2055.txt	ENSG00000176567	OR4X1	0	-0.3603916906813004	0.5765171682229099	0.2342120197090621	0.3005017689375804
height	annotated_credset_2055.txt	ENSG00000176555	OR4S1	0	-0.3943563171147289	0.0865100063510938	0.175268763088543	0.4322363225994988
height	annotated_credset_2055.txt	ENSG00000176547	OR4C3	0	-0.4819906986590004	0.0	0.0	0.490692092942281
height	annotated_credset_2055.txt	ENSG00000176540	OR4C5	0	-0.3548404391555272	0.658351688445063	0.1338981828863412	0.6166317438802221
height	annotated_credset_2055.txt	ENSG00000237388	OR4A47	0	-0.0991268121365928	0.6271097117684418	0.1202294972879795	1.0
height	annotated_credset_2055.txt	ENSG00000182053	TRIM49B	0	-0.4305732583383946	0.324621974784806	0.1028348806412115	0.5066509767885955
height	annotated_credset_2055.txt	ENSG00000214891	TRIM64C	0	-0.3926388519592326	0.5286947826439468	0.1787036933995355	0.4296695490787634
height	annotated_credset_2055.txt	ENSG00000086205	FOLH1	0	-0.2191534694557319	0.7322811237382268	0.4029365738850528	0.1407917829764572
height	annotated_credset_2089.txt	ENSG00000172769	OR5B3	0	-0.6754314036753929	0.7283620378155937	0.1172272717434611	0.0
height	annotated_credset_2089.txt	ENSG00000172365	OR5B2	0	-0.6380356396399822	0.9243071622207116	0.1898420381870853	0.0310942669945228
height	annotated_credset_2089.txt	ENSG00000172362	OR5B12	0	-0.6273986540942506	0.8491794519633046	0.2111160092785485	0.0574331607609846
height	annotated_credset_2089.txt	ENSG00000198283	OR5B21	0	-0.6750226258515144	0.17158641570438	0.1967479924455395	0.1635573441146788
height	annotated_credset_2089.txt	ENSG00000110031	LPXN	0	-0.4406974127384143	0.8435795519737508	0.5045080778666858	0.273091836192702
height	annotated_credset_2089.txt	ENSG00000186660	ZFP91	0	-0.2692750558911435	0.9244099126792352	0.8473527915612277	0.3399888770507938
height	annotated_credset_2089.txt	ENSG00000255073	ZFP91-CNTF	0	-0.4126548288591839	0.1399957872312005	0.6243395787474	0.345608153496699
height	annotated_credset_2089.txt	ENSG00000269570	AP001350.1	0	-0.461226832700584	0.1399957872312005	0.6243395787474	0.3247479370990973
height	annotated_credset_2089.txt	ENSG00000242689	CNTF	0	-0.5416384071393686	0.5756748564490468	0.3757597961112862	0.3473047156930441
height	annotated_credset_2089.txt	ENSG00000149124	GLYAT	0	-0.5802011599286575	0.7707466019567112	0.3043001888557675	0.5132881749927357
height	annotated_credset_2089.txt	ENSG00000156689	GLYATL2	0	-0.5570362833003817	0.3047236098291089	0.1889106199077292	0.7823651264298145
height	annotated_credset_2089.txt	ENSG00000166840	GLYATL1	0	0.1390646804696699	0.4355061059459978	0.3040659862066826	1.0
height	annotated_credset_2089.txt	ENSG00000224130	AP001652.1	0	-0.4524574397333599	0.1399957872312005	0.6243395787474	0.7892123014819142
height	annotated_credset_2089.txt	ENSG00000189057	FAM111B	0	-0.3250180923659035	0.4459866527154377	0.4104778102254772	0.9583776397075344
height	annotated_credset_2089.txt	ENSG00000166801	FAM111A	1	-0.1517466002743156	0.3814422396859945	0.3639651169947123	0.9028206955191193
height	annotated_credset_2089.txt	ENSG00000110042	DTX4	0	-0.3826009469932457	0.246739813576418	0.2827834430575846	0.8580133318767907
height	annotated_credset_2089.txt	ENSG00000197629	MPEG1	0	-0.5936025489694258	0.0	0.0	0.8000865121341808
height	annotated_credset_2089.txt	ENSG00000176495	OR5AN1	0	-0.7351056690473129	0.467033371636421	0.0727173793052853	0.556534542028669
height	annotated_credset_2089.txt	ENSG00000172324	OR5A2	0	-0.5371217761070162	0.4089279873411435	0.1563801915835838	0.4666589253454949
height	annotated_credset_2089.txt	ENSG00000172320	OR5A1	0	-0.709359336954925	0.4125927536951634	0.042647166788706	0.4335384694295544
height	annotated_credset_2089.txt	ENSG00000166884	OR4D6	0	-0.7317842771123847	0.4263784402137895	0.083224689923799	0.4119893175544314
height	annotated_credset_2089.txt	ENSG00000254466	OR4D10	0	-0.743067612990165	0.3810997381575815	0.0606580181682382	0.380065516005342
height	annotated_credset_2089.txt	ENSG00000176200	OR4D11	0	-0.6586331206205913	0.2770135236728494	0.2295270029073857	0.3391308758296244
height	annotated_credset_2089.txt	ENSG00000172742	OR4D9	0	-0.625547394741551	0.1973853433320946	0.2956984546654664	0.3214200787578345
height	annotated_credset_2089.txt	ENSG00000110048	OSBP	0	-0.285409400929414	1.0	0.8153902309402529	0.2284918998908131
height	annotated_credset_2089.txt	ENSG00000166889	PATL1	0	-0.1390646804696699	0.9903243318223308	1.0	0.1311379745208032
height	annotated_credset_2089.txt	ENSG00000172289	OR10V1	0	-0.6482598386211426	0.8747300659829195	0.1650965029643276	0.0122427083355061
height	annotated_credset_2089.txt	ENSG00000166900	STX3	0	-0.2958895463256655	0.9776517752710472	0.72693828956639	0.0112538281602884
height	annotated_credset_2090.txt	ENSG00000149124	GLYAT	0	-0.2966809976198719	0.7707466019567112	0.3419910718962944	0.0017448431566123
height	annotated_credset_2090.txt	ENSG00000156689	GLYATL2	0	-0.4201117784855515	0.3047236098291089	0.232852956057269	0.2385718960628968
height	annotated_credset_2090.txt	ENSG00000166840	GLYATL1	0	-0.3656534776998017	0.4355061059459978	0.3417695576287686	0.4301224002661951
height	annotated_credset_2090.txt	ENSG00000224130	AP001652.1	0	-0.2141924021383272	0.1399957872312005	0.6446917087517178	0.2445984110789978
height	annotated_credset_2090.txt	ENSG00000189057	FAM111B	0	-0.3144590366170525	0.4459866527154377	0.4424163152367719	0.5454594203655784
height	annotated_credset_2090.txt	ENSG00000166801	FAM111A	1	-0.33449514810976	0.3814422396859945	0.3984235371366109	0.5834486020630123
height	annotated_credset_2090.txt	ENSG00000110042	DTX4	0	-0.3725633639542083	0.246739813576418	0.3216400374240326	0.6570757583674098
height	annotated_credset_2090.txt	ENSG00000197629	MPEG1	0	-0.5062949154589849	0.0	0.0541769344144795	0.6630761488602833
height	annotated_credset_2090.txt	ENSG00000176495	OR5AN1	0	-0.4671597102875855	0.467033371636421	0.1229547090303496	0.872755697208526
height	annotated_credset_2090.txt	ENSG00000172324	OR5A2	0	-0.4211314314437278	0.4089279873411435	0.2020849266149157	0.951855253641621
height	annotated_credset_2090.txt	ENSG00000172320	OR5A1	0	-0.4559783106976978	0.4125927536951634	0.0945136084451104	0.9810294712121505
height	annotated_credset_2090.txt	ENSG00000166884	OR4D6	0	-0.0536884608099716	0.4263784402137895	0.1328927657706115	1.0
height	annotated_credset_2090.txt	ENSG00000254466	OR4D10	0	-0.4102840431163044	0.3810997381575815	0.1115486871107048	0.9953168354677528
height	annotated_credset_2090.txt	ENSG00000176200	OR4D11	0	-0.3587018266950768	0.2770135236728494	0.2712688679389998	0.9592883679872842
height	annotated_credset_2090.txt	ENSG00000172742	OR4D9	0	-0.3552462181036495	0.1973853433320946	0.333855353295072	0.943700277469936
height	annotated_credset_2090.txt	ENSG00000110048	OSBP	0	-0.02987168897379	1.0	0.8253918222908749	0.8619098951444136
height	annotated_credset_2090.txt	ENSG00000166889	PATL1	0	0.02987168897379	0.9903243318223308	1.0	0.7762242089081874
height	annotated_credset_2090.txt	ENSG00000172289	OR10V1	0	-0.3665075638430681	0.8747300659829195	0.2103290149656488	0.6715789936833653
height	annotated_credset_2090.txt	ENSG00000166900	STX3	0	-0.1017801624589833	0.9776517752710472	0.7417319359436573	0.6707086345674191
height	annotated_credset_2090.txt	ENSG00000166902	MRPL16	0	-0.1615800746095168	0.9891084513964644	0.6274421702363405	0.5432773351886329
height	annotated_credset_2090.txt	ENSG00000134812	GIF	0	-0.353301204215817	0.9627529587850788	0.2439999110237399	0.5114700406717577
height	annotated_credset_2090.txt	ENSG00000134827	TCN1	0	-0.5365382565141861	0.2861788645731832	0.0	0.4791141311671062
height	annotated_credset_2090.txt	ENSG00000214788	OOSP1	0	-0.4600918736260537	0.2095475726060427	0.1528927657762648	0.3613406555330365
height	annotated_credset_2090.txt	ENSG00000149507	OOSP2	0	-0.357243093827178	0.6401336440963867	0.2625212278550954	0.2213407105320328
height	annotated_credset_2090.txt	ENSG00000149516	MS4A3	0	-0.4485696491637194	0.5060614207990903	0.1759372147009332	0.1989121198538126
height	annotated_credset_2090.txt	ENSG00000149534	MS4A2	0	-0.4704514680993426	0.4488465404776869	0.132173576829687	0.1553611646587449
height	annotated_credset_2090.txt	ENSG00000110077	MS4A6A	0	-0.3331658392674692	0.5035440345652542	0.4067448344934338	0.0407611311093572
height	annotated_credset_2090.txt	ENSG00000214787	MS4A4E	0	-0.3553632417155417	0.6775176859226735	0.2172077127790516	0.0
height	annotated_credset_2099.txt	ENSG00000149781	FERMT3	0	-0.4970160625300092	0.0989896357749837	0.1211005340712669	0.0
height	annotated_credset_2099.txt	ENSG00000149743	TRPT1	0	-0.3637297795896147	0.197767169298502	0.3911568722298881	0.0032212329771689
height	annotated_credset_2099.txt	ENSG00000149761	NUDT22	0	-0.3982446318548874	0.0	0.3221271676993422	0.0092399954370392
height	annotated_credset_2099.txt	ENSG00000110011	DNAJC4	0	-0.425798261999441	0.1090947930412281	0.2670199074102352	0.0141288819116632
height	annotated_credset_2099.txt	ENSG00000173511	VEGFB	0	-0.4472663581128767	0.2099509286291074	0.2240837151833638	0.0202413480289639
height	annotated_credset_2099.txt	ENSG00000173486	FKBP2	0	-0.3530324634018466	0.0976700567676525	0.4125515046054243	0.0274999864197597
height	annotated_credset_2099.txt	ENSG00000173457	PPP1R14B	0	-0.4040135272032484	0.2757314118889372	0.3105893770026206	0.0313146758939872
height	annotated_credset_2099.txt	ENSG00000149782	PLCB3	0	-0.3932679212161208	0.1469186845418364	0.3320805889768755	0.0614750313703548
height	annotated_credset_2099.txt	ENSG00000002330	BAD	0	-0.3072790923249396	0.1875150554723138	0.5040582467592379	0.0825977369887718
height	annotated_credset_2099.txt	ENSG00000173264	GPR137	0	-0.3750647663927325	0.16519886858599	0.3684868986236523	0.0891108201921875
height	annotated_credset_2099.txt	ENSG00000182450	KCNK4	0	-0.52156093289616	0.1932221210528149	0.0754945656167974	0.1034121711544833
height	annotated_credset_2099.txt	ENSG00000219435	TEX40	0	-0.4681509974481613	0.049768278290274	0.1823144365127947	0.1098478469887175
height	annotated_credset_2099.txt	ENSG00000173153	ESRRA	0	-0.3504231286260199	0.3266662525622709	0.4177701741570774	0.1261074685889044
height	annotated_credset_2099.txt	ENSG00000173113	TRMT112	0	-0.3190548726508188	0.1634444799631547	0.4805066861074799	0.1279285788007018
height	annotated_credset_2099.txt	ENSG00000126432	PRDX5	0	-0.4302386247314577	0.1072964689520179	0.258139181946202	0.1329899343259583
height	annotated_credset_2099.txt	ENSG00000168071	CCDC88B	0	-0.4947694622888282	0.3714349777822892	0.1290775068314608	0.1815026264184561
height	annotated_credset_2099.txt	ENSG00000162302	RPS6KA4	0	-0.4346215768021187	0.3393923876501949	0.24937327780488	0.2014397770667767
height	annotated_credset_2099.txt	ENSG00000181908	AP003774.4	0	-0.4737313246065971	0.0676288028797425	0.1711537821959229	0.3093198472494581
height	annotated_credset_2099.txt	ENSG00000168065	SLC22A11	0	-0.530041694233934	0.3181215618603791	0.0585330429412492	0.4739408770662335
height	annotated_credset_2099.txt	ENSG00000197891	SLC22A12	0	-0.5438362497489703	0.3870850939082718	0.0309439319111767	0.5139659190291758
height	annotated_credset_2099.txt	ENSG00000110076	NRXN2	0	-0.4796635522310991	0.4148553386894202	0.1479634907652786	0.6780695416940535
height	annotated_credset_2099.txt	ENSG00000068831	RASGRP2	0	-0.3942824003105446	0.6261394814705957	0.2722007930805086	0.7083100205876441
height	annotated_credset_2099.txt	ENSG00000068976	PYGM	0	-0.3699505792649152	0.6767713189275504	0.2672128638979634	0.7284644550792815
height	annotated_credset_2099.txt	ENSG00000168066	SF1	0	-0.0272119642047322	0.7065413849368011	0.5679709606412544	0.7535729611985377
height	annotated_credset_2099.txt	ENSG00000168067	MAP4K2	0	-0.0679669161668691	0.7011782280068902	0.4831818475800176	0.7867834386254624
height	annotated_credset_2099.txt	ENSG00000133895	MEN1	0	-0.1658030235102404	0.5289966502994429	0.4916772373396863	0.7977196060643921
height	annotated_credset_2099.txt	ENSG00000171219	CDC42BPG	0	-0.427996043393256	0.4738197645968011	0.2479689929838112	0.8429078553541455
height	annotated_credset_2099.txt	ENSG00000110047	EHD1	0	-0.3848410476700498	0.2847003070937598	0.3342789844302239	0.9022901717085572
height	annotated_credset_2099.txt	ENSG00000110046	ATG2A	0	-0.2351633898727151	0.2429313137158951	0.3572303960637115	0.9416103992047412
height	annotated_credset_2099.txt	ENSG00000068971	PPP2R5B	0	-0.2028273432274386	0.2180926250532149	0.3857711073657391	0.9649996469137546
height	annotated_credset_2099.txt	ENSG00000149735	GPHA2	0	-0.258655820185025	0.087277046445848	0.2501759744344531	0.966921250903086
height	annotated_credset_2099.txt	ENSG00000168070	C11orf85	0	0.0016735891684943	0.1071298171830093	0.1318682327777223	1.0
height	annotated_credset_2099.txt	ENSG00000168062	BATF2	0	-0.5252162662416681	0.006987254169703	0.0	0.9623868086978724
height	annotated_credset_2099.txt	ENSG00000213465	ARL2	0	-0.2187100100432571	0.3752528183086663	0.666541059683809	0.9268473200753976
height	annotated_credset_2099.txt	ENSG00000273003	RP11-399J13.3	0	-0.4664036487872002	0.0676288028797425	0.1711537821959229	0.9267536164179672
height	annotated_credset_2099.txt	ENSG00000110025	SNX15	0	-0.3071814560739497	0.9441413570605052	0.3733307249191769	0.908792390719807
height	annotated_credset_2099.txt	ENSG00000168061	SAC3D1	0	-0.2137046625807966	0.9060841530832848	0.5602843119054831	0.8904685726081123
height	annotated_credset_2099.txt	ENSG00000168060	NAALADL1	0	-0.0016735891684943	0.7477801226860022	0.3756054137319187	0.8851491925189173
height	annotated_credset_2099.txt	ENSG00000146670	CDCA5	0	-0.2972485107009263	0.9629730069584688	0.3931966156652237	0.8559761205056196
height	annotated_credset_2099.txt	ENSG00000162300	ZFPL1	0	-0.2999799206388202	0.6030809367041431	0.4927452589547191	0.8316362559820958
height	annotated_credset_2099.txt	ENSG00000187066	TMEM262	0	-0.4093117682549293	0.6925729366617226	0.1824048516863683	0.8306095898224248
height	annotated_credset_2099.txt	ENSG00000149823	VPS51	0	-0.3103792607685808	0.8759807835360173	0.3746777588862379	0.8247089754523578
height	annotated_credset_2099.txt	ENSG00000149809	TM7SF2	0	-0.3889735432651119	0.3528760307790667	0.3260139932400996	0.7941249164815227
height	annotated_credset_2099.txt	ENSG00000174276	ZNHIT2	0	-0.4104337045061669	0.2237360599582764	0.2830936707579894	0.7879350429950405
height	annotated_credset_2099.txt	ENSG00000149806	FAU	0	-0.247620645494735	0.4630176999328848	0.3383128273398134	0.782197391507461
height	annotated_credset_2099.txt	ENSG00000162298	SYVN1	0	-0.0682332311413606	0.6504403394242029	0.4427381859080125	0.7806329478355813
height	annotated_credset_2099.txt	ENSG00000149792	MRPL49	0	-0.2375947111525921	0.5535096105045155	0.3166483588201195	0.7800856641552276
height	annotated_credset_2099.txt	ENSG00000204710	SPDYC	0	-0.5236346946256233	0.4340354422862198	0.06002120597623	0.7149412518808632
height	annotated_credset_2099.txt	ENSG00000254614	AP003068.23	0	-0.3330516075426933	0.0676288028797425	0.1711537821959229	0.7048212568783917
height	annotated_credset_2099.txt	ENSG00000014216	CAPN1	0	-0.0943802830851024	1.0	0.3551547944533898	0.7008015057770342
height	annotated_credset_2099.txt	ENSG00000014138	POLA2	0	-0.1967103777407449	0.9590945657888158	0.6099624930205231	0.5905353873899322
height	annotated_credset_2099.txt	ENSG00000149798	CDC42EP2	0	-0.4426848697288054	0.7850192179789988	0.1196614582631522	0.5184840649461407
height	annotated_credset_2099.txt	ENSG00000133884	DPF2	0	-0.3087177136520515	0.6393352715439075	0.4120842195133398	0.4927685220896187
height	annotated_credset_2099.txt	ENSG00000173825	TIGD3	0	-0.356966713137938	0.7155557306240805	0.2998880260377822	0.4642323633420428
height	annotated_credset_2099.txt	ENSG00000162241	SLC25A45	0	-0.4813795767600378	0.470335227608441	0.1558572778890417	0.4364947227186554
height	annotated_credset_2099.txt	ENSG00000126391	FRMD8	0	-0.4516185457598186	0.5851734466161358	0.2041932169951932	0.4210037427142011
height	annotated_credset_2099.txt	ENSG00000173727	AP000769.1	0	-0.4737313246065971	0.0676288028797425	0.1711537821959229	0.3277645294989977
height	annotated_credset_2099.txt	ENSG00000142186	SCYL1	0	-0.226406492067272	0.8590126034187853	0.5522182135862187	0.2329472923717074
height	annotated_credset_2099.txt	ENSG00000168056	LTBP3	1	-0.0025155988603814	0.8147892839882496	1.0	0.2143043386151414
height	annotated_credset_2099.txt	ENSG00000173465	SSSCA1	0	-0.3728682110502336	0.1867726975921849	0.3728800093086502	0.1713568289595906
height	annotated_credset_2099.txt	ENSG00000176973	FAM89B	0	-0.3858294959244731	0.1476958877918489	0.346957439560171	0.1687507808638119
height	annotated_credset_2099.txt	ENSG00000173442	EHBP1L1	0	-0.2961001650659228	0.8582550953778374	0.4128308675889173	0.1637410302513431
height	annotated_credset_2099.txt	ENSG00000269018	AP001362.1	0	-0.4737313246065971	0.0676288028797425	0.1711537821959229	0.1431588181931762
height	annotated_credset_2099.txt	ENSG00000173338	KCNK7	0	-0.4021317524562248	0.798714963359336	0.2007676928083133	0.1409031402947455
height	annotated_credset_2099.txt	ENSG00000173327	MAP3K11	0	-0.2482231367551745	0.6245487145846053	0.5708822684181777	0.134248822593174
height	annotated_credset_2099.txt	ENSG00000197136	PCNXL3	0	-0.3210058369886363	0.6840433961206498	0.3718097783363857	0.109779945787681
height	annotated_credset_2099.txt	ENSG00000213445	SIPA1	0	-0.2840129195683972	0.8048659286518326	0.4370053585839685	0.0794634175489296
height	annotated_credset_2099.txt	ENSG00000173039	RELA	0	-0.1913324501616017	0.600641760812291	0.724765408191627	0.0584154032516527
height	annotated_credset_2100.txt	ENSG00000168065	SLC22A11	0	-0.7061042703560783	0.2472522775786572	0.0585330429412492	0.0706645742167142
height	annotated_credset_2100.txt	ENSG00000197891	SLC22A12	0	-0.7198988258711145	0.3020562318428793	0.0309439319111767	0.1100469747858149
height	annotated_credset_2100.txt	ENSG00000110076	NRXN2	0	-0.6613890464440637	0.3241246958512973	0.1479634907652786	0.2715157524728547
height	annotated_credset_2100.txt	ENSG00000068831	RASGRP2	0	-0.5992703952864487	0.4920280232170355	0.2722007930805086	0.3012706907510324
height	annotated_credset_2100.txt	ENSG00000068976	PYGM	0	-0.6017643598777211	0.5322641425384391	0.2672128638979634	0.3211015259848404
height	annotated_credset_2100.txt	ENSG00000168066	SF1	0	-0.4458803457239102	0.5559218249042556	0.5679709606412544	0.3458068903563704
height	annotated_credset_2100.txt	ENSG00000168067	MAP4K2	0	-0.4882749022545285	0.5516598302185054	0.4831818475800176	0.3784841409218831
height	annotated_credset_2100.txt	ENSG00000133895	MEN1	0	-0.4895321731568598	0.4148305375531094	0.4916772373396863	0.3892447174421887
height	annotated_credset_2100.txt	ENSG00000171219	CDC42BPG	0	-0.6113862953347973	0.3709825583285275	0.2479689929838112	0.43370742496897
height	annotated_credset_2100.txt	ENSG00000110047	EHD1	0	-0.568231299611591	0.2206930677572878	0.3342789844302239	0.4921362998607375
height	annotated_credset_2100.txt	ENSG00000110046	ATG2A	0	-0.5567555937948472	0.1875000752470813	0.3572303960637115	0.5308252024521853
height	annotated_credset_2100.txt	ENSG00000068971	PPP2R5B	0	-0.5409159670561869	0.1677612608762131	0.3857711073657391	0.5538389127973019
height	annotated_credset_2100.txt	ENSG00000149735	GPHA2	0	-0.6087135335218299	0.0638047091429417	0.2501759744344531	0.5557296635456234
height	annotated_credset_2100.txt	ENSG00000168070	C11orf85	0	-0.6665569366301636	0.0795813132000236	0.1318682327777223	0.6040968047731786
height	annotated_credset_2100.txt	ENSG00000168062	BATF2	0	-0.7324910530190247	0.0	0.0	0.6374488462418025
height	annotated_credset_2100.txt	ENSG00000213465	ARL2	0	-0.397124943076107	0.2926533565616057	0.666541059683809	0.6710400710206381
height	annotated_credset_2100.txt	ENSG00000273003	RP11-399J13.3	0	-0.6442201511865051	0.0481906387815029	0.1711537821959229	0.6956078047723255
height	annotated_credset_2100.txt	ENSG00000110025	SNX15	0	-0.493832558921863	0.7447378211093948	0.3733307249191769	0.6956104772115458
height	annotated_credset_2100.txt	ENSG00000168061	SAC3D1	0	-0.40035576542871	0.7144945141867837	0.5602843119054831	0.7012974278722214
height	annotated_credset_2100.txt	ENSG00000168060	NAALADL1	0	-0.5364627859647719	0.5886934337590913	0.3756054137319187	0.7196316971426937
height	annotated_credset_2100.txt	ENSG00000146670	CDCA5	0	-0.3888104163900261	0.7597029606415625	0.3931966156652237	0.753858962455947
height	annotated_credset_2100.txt	ENSG00000162300	ZFPL1	0	-0.4831336613498926	0.473703853974912	0.4927452589547191	0.7595165162851999
height	annotated_credset_2100.txt	ENSG00000187066	TMEM262	0	-0.6327710042281478	0.5448213754684883	0.1824048516863683	0.7608220028442882
height	annotated_credset_2100.txt	ENSG00000149823	VPS51	0	-0.4487200837703027	0.6905719620947343	0.3746777588862379	0.7908669007778624
height	annotated_credset_2100.txt	ENSG00000149809	TM7SF2	0	-0.5103508843637576	0.2748709663049589	0.3260139932400996	0.7969119582940505
height	annotated_credset_2100.txt	ENSG00000174276	ZNHIT2	0	-0.5247016419945831	0.1722459869226592	0.2830936707579894	0.7986677508617496
height	annotated_credset_2100.txt	ENSG00000149806	FAU	0	-0.4034995391751679	0.3623983712919743	0.3383128273398134	0.8050481995000781
height	annotated_credset_2100.txt	ENSG00000162298	SYVN1	0	-0.3847313837024086	0.5113394341660276	0.4427381859080125	0.8211616717785291
height	annotated_credset_2100.txt	ENSG00000149792	MRPL49	0	-0.3850014006246509	0.4343105019642498	0.3166483588201195	0.8115930031504515
height	annotated_credset_2100.txt	ENSG00000204710	SPDYC	0	-0.698147907611476	0.3393667446427088	0.06002120597623	0.8728880691059289
height	annotated_credset_2100.txt	ENSG00000254614	AP003068.23	0	-0.4952011482720764	0.0481906387815029	0.1711537821959229	0.8843661955568696
height	annotated_credset_2100.txt	ENSG00000014216	CAPN1	0	-0.1782946744309406	0.7891275793194533	0.3551547944533898	0.924682613633445
height	annotated_credset_2100.txt	ENSG00000014138	POLA2	0	0.0804927130987807	0.7566208401908506	0.6099624930205231	1.0
height	annotated_credset_2100.txt	ENSG00000149798	CDC42EP2	0	-0.3467327087217382	0.6182866058991303	0.1196614582631522	0.9379379758107794
height	annotated_credset_2100.txt	ENSG00000133884	DPF2	0	-0.0804927130987807	0.5025144564692624	0.4120842195133398	0.9126353212735252
height	annotated_credset_2100.txt	ENSG00000173825	TIGD3	0	-0.3034734439994622	0.5630853470455588	0.2998880260377822	0.8845573386060496
height	annotated_credset_2100.txt	ENSG00000162241	SLC25A45	0	-0.6502298716550703	0.368213465736091	0.1558572778890417	0.8572650530693251
height	annotated_credset_2100.txt	ENSG00000126391	FRMD8	0	-0.6260619021019946	0.4594731259563904	0.2041932169951932	0.8420227959766731
height	annotated_credset_2100.txt	ENSG00000173727	AP000769.1	0	-0.6439293997292908	0.0481906387815029	0.1711537821959229	0.7502806299849751
height	annotated_credset_2100.txt	ENSG00000142186	SCYL1	0	-0.3563630873163084	0.6770876851228694	0.5522182135862187	0.6569857768063165
height	annotated_credset_2100.txt	ENSG00000168056	LTBP3	1	-0.1835894950966614	0.6419442882649468	1.0	0.6386421539985734
height	annotated_credset_2100.txt	ENSG00000173465	SSSCA1	0	-0.5463462701702722	0.142871934283413	0.3728800093086502	0.596384208828492
height	annotated_credset_2100.txt	ENSG00000176973	FAM89B	0	-0.5593075550445117	0.1118183667891889	0.346957439560171	0.5938200033966695
height	annotated_credset_2100.txt	ENSG00000173442	EHBP1L1	0	-0.4765755114593684	0.6764857084723398	0.4128308675889173	0.5888906892549326
height	annotated_credset_2100.txt	ENSG00000269018	AP001362.1	0	-0.648224629641095	0.0481906387815029	0.1711537821959229	0.5686389448439364
height	annotated_credset_2100.txt	ENSG00000173338	KCNK7	0	-0.5931242192109984	0.6291703437407069	0.2007676928083133	0.5664194840715252
height	annotated_credset_2100.txt	ENSG00000173327	MAP3K11	0	-0.4483603865299677	0.4907638722509231	0.5708822684181777	0.5598720079819315
height	annotated_credset_2100.txt	ENSG00000197136	PCNXL3	0	-0.54946590265851	0.538043118383524	0.3718097783363857	0.5357960030467687
height	annotated_credset_2100.txt	ENSG00000213445	SIPA1	0	-0.4743146876995137	0.6340583941430079	0.4370053585839685	0.505966236470424
height	annotated_credset_2100.txt	ENSG00000173039	RELA	0	-0.3729880877308895	0.4717654891602064	0.724765408191627	0.4852561687331564
height	annotated_credset_2100.txt	ENSG00000172977	KAT5	0	-0.5428308888474562	0.4945322460832389	0.3850798059584934	0.4072209435020812
height	annotated_credset_2100.txt	ENSG00000172922	RNASEH2C	0	-0.4970450152530297	0.5264610876273331	0.4766515531473465	0.4033459066327299
height	annotated_credset_2100.txt	ENSG00000254470	AP5B1	0	-0.5491034459433017	0.6796159870550941	0.2693907613316218	0.3218405190741701
height	annotated_credset_2100.txt	ENSG00000172818	OVOL1	0	-0.6008996113126448	0.8100282086258438	0.157146697194498	0.3069697310331318
height	annotated_credset_2100.txt	ENSG00000172757	CFL1	0	-0.471918241432905	0.7837338685307074	0.4151094369539776	0.2588658250687704
height	annotated_credset_2100.txt	ENSG00000172803	SNX32	0	-0.5926620188484264	0.7566208401908506	0.1822736155213725	0.2446765090288939
height	annotated_credset_2100.txt	ENSG00000172732	MUS81	0	-0.5575245386996297	0.4114474287771325	0.3556925062541463	0.2132953914851987
height	annotated_credset_2100.txt	ENSG00000172638	EFEMP2	0	-0.3888328650504453	0.6334202988934465	0.6079690038821052	0.2008485058169202
height	annotated_credset_2100.txt	ENSG00000172543	CTSW	0	-0.5426288742819001	1.0	0.2513333300236879	0.1829859220688206
height	annotated_credset_2100.txt	ENSG00000172500	FIBP	0	-0.5002024179030184	0.8020459982398203	0.3585410840137507	0.1777319065618243
height	annotated_credset_2100.txt	ENSG00000175602	CCDC85B	0	-0.4963255306911311	0.5538389856934229	0.4670805907068126	0.1688286752995871
height	annotated_credset_2100.txt	ENSG00000175592	FOSL1	0	-0.4735493232823977	0.7764379115262877	0.4118472732549921	0.1666305940409377
height	annotated_credset_2100.txt	ENSG00000175573	C11orf68	0	-0.5396814498258355	0.1824073527836002	0.3913786840017346	0.1335471327139482
height	annotated_credset_2100.txt	ENSG00000175550	DRAP1	0	-0.4862166380027581	0.0481906387815029	0.4983083076478896	0.1302747308887615
height	annotated_credset_2100.txt	ENSG00000175467	SART1	0	-0.4979782271293993	0.8760770867219603	0.362989465560989	0.0735762603921008
height	annotated_credset_2100.txt	ENSG00000175376	EIF1AD	0	-0.5513692321952801	0.5618813937444994	0.3569931876985147	0.027000989661718
height	annotated_credset_2100.txt	ENSG00000175334	BANF1	0	-0.4895346569087326	0.7833365639413578	0.3659567756800569	0.0196063503393076
height	annotated_credset_2100.txt	ENSG00000175315	CST6	0	-0.6038455332082897	0.3159618924701148	0.2630505172368266	0.0065621745053049
height	annotated_credset_2100.txt	ENSG00000175294	CATSPER1	0	-0.453989593096016	0.6869480626585456	0.0583342491917206	0.0
height	annotated_credset_2101.txt	ENSG00000171219	CDC42BPG	0	-0.6449441542519085	0.3709825583285275	0.2479689929838112	0.0194138551173588
height	annotated_credset_2101.txt	ENSG00000110047	EHD1	0	-0.6034219681676793	0.2206930677572878	0.3342789844302239	0.0783322092538735
height	annotated_credset_2101.txt	ENSG00000110046	ATG2A	0	-0.5919462623509355	0.1875000752470813	0.3572303960637115	0.1173452223960658
height	annotated_credset_2101.txt	ENSG00000068971	PPP2R5B	0	-0.5776759066999217	0.1677612608762131	0.3857711073657391	0.1405517266907394
height	annotated_credset_2101.txt	ENSG00000149735	GPHA2	0	-0.6454734731655647	0.0638047091429417	0.2501759744344531	0.1424583169233913
height	annotated_credset_2101.txt	ENSG00000168070	C11orf85	0	-0.7046273439939301	0.0795813132000236	0.1318682327777223	0.1912306467122957
height	annotated_credset_2101.txt	ENSG00000168062	BATF2	0	-0.7705614603827913	0.0	0.0	0.2248620899681195
height	annotated_credset_2101.txt	ENSG00000213465	ARL2	0	-0.4372909305408867	0.2926533565616057	0.666541059683809	0.2587347202569077
height	annotated_credset_2101.txt	ENSG00000273003	RP11-399J13.3	0	-0.6849845692848298	0.0481906387815029	0.1711537821959229	0.2835082665590542
height	annotated_credset_2101.txt	ENSG00000110025	SNX15	0	-0.5364917490729526	0.7447378211093948	0.3733307249191769	0.2835109613862381
height	annotated_credset_2101.txt	ENSG00000168061	SAC3D1	0	-0.4430149555797995	0.7144945141867837	0.5602843119054831	0.2892455536337056
height	annotated_credset_2101.txt	ENSG00000168060	NAALADL1	0	-0.5791634609486251	0.5886934337590913	0.3756054137319187	0.3077334155292647
height	annotated_credset_2101.txt	ENSG00000146670	CDCA5	0	-0.5265588036999291	0.7597029606415625	0.3931966156652237	0.3422474146878355
height	annotated_credset_2101.txt	ENSG00000162300	ZFPL1	0	-0.5241888309054317	0.473703853974912	0.4927452589547191	0.3479523638362793
height	annotated_credset_2101.txt	ENSG00000187066	TMEM262	0	-0.6757637419714004	0.5448213754684883	0.1824048516863683	0.3492687869156439
height	annotated_credset_2101.txt	ENSG00000149823	VPS51	0	-0.535818232089422	0.6905719620947343	0.3746777588862379	0.3795653815313169
height	annotated_credset_2101.txt	ENSG00000149809	TM7SF2	0	-0.6075544637627415	0.2748709663049589	0.3260139932400996	0.385661080621435
height	annotated_credset_2101.txt	ENSG00000174276	ZNHIT2	0	-0.6290146250037965	0.1722459869226592	0.2830936707579894	0.3874315820812968
height	annotated_credset_2101.txt	ENSG00000149806	FAU	0	-0.6014050467128846	0.3623983712919743	0.3383128273398134	0.3938654819830019
height	annotated_credset_2101.txt	ENSG00000162298	SYVN1	0	-0.5491923674287851	0.5113394341660276	0.4427381859080125	0.4101139424886902
height	annotated_credset_2101.txt	ENSG00000149792	MRPL49	0	-0.6122372809727314	0.4343105019642498	0.3166483588201195	0.4004651137565205
height	annotated_credset_2101.txt	ENSG00000204710	SPDYC	0	-0.7405508573946762	0.3393667446427088	0.06002120597623	0.4622736700478326
height	annotated_credset_2101.txt	ENSG00000254614	AP003068.23	0	-0.6849845692848298	0.0481906387815029	0.1711537821959229	0.4738479528029418
height	annotated_credset_2101.txt	ENSG00000014216	CAPN1	0	-0.5414657421188038	0.7891275793194533	0.3551547944533898	0.514502115700166
height	annotated_credset_2101.txt	ENSG00000014138	POLA2	0	-0.4171146043220537	0.7566208401908506	0.6099624930205231	0.6405971218784415
height	annotated_credset_2101.txt	ENSG00000149798	CDC42EP2	0	-0.6881235239529364	0.6182866058991303	0.1196614582631522	0.6632875667673868
height	annotated_credset_2101.txt	ENSG00000133884	DPF2	0	-0.55921102056707	0.5025144564692624	0.4120842195133398	0.704814853672214
height	annotated_credset_2101.txt	ENSG00000173825	TIGD3	0	-0.4561702589865197	0.5630853470455588	0.2998880260377822	0.7106949665876152
height	annotated_credset_2101.txt	ENSG00000162241	SLC25A45	0	-0.6356318267559584	0.368213465736091	0.1558572778890417	0.7458462923751926
height	annotated_credset_2101.txt	ENSG00000126391	FRMD8	0	-0.5613915448478413	0.4594731259563904	0.2041932169951932	0.7860315553424077
height	annotated_credset_2101.txt	ENSG00000173727	AP000769.1	0	-0.6781156108116242	0.0481906387815029	0.1711537821959229	0.8574875929522974
height	annotated_credset_2101.txt	ENSG00000142186	SCYL1	0	-0.044691678159384	0.6770876851228694	0.5522182135862187	0.954699441372887
height	annotated_credset_2101.txt	ENSG00000168056	LTBP3	1	0.044691678159384	0.6419442882649468	1.0	0.9819522286842768
height	annotated_credset_2101.txt	ENSG00000173465	SSSCA1	0	-0.1646354098910638	0.142871934283413	0.3728800093086502	1.0
height	annotated_credset_2101.txt	ENSG00000176973	FAM89B	0	-0.3468318050482013	0.1118183667891889	0.346957439560171	0.999966828324942
height	annotated_credset_2101.txt	ENSG00000173442	EHBP1L1	0	-0.0920039262541652	0.6764857084723398	0.4128308675889173	0.9949962195841272
height	annotated_credset_2101.txt	ENSG00000269018	AP001362.1	0	-0.4561611458992096	0.0481906387815029	0.1711537821959229	0.9745748191840764
height	annotated_credset_2101.txt	ENSG00000173338	KCNK7	0	-0.1122095935394866	0.6291703437407069	0.2007676928083133	0.9723367652077975
height	annotated_credset_2101.txt	ENSG00000173327	MAP3K11	0	-0.2254753409747278	0.4907638722509231	0.5708822684181777	0.965734438607095
height	annotated_credset_2101.txt	ENSG00000197136	PCNXL3	0	-0.4793106067828356	0.538043118383524	0.3718097783363857	0.9414567405067972
height	annotated_credset_2101.txt	ENSG00000213445	SIPA1	0	-0.3966614851389638	0.6340583941430079	0.4370053585839685	0.9113770794794328
height	annotated_credset_2101.txt	ENSG00000173039	RELA	0	-0.4013097978137723	0.4717654891602064	0.724765408191627	0.8904935162173331
height	annotated_credset_2101.txt	ENSG00000172977	KAT5	0	-0.571152598930339	0.4945322460832389	0.3850798059584934	0.8118045624456941
height	annotated_credset_2101.txt	ENSG00000172922	RNASEH2C	0	-0.4554224628313348	0.5264610876273331	0.4766515531473465	0.8078970630289518
height	annotated_credset_2101.txt	ENSG00000254470	AP5B1	0	-0.5853226522496342	0.6796159870550941	0.2693907613316218	0.7257088761589404
height	annotated_credset_2101.txt	ENSG00000172818	OVOL1	0	-0.6373194468532912	0.8100282086258438	0.157146697194498	0.7107135102937937
height	annotated_credset_2101.txt	ENSG00000172757	CFL1	0	-0.5091835092550456	0.7837338685307074	0.4151094369539776	0.6622066209825094
height	annotated_credset_2101.txt	ENSG00000172803	SNX32	0	-0.630959043071629	0.7566208401908506	0.1822736155213725	0.6478984360492724
height	annotated_credset_2101.txt	ENSG00000172732	MUS81	0	-0.5899725591310232	0.4114474287771325	0.3556925062541463	0.6162544278416194
height	annotated_credset_2101.txt	ENSG00000172638	EFEMP2	0	-0.4266958482503935	0.6334202988934465	0.6079690038821052	0.6037032702323246
height	annotated_credset_2101.txt	ENSG00000172543	CTSW	0	-0.5780300664433351	1.0	0.2513333300236879	0.5856910453347344
height	annotated_credset_2101.txt	ENSG00000172500	FIBP	0	-0.4939974222440189	0.8020459982398203	0.3585410840137507	0.5803930150910686
height	annotated_credset_2101.txt	ENSG00000175602	CCDC85B	0	-0.5319262792032742	0.5538389856934229	0.4670805907068126	0.5714151983277049
height	annotated_credset_2101.txt	ENSG00000175592	FOSL1	0	-0.5123483378238987	0.7764379115262877	0.4118472732549921	0.5691987029688976
height	annotated_credset_2101.txt	ENSG00000175573	C11orf68	0	-0.5748721183819239	0.1824073527836002	0.3913786840017346	0.5358380898450619
height	annotated_credset_2101.txt	ENSG00000175550	DRAP1	0	-0.5214073065588465	0.0481906387815029	0.4983083076478896	0.5325382739583026
height	annotated_credset_2101.txt	ENSG00000175467	SART1	0	-0.5375484065650042	0.8760770867219603	0.362989465560989	0.4753648204234021
height	annotated_credset_2101.txt	ENSG00000175376	EIF1AD	0	-0.5884695739653272	0.5618813937444994	0.3569931876985147	0.4283993722613431
height	annotated_credset_2101.txt	ENSG00000175334	BANF1	0	-0.5360647515054704	0.7833365639413578	0.3659567756800569	0.4209427854433251
height	annotated_credset_2101.txt	ENSG00000175315	CST6	0	-0.639036201764378	0.3159618924701148	0.2630505172368266	0.4077893339584152
height	annotated_credset_2101.txt	ENSG00000175294	CATSPER1	0	-0.3238037176533861	0.6869480626585456	0.0583342491917206	0.4011721858082008
height	annotated_credset_2101.txt	ENSG00000175229	GAL3ST3	0	-0.7433901729789895	0.4590156237019878	0.0543425748076035	0.3672173632903018
height	annotated_credset_2101.txt	ENSG00000087365	SF3B2	0	-0.5525581961184529	0.6578003532398985	0.3411978308281761	0.3553911141934923
height	annotated_credset_2101.txt	ENSG00000255038	RP11-1167A19.2	0	-0.6849845692848298	0.0481906387815029	0.1711537821959229	0.3330941140734053
height	annotated_credset_2101.txt	ENSG00000175115	PACS1	0	-0.5595262335018838	0.4629886695954837	0.422070453761815	0.3289359957285546
height	annotated_credset_2101.txt	ENSG00000174996	KLC2	0	-0.5766247843813406	0.2522727628440748	0.3878733520029015	0.0770626255661189
height	annotated_credset_2101.txt	ENSG00000174903	RAB1B	0	-0.5841653080022398	0.4826733060678043	0.372792304761103	0.0619190442058544
height	annotated_credset_2101.txt	ENSG00000174871	CNIH2	0	-0.6441309614678448	0.4434123889202585	0.1280710445980816	0.0489070711481023
height	annotated_credset_2101.txt	ENSG00000174851	YIF1A	0	-0.5271808285479787	0.4085940594536218	0.4867612636696251	0.0402970982953494
height	annotated_credset_2101.txt	ENSG00000179292	TMEM151A	0	-0.6855333185376198	0.564590288671883	0.0890541674870346	0.0304744532098143
height	annotated_credset_2101.txt	ENSG00000174807	CD248	0	-0.5681891173604434	0.7064761852017283	0.2967452420368223	0.0
height	annotated_credset_2102.txt	ENSG00000171219	CDC42BPG	0	-0.6343538666174514	0.3709825583285275	0.2479689929838112	0.0
height	annotated_credset_2102.txt	ENSG00000110047	EHD1	0	-0.5911988708942452	0.2206930677572878	0.3342789844302239	0.0583224963154139
height	annotated_credset_2102.txt	ENSG00000110046	ATG2A	0	-0.5797231650775013	0.1875000752470813	0.3572303960637115	0.0969409599263749
height	annotated_credset_2102.txt	ENSG00000068971	PPP2R5B	0	-0.5654528094264876	0.1677612608762131	0.3857711073657391	0.1199127703419162
height	annotated_credset_2102.txt	ENSG00000149735	GPHA2	0	-0.6332503758921305	0.0638047091429417	0.2501759744344531	0.1218000786934224
height	annotated_credset_2102.txt	ENSG00000168070	C11orf85	0	-0.6924042467204959	0.0795813132000236	0.1318682327777223	0.1700791602478175
height	annotated_credset_2102.txt	ENSG00000168062	BATF2	0	-0.7583383631093571	0.0	0.0	0.203370479296294
height	annotated_credset_2102.txt	ENSG00000213465	ARL2	0	-0.4250678332674525	0.2926533565616057	0.666541059683809	0.2369005461857031
height	annotated_credset_2102.txt	ENSG00000273003	RP11-399J13.3	0	-0.6727614720113956	0.0481906387815029	0.1711537821959229	0.2614235506738958
height	annotated_credset_2102.txt	ENSG00000110025	SNX15	0	-0.5369763024609869	0.7447378211093948	0.3733307249191769	0.2614262182475375
height	annotated_credset_2102.txt	ENSG00000168061	SAC3D1	0	-0.4434995089678338	0.7144945141867837	0.5602843119054831	0.2671028149570854
height	annotated_credset_2102.txt	ENSG00000168060	NAALADL1	0	-0.5679041111765643	0.5886934337590913	0.3756054137319187	0.2854037039260015
height	annotated_credset_2102.txt	ENSG00000146670	CDCA5	0	-0.5270433570879635	0.7597029606415625	0.3931966156652237	0.3195686533421363
height	annotated_credset_2102.txt	ENSG00000162300	ZFPL1	0	-0.5119657336319975	0.473703853974912	0.4927452589547191	0.3252159067416255
height	annotated_credset_2102.txt	ENSG00000187066	TMEM262	0	-0.6645043921993394	0.5448213754684883	0.1824048516863683	0.3265190164655983
height	annotated_credset_2102.txt	ENSG00000149823	VPS51	0	-0.5363027854774564	0.6905719620947343	0.3746777588862379	0.356509213132465
height	annotated_credset_2102.txt	ENSG00000149809	TM7SF2	0	-0.5953313664893073	0.2748709663049589	0.3260139932400996	0.3625432647100014
height	annotated_credset_2102.txt	ENSG00000174276	ZNHIT2	0	-0.6167915277303624	0.1722459869226592	0.2830936707579894	0.3642958605926015
height	annotated_credset_2102.txt	ENSG00000149806	FAU	0	-0.5891819494394505	0.3623983712919743	0.3383128273398134	0.3706646926621718
height	annotated_credset_2102.txt	ENSG00000162298	SYVN1	0	-0.5369692701553508	0.5113394341660276	0.4427381859080125	0.3867488279348312
height	annotated_credset_2102.txt	ENSG00000149792	MRPL49	0	-0.6000141836992973	0.4343105019642498	0.3166483588201195	0.3771975805107069
height	annotated_credset_2102.txt	ENSG00000204710	SPDYC	0	-0.728327760121242	0.3393667446427088	0.06002120597623	0.4383810495568493
height	annotated_credset_2102.txt	ENSG00000254614	AP003068.23	0	-0.6727614720113956	0.0481906387815029	0.1711537821959229	0.4498382783479716
height	annotated_credset_2102.txt	ENSG00000014216	CAPN1	0	-0.5430531602491172	0.7891275793194533	0.3551547944533898	0.490081294306731
height	annotated_credset_2102.txt	ENSG00000014138	POLA2	0	-0.417883650679601	0.7566208401908506	0.6099624930205231	0.6149010663625633
height	annotated_credset_2102.txt	ENSG00000149798	CDC42EP2	0	-0.6828440101679666	0.6182866058991303	0.1196614582631522	0.6373620364257181
height	annotated_credset_2102.txt	ENSG00000133884	DPF2	0	-0.5484108649783586	0.5025144564692624	0.4120842195133398	0.6784693462443897
height	annotated_credset_2102.txt	ENSG00000173825	TIGD3	0	-0.4591966524510006	0.5630853470455588	0.2998880260377822	0.6842899919305897
height	annotated_credset_2102.txt	ENSG00000162241	SLC25A45	0	-0.586813980985515	0.368213465736091	0.1558572778890417	0.7190858225129878
height	annotated_credset_2102.txt	ENSG00000126391	FRMD8	0	-0.5535992184484304	0.4594731259563904	0.2041932169951932	0.7588646806580904
height	annotated_credset_2102.txt	ENSG00000173727	AP000769.1	0	-0.6677338202245914	0.0481906387815029	0.1711537821959229	0.8295980633415361
height	annotated_credset_2102.txt	ENSG00000142186	SCYL1	0	-0.4416145917616517	0.6770876851228694	0.5522182135862187	0.925826781105576
height	annotated_credset_2102.txt	ENSG00000168056	LTBP3	1	-0.1539054822309086	0.6419442882649468	1.0	0.952803953344137
height	annotated_credset_2102.txt	ENSG00000173465	SSSCA1	0	-0.5102395588067471	0.142871934283413	0.3728800093086502	0.9728267610987736
height	annotated_credset_2102.txt	ENSG00000176973	FAM89B	0	-0.408407662261614	0.1118183667891889	0.346957439560171	0.9731682105249118
height	annotated_credset_2102.txt	ENSG00000173442	EHBP1L1	0	-0.2976609587948789	0.6764857084723398	0.4128308675889173	0.9977792449432809
height	annotated_credset_2102.txt	ENSG00000269018	AP001362.1	0	-0.4519416411169253	0.0481906387815029	0.1711537821959229	0.9975471660364524
height	annotated_credset_2102.txt	ENSG00000173338	KCNK7	0	0.1525443169511106	0.6291703437407069	0.2007676928083133	1.0
height	annotated_credset_2102.txt	ENSG00000173327	MAP3K11	0	-0.1525443169511106	0.4907638722509231	0.5708822684181777	0.9954117733362676
height	annotated_credset_2102.txt	ENSG00000197136	PCNXL3	0	-0.463790955420809	0.538043118383524	0.3718097783363857	0.9713796023981488
height	annotated_credset_2102.txt	ENSG00000213445	SIPA1	0	-0.4984804315514426	0.6340583941430079	0.4370053585839685	0.9416041454094392
height	annotated_credset_2102.txt	ENSG00000173039	RELA	0	-0.3909280072267395	0.4717654891602064	0.724765408191627	0.9209317834730476
height	annotated_credset_2102.txt	ENSG00000172977	KAT5	0	-0.5607708083433062	0.4945322460832389	0.3850798059584934	0.843038633135266
height	annotated_credset_2102.txt	ENSG00000172922	RNASEH2C	0	-0.5149849347488796	0.5264610876273331	0.4766515531473465	0.839170651354794
height	annotated_credset_2102.txt	ENSG00000254470	AP5B1	0	-0.5866487040126075	0.6796159870550941	0.2693907613316218	0.7578136566432587
height	annotated_credset_2102.txt	ENSG00000172818	OVOL1	0	-0.6397513435907823	0.8100282086258438	0.157146697194498	0.7429699431139921
height	annotated_credset_2102.txt	ENSG00000172757	CFL1	0	-0.5107699737110426	0.7837338685307074	0.4151094369539776	0.6949536175633049
height	annotated_credset_2102.txt	ENSG00000172803	SNX32	0	-0.6302072769177322	0.7566208401908506	0.1822736155213725	0.680790135312673
height	annotated_credset_2102.txt	ENSG00000172732	MUS81	0	-0.5784846255462488	0.4114474287771325	0.3556925062541463	0.6494661518249538
height	annotated_credset_2102.txt	ENSG00000172638	EFEMP2	0	-0.4251636784824525	0.6334202988934465	0.6079690038821052	0.6370419275887135
height	annotated_credset_2102.txt	ENSG00000172543	CTSW	0	-0.5835136017840366	1.0	0.2513333300236879	0.6192118653675583
height	annotated_credset_2102.txt	ENSG00000172500	FIBP	0	-0.4000637479594763	0.8020459982398203	0.3585410840137507	0.6139674155879665
height	annotated_credset_2102.txt	ENSG00000175602	CCDC85B	0	-0.5201524221375121	0.5538389856934229	0.4670805907068126	0.6050803940006269
height	annotated_credset_2102.txt	ENSG00000175592	FOSL1	0	-0.4430570118288458	0.7764379115262877	0.4118472732549921	0.6028863146803246
height	annotated_credset_2102.txt	ENSG00000175573	C11orf68	0	-0.5615551566675718	0.1824073527836002	0.3913786840017346	0.5698630867828395
height	annotated_credset_2102.txt	ENSG00000175550	DRAP1	0	-0.5080903448444943	0.0481906387815029	0.4983083076478896	0.5665966428585719
height	annotated_credset_2102.txt	ENSG00000175467	SART1	0	-0.5391358246953176	0.8760770867219603	0.362989465560989	0.5100014004761619
height	annotated_credset_2102.txt	ENSG00000175376	EIF1AD	0	-0.5772102241932663	0.5618813937444994	0.3569931876985147	0.4635109270485298
height	annotated_credset_2102.txt	ENSG00000175334	BANF1	0	-0.5376521696357838	0.7833365639413578	0.3659567756800569	0.4561297507819325
height	annotated_credset_2102.txt	ENSG00000175315	CST6	0	-0.6268131044909439	0.3159618924701148	0.2630505172368266	0.4431093238367711
height	annotated_credset_2102.txt	ENSG00000175294	CATSPER1	0	-0.694474540324715	0.6869480626585456	0.0583342491917206	0.4365590967595649
height	annotated_credset_2102.txt	ENSG00000175229	GAL3ST3	0	-0.7311670757055553	0.4590156237019878	0.0543425748076035	0.4029476688740838
height	annotated_credset_2102.txt	ENSG00000087365	SF3B2	0	-0.5530427495064872	0.6578003532398985	0.3411978308281761	0.3912410219474621
height	annotated_credset_2102.txt	ENSG00000255038	RP11-1167A19.2	0	-0.6727614720113956	0.0481906387815029	0.1711537821959229	0.3691695176359962
height	annotated_credset_2102.txt	ENSG00000175115	PACS1	0	-0.3278999885310009	0.4629886695954837	0.422070453761815	0.3650534515068456
height	annotated_credset_2102.txt	ENSG00000174996	KLC2	0	-0.5644016871079064	0.2522727628440748	0.3878733520029015	0.1157273472980813
height	annotated_credset_2102.txt	ENSG00000174903	RAB1B	0	-0.5719422107288056	0.4826733060678043	0.372792304761103	0.1007369172185209
height	annotated_credset_2102.txt	ENSG00000174871	CNIH2	0	-0.6556945878081495	0.4434123889202585	0.1280710445980816	0.0878565378895491
height	annotated_credset_2102.txt	ENSG00000174851	YIF1A	0	-0.5149577312745446	0.4085940594536218	0.4867612636696251	0.0793336401043021
height	annotated_credset_2102.txt	ENSG00000179292	TMEM151A	0	-0.6466599713061474	0.564590288671883	0.0890541674870346	0.0696103341802879
height	annotated_credset_2102.txt	ENSG00000174807	CD248	0	-0.5724444393909032	0.7064761852017283	0.2967452420368223	0.0394440776530687
height	annotated_credset_2102.txt	ENSG00000174791	RIN1	0	-0.6781659866395349	0.5086546183046652	0.1603447529396444	0.0184302662905387
height	annotated_credset_2102.txt	ENSG00000174744	BRMS1	0	-0.5451918840079008	0.5006122102535887	0.4239026927381301	0.0089723839438742
height	annotated_credset_2104.txt	ENSG00000014138	POLA2	0	-0.3310728165513796	0.7553302703342177	0.5875488347166282	0.0948976292452691
height	annotated_credset_2104.txt	ENSG00000149798	CDC42EP2	0	-0.7088753718489302	0.61662614590853	0.06907245871015	0.1181714742254297
height	annotated_credset_2104.txt	ENSG00000133884	DPF2	0	-0.2226617076858983	0.5005444348138902	0.3782994086182454	0.1607664802995715
height	annotated_credset_2104.txt	ENSG00000173825	TIGD3	0	-0.6287679760188392	0.5612772851172526	0.2596558168833938	0.1667977783692521
height	annotated_credset_2104.txt	ENSG00000162241	SLC25A45	0	-0.7081772879004452	0.365884338384948	0.1073482853061559	0.2028528892862609
height	annotated_credset_2104.txt	ENSG00000126391	FRMD8	0	-0.6826204964987822	0.4573880166396662	0.1584618681094817	0.2440713662867543
height	annotated_credset_2104.txt	ENSG00000173727	AP000769.1	0	-0.7000895259375075	0.0450058064998998	0.1235238092320311	0.31736462917202
height	annotated_credset_2104.txt	ENSG00000142186	SCYL1	0	-0.3517251120661213	0.6755844525834699	0.5264862576184193	0.4170759174014526
height	annotated_credset_2104.txt	ENSG00000168056	LTBP3	1	-0.2255795604172621	0.640347086247649	1.0	0.4450294084090967
height	annotated_credset_2104.txt	ENSG00000173465	SSSCA1	0	-0.5934302740040256	0.1399402691029018	0.336842313098995	0.4657768526396295
height	annotated_credset_2104.txt	ENSG00000176973	FAM89B	0	-0.6071363841967337	0.1088036678730344	0.3094300927135788	0.4661306593091616
height	annotated_credset_2104.txt	ENSG00000173442	EHBP1L1	0	-0.4413355768668365	0.674980866315299	0.3790889631183072	0.4916323806615323
height	annotated_credset_2104.txt	ENSG00000269018	AP001362.1	0	-0.7000895259375075	0.0450058064998998	0.1235238092320311	0.4913919026908346
height	annotated_credset_2104.txt	ENSG00000173338	KCNK7	0	-0.5001857987191469	0.6275389856370611	0.1548394948317771	0.4962567443969015
height	annotated_credset_2104.txt	ENSG00000173327	MAP3K11	0	-0.4887400057130304	0.4887624308591929	0.5462228496809856	0.5230493072701434
height	annotated_credset_2104.txt	ENSG00000197136	PCNXL3	0	-0.5350984660277209	0.5361680963613404	0.335710580884185	0.5535333451993241
height	annotated_credset_2104.txt	ENSG00000213445	SIPA1	0	-0.341815027431336	0.6324401061346093	0.4046526507191664	0.5721786802722069
height	annotated_credset_2104.txt	ENSG00000173039	RELA	0	-0.4048935308131727	0.4697132482357173	0.7089489444315674	0.5889900253041945
height	annotated_credset_2104.txt	ENSG00000172977	KAT5	0	-0.3264738683368426	0.4925408808979432	0.3497431758478505	0.667090083488807
height	annotated_credset_2104.txt	ENSG00000172922	RNASEH2C	0	-0.4705101567500849	0.5245550965617312	0.446577129401615	0.6689461864465478
height	annotated_credset_2104.txt	ENSG00000254470	AP5B1	0	-0.4154438432731311	0.678119514909788	0.2274060149004446	0.7516692263092266
height	annotated_credset_2104.txt	ENSG00000172818	OVOL1	0	-0.4612844182091173	0.8088804440463457	0.108711801597686	0.7743584610502775
height	annotated_credset_2104.txt	ENSG00000172757	CFL1	0	-0.3210303712737976	0.782515795852638	0.3814984713655424	0.8639254486767184
height	annotated_credset_2104.txt	ENSG00000172803	SNX32	0	-0.4562641326101269	0.7553302703342177	0.1352826481405156	0.8568354947130472
height	annotated_credset_2104.txt	ENSG00000172732	MUS81	0	-0.4757314580245344	0.4092339041649866	0.318667123440851	0.871702285119911
height	annotated_credset_2104.txt	ENSG00000172638	EFEMP2	0	-0.4267054632098299	0.6318003046903481	0.5854407889430625	0.8799103234415959
height	annotated_credset_2104.txt	ENSG00000172543	CTSW	0	-0.5906260297236401	0.9993601985557388	0.208310906220618	0.893936823008321
height	annotated_credset_2104.txt	ENSG00000172500	FIBP	0	-0.379279056605033	0.8008768901303988	0.3216793958385693	0.9005679339474427
height	annotated_credset_2104.txt	ENSG00000175602	CCDC85B	0	-0.510781723798643	0.5520062000381467	0.4364561678508858	0.904845401299794
height	annotated_credset_2104.txt	ENSG00000175592	FOSL1	0	-0.048336829847027	0.7752003302824059	0.3780488461502359	0.9171996115300588
height	annotated_credset_2104.txt	ENSG00000175573	C11orf68	0	-0.4683466783318921	0.179581400851298	0.3564040213881472	0.9428284821542924
height	annotated_credset_2104.txt	ENSG00000175550	DRAP1	0	-0.4646214107723683	0.0450058064998998	0.4694783977929006	0.946206230202482
height	annotated_credset_2104.txt	ENSG00000175467	SART1	0	0.048336829847027	0.875105929390064	0.3263834053759906	1.0
height	annotated_credset_2104.txt	ENSG00000175376	EIF1AD	0	-0.4752049161771712	0.5600701125809108	0.3200425490545227	0.9518270106515156
height	annotated_credset_2104.txt	ENSG00000175334	BANF1	0	-0.1931444739020604	0.7821174289156451	0.3295212331347735	0.944178705537489
height	annotated_credset_2104.txt	ENSG00000175315	CST6	0	-0.3591707504354717	0.3134930503077082	0.2207014261922184	0.9306870621469708
height	annotated_credset_2104.txt	ENSG00000175294	CATSPER1	0	-0.5533186324501636	0.6854711956561104	0.0042210575180594	0.923899778732626
height	annotated_credset_2104.txt	ENSG00000175229	GAL3ST3	0	-0.7556316262665663	0.4569292910758563	0.0	0.8890719347005566
height	annotated_credset_2104.txt	ENSG00000087365	SF3B2	0	-0.4649178269610936	0.6562455485512722	0.3033395058069904	0.8769416177533553
height	annotated_credset_2104.txt	ENSG00000255038	RP11-1167A19.2	0	-0.6938697216505507	0.0450058064998998	0.1235238092320311	0.8540713335056298
height	annotated_credset_2104.txt	ENSG00000175115	PACS1	0	-0.305731716729839	0.4609129604457846	0.3888595057342211	0.8498063046690042
height	annotated_credset_2104.txt	ENSG00000174996	KLC2	0	-0.5830193759733182	0.2496336231352202	0.3526972541112763	0.5914569509881019
height	annotated_credset_2104.txt	ENSG00000174903	RAB1B	0	-0.5912478497838234	0.4806502314149752	0.3367495685752269	0.5759240089612595
height	annotated_credset_2104.txt	ENSG00000174871	CNIH2	0	-0.7215155140875943	0.4412843350048649	0.0779653052218966	0.5625774815875416
height	annotated_credset_2104.txt	ENSG00000174851	YIF1A	0	-0.5318642674965961	0.4063729052538563	0.4572677984038932	0.5537461354222669
height	annotated_credset_2104.txt	ENSG00000179292	TMEM151A	0	-0.7388848770649161	0.5627862507876801	0.0367063079659834	0.5436709376844183
height	annotated_credset_2104.txt	ENSG00000174807	CD248	0	-0.5907608702302416	0.7050515341955763	0.2563324315672785	0.5124129476656362
height	annotated_credset_2104.txt	ENSG00000174791	RIN1	0	-0.6476323275615078	0.506701014749234	0.1120936348704441	0.4906386348590785
height	annotated_credset_2104.txt	ENSG00000174744	BRMS1	0	-0.5664529130325833	0.49863710220647	0.3907970350418795	0.480838466524499
height	annotated_credset_2104.txt	ENSG00000174684	B3GNT1	0	-0.6797733502443393	0.0	0.1641561606183676	0.4697281078668083
height	annotated_credset_2104.txt	ENSG00000255468	RP11-867G23.8	0	-0.7000895259375075	0.0450058064998998	0.1235238092320311	0.4661651641400355
height	annotated_credset_2104.txt	ENSG00000174669	SLC29A2	0	-0.69557214068554	0.4588486954086399	0.1325585797359663	0.4460272071800641
height	annotated_credset_2104.txt	ENSG00000174576	NPAS4	0	-0.6555356282351987	0.6494129519955769	0.1267829155573641	0.3652003499369091
height	annotated_credset_2104.txt	ENSG00000174547	MRPL11	0	-0.5217381023574643	0.9684927968014756	0.2325861658601961	0.3457534216283675
height	annotated_credset_2104.txt	ENSG00000174516	PELI3	0	-0.5835963609062826	0.7622835841435472	0.2664944894989485	0.3019836668467948
height	annotated_credset_2104.txt	ENSG00000254986	DPP3	0	-0.5532632103843811	0.8238252400462588	0.3238774090806546	0.2836465305524497
height	annotated_credset_2104.txt	ENSG00000256349	CTD-3074O7.11	0	-0.7000895259375075	0.0450058064998998	0.1235238092320311	0.2434756529875241
height	annotated_credset_2104.txt	ENSG00000174483	BBS1	0	-0.5946642615301565	0.8958330818390549	0.2410753067891037	0.2413652514860571
height	annotated_credset_2104.txt	ENSG00000174165	ZDHHC24	0	-0.5343075434139679	0.8510349090154058	0.3617887430214811	0.2275018346810695
height	annotated_credset_2104.txt	ENSG00000174080	CTSF	0	-0.5426195455303233	0.8676456031154709	0.3451647387887703	0.1683138486287918
height	annotated_credset_2104.txt	ENSG00000182791	CCDC87	0	-0.6190847719615329	0.8432003592545467	0.1922342859263511	0.1314046262986156
height	annotated_credset_2104.txt	ENSG00000173992	CCS	0	-0.5406653192018935	0.839120116081711	0.3490731914456297	0.1277394103314311
height	annotated_credset_2104.txt	ENSG00000239306	RBM14	0	-0.6055603271305992	0.6287823733494933	0.244834494710533	0.0949003467581772
height	annotated_credset_2104.txt	ENSG00000173933	RBM4	0	-0.4350645104081374	0.9438785487854636	0.5602748090331419	0.0948395362368514
height	annotated_credset_2104.txt	ENSG00000248643	RBM14-RBM4	0	-0.7000895259375075	0.0450058064998998	0.1235238092320311	0.0948395362368514
height	annotated_credset_2104.txt	ENSG00000173914	RBM4B	0	-0.4802999064212367	1.0	0.4505538625117039	0.0279866603829127
height	annotated_credset_2104.txt	ENSG00000173898	SPTBN2	0	-0.6046921970252122	0.960006373870992	0.1956619509814876	0.0
height	annotated_credset_2139.txt	ENSG00000166439	RNF169	0	0.0752170021387627	1.0	0.5069443323907169	0.0
height	annotated_credset_2139.txt	ENSG00000166435	XRRA1	0	-0.4277331426046044	0.8027248351329805	0.4780960162468783	0.1893705094349707
height	annotated_credset_2139.txt	ENSG00000118363	SPCS2	0	-0.6493261767294695	0.7260526125081527	0.4134948097525191	0.2422712526617176
height	annotated_credset_2139.txt	ENSG00000162139	NEU3	0	-0.5577088723833085	0.9308645554025654	0.471738478350847	0.3129604493532325
height	annotated_credset_2139.txt	ENSG00000171561	OR2AT4	0	-0.8437952632005777	0.0083339372418291	0.0	0.4386216596978574
height	annotated_credset_2139.txt	ENSG00000137491	SLCO2B1	0	-0.5922459137936079	0.5688383216175086	0.2364754402232416	0.6457398355943375
height	annotated_credset_2139.txt	ENSG00000261594	TPBGL	0	-0.7654047488535303	0.0399159359373867	0.1055966128768341	0.7116161659013064
height	annotated_credset_2139.txt	ENSG00000137486	ARRB1	0	-0.5903213329529543	0.5941155156170738	0.3637540195147168	0.903370055004969
height	annotated_credset_2139.txt	ENSG00000149273	RPS3	0	-0.0752170021387627	0.6703964055366329	0.7126523850844456	1.0
height	annotated_credset_2139.txt	ENSG00000149243	KLHL35	0	-0.5962648485530918	0.3491412421189941	0.223471073283009	0.971493645648868
height	annotated_credset_2139.txt	ENSG00000158555	GDPD5	0	-0.2110773897998209	0.3486629465903326	0.4218841110593259	0.9497754530875068
height	annotated_credset_2139.txt	ENSG00000149257	SERPINH1	1	-0.2851417893465128	0.8693963330676137	1.0	0.7238225484252703
height	annotated_credset_2139.txt	ENSG00000171533	MAP6	0	-0.8625826310426662	0.3224291615334445	0.1408197011520656	0.6797335712504059
height	annotated_credset_2139.txt	ENSG00000166391	MOGAT2	0	-0.8511302472784338	0.0	0.1418256029807624	0.4476005489204677
height	annotated_credset_2139.txt	ENSG00000062282	DGAT2	0	-0.9050088721785884	0.132719762301616	0.073592073921725	0.3736643520999536
height	annotated_credset_2139.txt	ENSG00000198382	UVRAG	0	-0.8167647852132817	0.0944126385969997	0.2500802478523387	0.2749686709533413
height	annotated_credset_2140.txt	ENSG00000166439	RNF169	0	-0.6916202585173727	1.0	0.5069443323907169	0.0
height	annotated_credset_2140.txt	ENSG00000166435	XRRA1	0	-0.5830191184707008	0.8027248351329805	0.4780960162468783	0.1543151208338457
height	annotated_credset_2140.txt	ENSG00000118363	SPCS2	0	-0.7395503449631196	0.7260526125081527	0.4134948097525191	0.1974231243323469
height	annotated_credset_2140.txt	ENSG00000162139	NEU3	0	-0.7074194297771148	0.9308645554025654	0.471738478350847	0.2550266654626227
height	annotated_credset_2140.txt	ENSG00000171561	OR2AT4	0	-1.039740249476983	0.0083339372418291	0.0	0.3574260565627298
height	annotated_credset_2140.txt	ENSG00000137491	SLCO2B1	0	-0.9160233127897396	0.5688383216175086	0.2364754402232416	0.5262034783255757
height	annotated_credset_2140.txt	ENSG00000261594	TPBGL	0	-0.87098867641793	0.0399159359373867	0.1055966128768341	0.5798850885284628
height	annotated_credset_2140.txt	ENSG00000137486	ARRB1	0	-0.6969450635454606	0.5941155156170738	0.3637540195147168	0.7361423888635651
height	annotated_credset_2140.txt	ENSG00000149273	RPS3	0	-0.3199887425083381	0.6703964055366329	0.7126523850844456	0.8379492996098662
height	annotated_credset_2140.txt	ENSG00000149243	KLHL35	0	-0.6522269556676623	0.3491412421189941	0.223471073283009	0.8500156677910363
height	annotated_credset_2140.txt	ENSG00000158555	GDPD5	0	-0.5881027770199823	0.3486629465903326	0.4218841110593259	0.987693651275204
height	annotated_credset_2140.txt	ENSG00000149257	SERPINH1	1	0.3199887425083381	0.8693963330676137	1.0	1.0
height	annotated_credset_2140.txt	ENSG00000171533	MAP6	0	-0.8763414310054423	0.3224291615334445	0.1408197011520656	0.9640725693748202
height	annotated_credset_2140.txt	ENSG00000166391	MOGAT2	0	-0.8535847283363331	0.0	0.1418256029807624	0.7749109332929822
height	annotated_credset_2140.txt	ENSG00000062282	DGAT2	0	-0.8554338031609567	0.132719762301616	0.073592073921725	0.714661461607051
height	annotated_credset_2140.txt	ENSG00000198382	UVRAG	0	-0.8618799794669818	0.0944126385969997	0.2500802478523387	0.6342358662629766
height	annotated_credset_2140.txt	ENSG00000085741	WNT11	0	-0.7371521686518179	0.0766142474092325	0.4686330069338383	0.0978865231469822
height	annotated_credset_2141.txt	ENSG00000166435	XRRA1	0	-0.5629970838256202	0.8623433242506812	0.4780960162468783	0.0
height	annotated_credset_2141.txt	ENSG00000118363	SPCS2	0	-0.6014235544395905	0.7799766446087971	0.4134948097525191	0.0416534564300275
height	annotated_credset_2141.txt	ENSG00000162139	NEU3	0	-0.5624636754970245	1.0	0.471738478350847	0.097313343132242
height	annotated_credset_2141.txt	ENSG00000171561	OR2AT4	0	-0.8573711365085381	0.0089528999610743	0.0	0.1962575815449061
height	annotated_credset_2141.txt	ENSG00000137491	SLCO2B1	0	-0.7104970800703183	0.6110860256909304	0.2364754402232416	0.3593401280148559
height	annotated_credset_2141.txt	ENSG00000261594	TPBGL	0	-0.8045728300701211	0.0428804982483456	0.1055966128768341	0.4112104172932128
height	annotated_credset_2141.txt	ENSG00000137486	ARRB1	0	-0.5534877104303788	0.6382405605293889	0.3637540195147168	0.5621952953474286
height	annotated_credset_2141.txt	ENSG00000149273	RPS3	0	-0.2720286399502021	0.7201868431296223	0.7126523850844456	0.660567044834602
height	annotated_credset_2141.txt	ENSG00000149243	KLHL35	0	-0.7352179000531909	0.3750720124562087	0.223471073283009	0.6722262705122773
height	annotated_credset_2141.txt	ENSG00000158555	GDPD5	0	-0.6323770475544976	0.374558193849747	0.4218841110593259	0.8052587336517781
height	annotated_credset_2141.txt	ENSG00000149257	SERPINH1	1	0.2720286399502021	0.933966523939276	1.0	0.8707179551810494
height	annotated_credset_2141.txt	ENSG00000171533	MAP6	0	-0.5148865865306498	0.3463760217983652	0.1408197011520656	1.0
height	annotated_credset_2141.txt	ENSG00000166391	MOGAT2	0	-0.6943072892189015	0.0	0.1418256029807624	0.9267661818983152
height	annotated_credset_2141.txt	ENSG00000062282	DGAT2	0	-0.7479602509339365	0.1425768781627092	0.073592073921725	0.8685496434337265
height	annotated_credset_2141.txt	ENSG00000198382	UVRAG	0	-0.6762275446410846	0.1014246788633709	0.2500802478523387	0.7908377625845031
height	annotated_credset_2141.txt	ENSG00000085741	WNT11	0	-0.6215455626451956	0.0823043985986765	0.4686330069338383	0.2725858793690646
height	annotated_credset_215.txt	ENSG00000120332	TNN	0	-0.5838116035318719	0.197605564714828	0.5058123555298955	0.0
height	annotated_credset_215.txt	ENSG00000235750	KIAA0040	0	-0.5437950743061459	0.0	0.5858454139813473	0.0687482610105995
height	annotated_credset_215.txt	ENSG00000116147	TNR	0	-0.2371910183344783	0.2885423826008492	0.0	0.911437341754572
height	annotated_credset_215.txt	ENSG00000143207	RFWD2	0	-0.1311319501484928	0.884016905533934	0.7738451833385234	1.0
height	annotated_credset_215.txt	ENSG00000116183	PAPPA2	1	0.1311319501484928	1.0	1.0	0.2069309057433474
height	annotated_credset_2160.txt	ENSG00000137656	BUD13	0	-0.6242351702728908	0.5105281858769368	0.413950691766753	0.3462530872170172
height	annotated_credset_2160.txt	ENSG00000109917	ZNF259	0	-0.6477720604925377	0.4273840972640619	0.3450964204522153	0.3683420755062773
height	annotated_credset_2160.txt	ENSG00000110243	APOA5	0	-0.7033857279083786	0.2259782793406559	0.2483058074222909	0.3747508445159749
height	annotated_credset_2160.txt	ENSG00000110244	APOA4	0	-0.9081024179147474	0.5163986343483029	0.1611888355669021	0.4200463226929824
height	annotated_credset_2160.txt	ENSG00000110245	APOC3	1	-0.8058099781331778	0.6261760207628493	0.338631428829382	0.4343685282190025
height	annotated_credset_2160.txt	ENSG00000118137	APOA1	0	-0.6599198083910376	0.5860097943798179	0.6519859079086943	0.4415222982943584
height	annotated_credset_2160.txt	ENSG00000160584	SIK3	0	-0.5136918876729	0.9256152384483476	0.8727553622828967	0.8235362600859193
height	annotated_credset_2160.txt	ENSG00000168092	PAFAH1B2	0	-0.3188376608112	0.6975019696899477	0.5254023154569805	0.9385963951417206
height	annotated_credset_2160.txt	ENSG00000149577	SIDT2	0	-0.1432167070492991	0.6862090806568723	0.6711371829569784	0.9687337414001388
height	annotated_credset_2160.txt	ENSG00000149591	TAGLN	0	-0.6386448654609718	0.3975900264170181	0.3707315344685942	0.97949519380132
height	annotated_credset_2160.txt	ENSG00000160613	PCSK7	0	0.1432167070492991	1.0	1.0	1.0
height	annotated_credset_2160.txt	ENSG00000167257	RNF214	0	-0.7305715812058535	0.6225765089369852	0.4878541409579565	0.979672001727968
height	annotated_credset_2160.txt	ENSG00000186318	BACE1	0	-0.5480160255176749	0.6510790811203288	0.505741970473962	0.9018560538049544
height	annotated_credset_2160.txt	ENSG00000110274	CEP164	0	-0.6019388094252702	0.5325887132903863	0.5877901251929509	0.8595156487525557
height	annotated_credset_2160.txt	ENSG00000177103	DSCAML1	0	-1.0205106899625889	0.3522840679118196	0.032633315946317	0.6934801356628685
height	annotated_credset_2160.txt	ENSG00000137731	FXYD2	0	-1.052873037570933	0.2909471505152091	0.0086886881734762	0.1463589790386314
height	annotated_credset_2160.txt	ENSG00000255245	FXYD6-FXYD2	0	-0.8906066187471069	0.2666728460861102	0.3332215258211285	0.1180269404806567
height	annotated_credset_2160.txt	ENSG00000137726	FXYD6	0	-0.8360389019769958	0.4176329733821507	0.4423569593613508	0.0933671118998634
height	annotated_credset_2160.txt	ENSG00000137747	TMPRSS13	0	-1.0558315140619985	0.0	0.0	0.0
height	annotated_credset_216.txt	ENSG00000116147	TNR	0	-0.6494044034396114	0.0	0.0	0.5948211202350165
height	annotated_credset_216.txt	ENSG00000143207	RFWD2	0	0.2374771802340449	0.8369782097631323	0.7738451833385234	1.0
height	annotated_credset_216.txt	ENSG00000116183	PAPPA2	1	-0.2374771802340449	1.0	1.0	0.0
height	annotated_credset_2177.txt	ENSG00000268640	AC026369.1	0	-0.7197522337618336	0.0	0.1226694587418461	0.4394037348959653
height	annotated_credset_2177.txt	ENSG00000120645	IQSEC3	0	-0.5822684341986331	0.4072831594290076	0.3833826070702125	0.6692394224481556
height	annotated_credset_2177.txt	ENSG00000111181	SLC6A12	0	-0.2846529485734581	0.5715012840385906	0.3229257693300836	0.7284153643622484
height	annotated_credset_2177.txt	ENSG00000010379	SLC6A13	0	-0.1714114851150909	0.7620711195428359	0.4735858660466229	0.8075728144391363
height	annotated_credset_2177.txt	ENSG00000073614	KDM5A	0	-0.1106863247531533	0.3093954607500636	0.5206560273924465	1.0
height	annotated_credset_2177.txt	ENSG00000120647	CCDC77	0	-0.4498401478777474	0.5362769821622747	0.2487366639191372	0.9852868073293124
height	annotated_credset_2177.txt	ENSG00000139044	B4GALNT3	1	0.1106863247531533	1.0	0.4268798916211241	0.8687850934934007
height	annotated_credset_2177.txt	ENSG00000171840	NINJ2	0	-0.4645705041445669	0.4185387409481063	0.0	0.6984645730000335
height	annotated_credset_2177.txt	ENSG00000060237	WNK1	0	-0.3629983377482564	0.2711519329986349	0.8361772507690003	0.3898893214188116
height	annotated_credset_2177.txt	ENSG00000002016	RAD52	0	-0.3953616210904962	0.5669550933530758	0.6239195323129755	0.1285319157077298
height	annotated_credset_2177.txt	ENSG00000082805	ERC1	0	-0.2262490806139883	0.7788214607963352	1.0	0.0
height	annotated_credset_2178.txt	ENSG00000268640	AC026369.1	0	-0.9730240126841384	0.0	0.1226694587418461	0.0
height	annotated_credset_2178.txt	ENSG00000120645	IQSEC3	0	-0.7689180750975613	0.4072831594290076	0.3833826070702125	0.2737565890854437
height	annotated_credset_2178.txt	ENSG00000111181	SLC6A12	0	-0.756541987951848	0.5715012840385906	0.3229257693300836	0.3442408736926448
height	annotated_credset_2178.txt	ENSG00000010379	SLC6A13	0	-0.6026862771713983	0.7620711195428359	0.4735858660466229	0.4385250719585447
height	annotated_credset_2178.txt	ENSG00000073614	KDM5A	0	-0.5479481053539247	0.3093954607500636	0.5206560273924465	0.6856026468647797
height	annotated_credset_2178.txt	ENSG00000120647	CCDC77	0	-0.822632531410495	0.5362769821622747	0.2487366639191372	0.7894278914657668
height	annotated_credset_2178.txt	ENSG00000139044	B4GALNT3	1	0.2509686372844009	1.0	0.4268798916211241	1.0
height	annotated_credset_2178.txt	ENSG00000171840	NINJ2	0	-0.681879999455574	0.4185387409481063	0.0	0.9731175611304492
height	annotated_credset_2178.txt	ENSG00000060237	WNK1	0	-0.4256675757007124	0.2711519329986349	0.8361772507690003	0.6055745165809565
height	annotated_credset_2178.txt	ENSG00000002016	RAD52	0	-0.5547390375631549	0.5669550933530758	0.6239195323129755	0.294272504775504
height	annotated_credset_2178.txt	ENSG00000082805	ERC1	0	-0.2509686372844009	0.7788214607963352	1.0	0.1411785305215021
height	annotated_credset_2179.txt	ENSG00000268640	AC026369.1	0	-0.859745891927989	0.0	0.1226694587418461	0.0
height	annotated_credset_2179.txt	ENSG00000120645	IQSEC3	0	-0.7293893177638058	0.4072831594290076	0.3833826070702125	0.2776107552043312
height	annotated_credset_2179.txt	ENSG00000111181	SLC6A12	0	-0.6704364922605487	0.5715012840385906	0.3229257693300836	0.3490873744346174
height	annotated_credset_2179.txt	ENSG00000010379	SLC6A13	0	-0.6013064594471704	0.7620711195428359	0.4735858660466229	0.4446989817090708
height	annotated_credset_2179.txt	ENSG00000073614	KDM5A	0	-0.5683643353172273	0.3093954607500636	0.5206560273924465	0.695255114048834
height	annotated_credset_2179.txt	ENSG00000120647	CCDC77	0	-0.6932224135458863	0.5362769821622747	0.2487366639191372	0.8005420942060799
height	annotated_credset_2179.txt	ENSG00000139044	B4GALNT3	1	0.2317107639876632	1.0	0.4268798916211241	1.0
height	annotated_credset_2179.txt	ENSG00000171840	NINJ2	0	-0.6421121678916244	0.4185387409481063	0.0	0.9586602817013268
height	annotated_credset_2179.txt	ENSG00000060237	WNK1	0	-0.297467730148268	0.2711519329986349	0.8361772507690003	0.58594266964912
height	annotated_credset_2179.txt	ENSG00000002016	RAD52	0	-0.4741938207643725	0.5669550933530758	0.6239195323129755	0.270257896973325
height	annotated_credset_2179.txt	ENSG00000082805	ERC1	0	-0.2317107639876632	0.7788214607963352	1.0	0.1150085422386309
height	annotated_credset_217.txt	ENSG00000116147	TNR	0	-0.4627812473689021	0.0	0.0	0.0
height	annotated_credset_217.txt	ENSG00000143207	RFWD2	0	-0.27660602641955	0.8369782097631323	0.7738451833385234	1.0
height	annotated_credset_217.txt	ENSG00000116183	PAPPA2	1	0.27660602641955	1.0	1.0	0.0164924120602649
height	annotated_credset_2182.txt	ENSG00000120647	CCDC77	0	-0.8452506221553486	0.574096680595353	0.4137256364535435	0.0
height	annotated_credset_2182.txt	ENSG00000139044	B4GALNT3	1	-0.7313060155629885	1.0	0.5527458739989205	0.1717015736185555
height	annotated_credset_2182.txt	ENSG00000171840	NINJ2	0	-0.9457996028325226	0.4659607765641086	0.2196153660247937	0.3141469402019266
height	annotated_credset_2182.txt	ENSG00000060237	WNK1	0	-0.6052695507033539	0.3305943437421312	0.8721552438045543	0.6659956614326364
height	annotated_credset_2182.txt	ENSG00000002016	RAD52	0	-0.4115434497204118	0.602272787639061	0.706512581878837	0.7776576566337888
height	annotated_credset_2182.txt	ENSG00000082805	ERC1	0	0.3162230583552148	0.7968600427316374	1.0	1.0
height	annotated_credset_2182.txt	ENSG00000111186	WNT5B	0	-0.3162230583552148	0.2081047743202195	0.9385017027363676	0.4554387649715379
height	annotated_credset_2182.txt	ENSG00000171823	FBXL14	0	-0.6618079130440027	0.1391614952035808	0.3812441990548976	0.4041516140351375
height	annotated_credset_2182.txt	ENSG00000006831	ADIPOR2	0	-0.7963025438880416	0.0	0.5186094839137556	0.2300108393153189
height	annotated_credset_2182.txt	ENSG00000151062	CACNA2D4	0	-0.922150937603932	0.2547674674333287	0.2647366501105147	0.0831430889065361
height	annotated_credset_2182.txt	ENSG00000166159	LRTM2	0	-1.0556072858449197	0.0834540804888958	0.0	0.0429253934046388
height	annotated_credset_218.txt	ENSG00000116147	TNR	0	-0.8094837038432063	0.0	0.0	0.0
height	annotated_credset_218.txt	ENSG00000143207	RFWD2	0	-0.4350165755833683	0.8369782097631323	0.7738451833385234	0.6486649854907099
height	annotated_credset_218.txt	ENSG00000116183	PAPPA2	1	0.4350165755833683	1.0	1.0	1.0
height	annotated_credset_218.txt	ENSG00000152092	ASTN1	0	-0.9175702939656968	0.9369604298781088	0.2971826709284198	0.4486816927423505
height	annotated_credset_218.txt	ENSG00000198797	BRINP2	0	-0.9824576540405026	0.5265414172543906	0.2126984209020996	0.009179457321089
height	annotated_credset_219.txt	ENSG00000143207	RFWD2	0	-0.5956733413132819	0.6556788784110822	0.7127469032634131	0.5023799656492254
height	annotated_credset_219.txt	ENSG00000116183	PAPPA2	1	0.5956733413132819	1.0	1.0	1.0
height	annotated_credset_219.txt	ENSG00000152092	ASTN1	0	-1.0169112501142854	0.8668530418092295	0.1073086251435227	0.4881149110302877
height	annotated_credset_219.txt	ENSG00000198797	BRINP2	0	-0.75190679355534	0.0	0.0	0.0
height	annotated_credset_220.txt	ENSG00000143207	RFWD2	0	-0.6367958821448477	0.6556788784110822	0.7127469032634131	0.0422039233310262
height	annotated_credset_220.txt	ENSG00000116183	PAPPA2	1	0.6367958821448477	1.0	1.0	1.0
height	annotated_credset_220.txt	ENSG00000152092	ASTN1	0	-0.8814315167663925	0.8668530418092295	0.1073086251435227	0.6380987405747366
height	annotated_credset_220.txt	ENSG00000198797	BRINP2	0	-1.0172390304413643	0.0	0.0	0.0
height	annotated_credset_221.txt	ENSG00000143207	RFWD2	0	-0.5032421834859045	0.6556788784110822	0.7127469032634131	0.4205837710264569
height	annotated_credset_221.txt	ENSG00000116183	PAPPA2	1	0.5032421834859045	1.0	1.0	1.0
height	annotated_credset_221.txt	ENSG00000152092	ASTN1	0	-0.7982481238840455	0.8668530418092295	0.1073086251435227	0.5147745051497113
height	annotated_credset_221.txt	ENSG00000198797	BRINP2	0	-0.8906304947939722	0.0	0.0	0.0
height	annotated_credset_222.txt	ENSG00000143207	RFWD2	0	-0.6457239128741415	0.6556788784110822	0.7127469032634131	0.0
height	annotated_credset_222.txt	ENSG00000116183	PAPPA2	1	0.6457239128741415	1.0	1.0	1.0
height	annotated_credset_222.txt	ENSG00000152092	ASTN1	0	-0.6838254002331132	0.8668530418092295	0.1073086251435227	0.9141872406976193
height	annotated_credset_222.txt	ENSG00000198797	BRINP2	0	-0.7659762166348306	0.0	0.0	0.3891761375749916
height	annotated_credset_223.txt	ENSG00000116183	PAPPA2	1	-0.0167630312248455	1.0	1.0	0.0
height	annotated_credset_223.txt	ENSG00000152092	ASTN1	0	0.0167630312248455	0.8668530418092295	0.1073086251435227	1.0
height	annotated_credset_223.txt	ENSG00000198797	BRINP2	0	-0.5815837976738202	0.0	0.0	0.8502294689862503
height	annotated_credset_2254.txt	ENSG00000187857	OR6C75	0	-0.688489599191155	0.1533635158514391	0.0734683726289339	0.0179114881664317
height	annotated_credset_2254.txt	ENSG00000205328	OR6C65	0	-0.6815398339982371	0.0572449277641719	0.090598713180175	0.0692483641836266
height	annotated_credset_2254.txt	ENSG00000185821	OR6C76	0	-0.6941301830128876	0.2060518570112566	0.0654180151508741	0.1064406682859982
height	annotated_credset_2254.txt	ENSG00000179695	OR6C2	0	-0.7212990374190434	0.0584379985170871	0.0110803063385625	0.1440282501171799
height	annotated_credset_2254.txt	ENSG00000184954	OR6C70	0	-0.7109796002459349	0.0920473183993529	0.0317191806847797	0.168622343529524
height	annotated_credset_2254.txt	ENSG00000205327	OR6C68	0	-0.6881432039352634	0.0	0.0773919733061226	0.2021818570766399
height	annotated_credset_2254.txt	ENSG00000179626	OR6C4	0	-0.6470353360393539	0.1435268609432224	0.1596077090979416	0.2875039303489002
height	annotated_credset_2254.txt	ENSG00000179615	OR2AP1	0	-0.7002754183257102	0.0858763789965623	0.053127544525229	0.3209505074020704
height	annotated_credset_2254.txt	ENSG00000175398	OR10P1	0	-0.7268391905883247	0.1600590918282517	0.0	0.4114589719732248
height	annotated_credset_2254.txt	ENSG00000170439	METTL7B	0	-0.6346814763995596	0.2229885186599861	0.1843154283775301	0.4791586084786394
height	annotated_credset_2254.txt	ENSG00000135424	ITGA7	0	-0.5309927321438919	0.2820118183656503	0.3844154281803697	0.5246691197312474
height	annotated_credset_2254.txt	ENSG00000135441	BLOC1S1	0	-0.3189787931912893	0.3416428876356528	0.8084433060855748	0.530524442571205
height	annotated_credset_2254.txt	ENSG00000258311	RP11-644F5.10	0	-0.5205093264609373	0.1271597726200373	0.4053822395462788	0.5372079663667649
height	annotated_credset_2254.txt	ENSG00000135437	RDH5	0	-0.3871695676963731	0.2574538836587503	0.672061757075407	0.537210862174302
height	annotated_credset_2254.txt	ENSG00000135404	CD63	0	-0.2017232613974549	0.3477318174669153	0.7861842357010754	0.5444532768245166
height	annotated_credset_2254.txt	ENSG00000135414	GDF11	0	-0.1938417123385982	0.4962814838115353	0.7944948458732319	0.5841547981577602
height	annotated_credset_2254.txt	ENSG00000205323	SARNP	0	-0.439363739391688	0.4679376277888872	0.4621638941077508	0.6719397557402993
height	annotated_credset_2254.txt	ENSG00000257390	RP11-762I7.5	0	-0.5188963055640257	0.1271597726200373	0.4053822395462788	0.6861147336342619
height	annotated_credset_2254.txt	ENSG00000123353	ORMDL2	0	-0.2451430318635994	0.5210416339002854	0.8358054758661988	0.6779094629779712
height	annotated_credset_2254.txt	ENSG00000135392	DNAJC14	0	-0.3683325239667758	0.5979845866942279	0.5780384282290598	0.6908609621875214
height	annotated_credset_2254.txt	ENSG00000123342	MMP19	0	-0.5710179609148676	0.4456377648459793	0.3011389288445951	0.7084414097450794
height	annotated_credset_2254.txt	ENSG00000170473	WIBG	0	-0.2951869876629907	0.2609477160896039	0.4949143225376798	0.8382488784018246
height	annotated_credset_2254.txt	ENSG00000065357	DGKA	0	-0.0781438947725656	0.3974768014020267	0.4537383432489499	0.8692470501824012
height	annotated_credset_2254.txt	ENSG00000185664	PMEL	0	-0.5066020007465386	0.557608915451502	0.3115614539633574	0.8971771138774511
height	annotated_credset_2254.txt	ENSG00000123374	CDK2	0	-0.1508148966887885	0.4665782910553396	1.0	0.8964053811688216
height	annotated_credset_2254.txt	ENSG00000111540	RAB5B	0	-0.3524968100231895	0.3274541083425079	0.5966361733311981	0.928146327582657
height	annotated_credset_2254.txt	ENSG00000139531	SUOX	0	-0.3895031856659734	0.142874154627362	0.4036661409329592	0.9454270590601282
height	annotated_credset_2254.txt	ENSG00000123411	IKZF4	0	-0.1468980600631406	0.2456130496326421	0.6659576432830341	0.9914617114769462
height	annotated_credset_2254.txt	ENSG00000197728	RPS26	0	-0.0878140622047785	0.2082267957849327	0.6180232296369653	1.0
height	annotated_credset_2254.txt	ENSG00000065361	ERBB3	0	0.0645112186127789	0.5276136338104119	0.4466820653504494	0.9734314952014944
height	annotated_credset_2254.txt	ENSG00000257411	RP11-603J24.9	0	-0.4238952040701902	0.1271597726200373	0.4053822395462788	0.942339209675963
height	annotated_credset_2254.txt	ENSG00000170515	PA2G4	0	-0.3150789183491151	0.4289325274675894	0.6756767067403822	0.9380128732155788
height	annotated_credset_2254.txt	ENSG00000229117	RPL41	0	-0.5950669702442573	0.3600669557597681	0.2079840902700441	0.9202514376869538
height	annotated_credset_2254.txt	ENSG00000135482	ZC3H10	0	-0.3518468042585383	0.1479890803693801	0.7035372571719019	0.9179738850590476
height	annotated_credset_2254.txt	ENSG00000139641	ESYT1	0	-0.4503477128796835	0.4909564787561508	0.5326308302494358	0.9178421258161108
height	annotated_credset_2254.txt	ENSG00000196465	MYL6B	0	-0.2370178371054838	0.471296649965174	0.7152765570633378	0.8686047102632923
height	annotated_credset_2254.txt	ENSG00000092841	MYL6	0	-0.1810169765152003	0.2666434493450468	0.8272782782439051	0.8600548385100902
height	annotated_credset_2254.txt	ENSG00000139613	SMARCC2	0	-0.0987801327191215	0.456400116835554	0.9653142064366484	0.853073046538212
height	annotated_credset_2254.txt	ENSG00000181852	RNF41	0	-0.3372366097187198	0.4520749545015391	0.6637614552267584	0.7929589778761549
height	annotated_credset_2254.txt	ENSG00000139579	NABP2	0	-0.372782905700818	0.6195766958006607	0.5605636558193249	0.767600391274024
height	annotated_credset_2254.txt	ENSG00000139540	SLC39A5	0	-0.223623242434501	0.9974273709753522	0.7082227059389951	0.7559679323976098
height	annotated_credset_2254.txt	ENSG00000139645	ANKRD52	0	-0.0919107274049415	0.996618509447952	0.7513036693782407	0.7447350949613113
height	annotated_credset_2254.txt	ENSG00000135469	COQ10A	0	-0.2237563146721337	0.8135012469948548	0.5114083379682463	0.7026720425815863
height	annotated_credset_2254.txt	ENSG00000062485	CS	0	-0.213111454563643	0.8135012469948548	0.4657892218204816	0.695662740438106
height	annotated_credset_2254.txt	ENSG00000144785	RP11-977G19.10	0	-0.5188963055640257	0.1271597726200373	0.4053822395462788	0.6750778925608367
height	annotated_credset_2254.txt	ENSG00000257727	CNPY2	1	-0.0645112186127789	0.9916754667805068	0.7366356192440603	0.6404353469948563
height	annotated_credset_2254.txt	ENSG00000135473	PAN2	0	-0.1829515188528709	1.0	0.951436394267416	0.6311962730478311
height	annotated_credset_2254.txt	ENSG00000110944	IL23A	0	-0.3959606985204105	0.8135012469948548	0.5543076909992319	0.5983925652678908
height	annotated_credset_2254.txt	ENSG00000170581	STAT2	0	-0.2961086895593929	0.9589165749207992	0.7540117089212668	0.5944571628250113
height	annotated_credset_2254.txt	ENSG00000175336	APOF	0	-0.4418566683177578	0.9044532320758532	0.4630979695747031	0.5669875325283557
height	annotated_credset_2254.txt	ENSG00000111602	TIMELESS	0	-0.1951071983899512	0.5628665153796033	0.7430441960361512	0.4851085744176728
height	annotated_credset_2254.txt	ENSG00000135517	MIP	0	-0.5521923934047708	0.5089536477408049	0.2327681827612727	0.4382211066811875
height	annotated_credset_2254.txt	ENSG00000176422	SPRYD4	0	-0.4096483949338045	0.4239557822365021	0.5178561797032053	0.4106892165224849
height	annotated_credset_2254.txt	ENSG00000135423	GLS2	0	-0.3955085706116639	0.4796998224998315	0.5461358283474866	0.4071635708461009
height	annotated_credset_2254.txt	ENSG00000076067	RBMS2	0	-0.284316745364759	0.5046172512189094	0.8850448904471313	0.3333537804374665
height	annotated_credset_2254.txt	ENSG00000076108	BAZ2A	0	-0.2113951162604532	0.32950996472465	0.9143627370499078	0.2266910535207614
height	annotated_credset_2254.txt	ENSG00000110955	ATP5B	0	-0.6464708717553216	0.3155121666254747	0.1607366376660063	0.1650407589602881
height	annotated_credset_2254.txt	ENSG00000110958	PTGES3	0	-0.4172749751158944	0.4005100321297773	0.4294778953613644	0.1285999169137865
height	annotated_credset_2254.txt	ENSG00000196531	NACA	0	-0.3826842986514682	0.4229784078908936	0.688309783873713	0.0575295604352212
height	annotated_credset_2254.txt	ENSG00000198056	PRIM1	0	-0.3826078976460165	0.4739254499292247	0.6884625858846164	0.0297761409999326
height	annotated_credset_2254.txt	ENSG00000025423	HSD17B6	0	-0.4274845928451365	0.5405891208124565	0.5987091954863762	0.0
height	annotated_credset_2255.txt	ENSG00000170473	WIBG	0	-0.6225903435254541	0.1532788467726366	0.3715014570079512	0.0
height	annotated_credset_2255.txt	ENSG00000065357	DGKA	0	-0.6432656397030154	0.309698178775983	0.3301508646528285	0.0322810710397674
height	annotated_credset_2255.txt	ENSG00000185664	PMEL	0	-0.714655545817247	0.4931591479503185	0.1873710524243656	0.061367056389719
height	annotated_credset_2255.txt	ENSG00000123374	CDK2	0	-0.3689765580863324	0.3888667224403115	0.8787290278861947	0.0605633845290905
height	annotated_credset_2255.txt	ENSG00000111540	RAB5B	0	-0.5715137345603498	0.2294742261406782	0.4736546749381597	0.0936179708868737
height	annotated_credset_2255.txt	ENSG00000139531	SUOX	0	-0.6684079102944822	0.0180037325439217	0.2798663234698951	0.111613887691004
height	annotated_credset_2255.txt	ENSG00000123411	IKZF4	0	-0.5367060154125405	0.1357101486582148	0.5432701132337783	0.1595537434824172
height	annotated_credset_2255.txt	ENSG00000197728	RPS26	0	-0.5607748588583956	0.0928772765300212	0.4951324263420684	0.1684454000717725
height	annotated_credset_2255.txt	ENSG00000065361	ERBB3	0	-0.6468087402675382	0.458794002188043	0.323064663523783	0.2576680548728449
height	annotated_credset_2255.txt	ENSG00000257411	RP11-603J24.9	0	-0.667546222297908	0.0	0.2815896994630433	0.2663893269964385
height	annotated_credset_2255.txt	ENSG00000170515	PA2G4	0	-0.5318258760929595	0.3457365338824892	0.5530303918729405	0.2733524726857115
height	annotated_credset_2255.txt	ENSG00000229117	RPL41	0	-0.7666638455260137	0.2668382778814595	0.0833544530068321	0.2794380629849549
height	annotated_credset_2255.txt	ENSG00000135482	ZC3H10	0	-0.5178365274049195	0.0238638265010618	0.5810090892490204	0.2863001842564753
height	annotated_credset_2255.txt	ENSG00000139641	ESYT1	0	-0.6036521183467449	0.4167964476478538	0.4093779073653694	0.3197392665325705
height	annotated_credset_2255.txt	ENSG00000196465	MYL6B	0	-0.5119419863068022	0.3942724757062874	0.5927981714452552	0.3423204856409622
height	annotated_credset_2255.txt	ENSG00000092841	MYL6	0	-0.455703645463293	0.1598043632151361	0.7052748531322737	0.3481241122667768
height	annotated_credset_2255.txt	ENSG00000139613	SMARCC2	0	-0.2128856672845298	0.3772057403951348	0.843896143886162	0.3874346733895652
height	annotated_credset_2255.txt	ENSG00000181852	RNF41	0	-0.4607429406147729	0.3722504665679902	0.5410646119046308	0.4362370062997017
height	annotated_credset_2255.txt	ENSG00000139579	NABP2	0	-0.5088351246632239	0.5641547075101359	0.4374291863736471	0.4481805050014626
height	annotated_credset_2255.txt	ENSG00000139540	SLC39A5	0	-0.4543250920554273	0.9970525773859322	0.5857144073814762	0.4602310594294985
height	annotated_credset_2255.txt	ENSG00000139645	ANKRD52	0	-0.4318058706622076	0.9961258768260506	0.6289780622650837	0.4912093678283972
height	annotated_credset_2255.txt	ENSG00000135469	COQ10A	0	-0.5522621928722156	0.7863311667417466	0.3880654178450679	0.5101702939961339
height	annotated_credset_2255.txt	ENSG00000062485	CS	0	-0.5748305200456618	0.7863311667417466	0.3422528468264226	0.5545396151422032
height	annotated_credset_2255.txt	ENSG00000144785	RP11-977G19.10	0	-0.6643954015657914	0.0	0.2815896994630433	0.5781627427978637
height	annotated_credset_2255.txt	ENSG00000257727	CNPY2	1	-0.4388330384535075	0.9904627067378854	0.6142478100107309	0.5785804109130497
height	annotated_credset_2255.txt	ENSG00000135473	PAN2	0	-0.3142042176393698	1.0	0.8299594807222586	0.6052945841865122
height	annotated_credset_2255.txt	ENSG00000110944	IL23A	0	-0.5303835973720845	0.7863311667417466	0.4311466921735771	0.614878333428829
height	annotated_credset_2255.txt	ENSG00000170581	STAT2	0	-0.2042235938556227	0.952931334062681	0.6316975856658512	0.6446518879503502
height	annotated_credset_2255.txt	ENSG00000175336	APOF	0	-0.5737827655506558	0.8905334963639874	0.3395501819120158	0.6486747707348848
height	annotated_credset_2255.txt	ENSG00000111602	TIMELESS	0	-0.487801650885441	0.4991827015895489	0.6206835633573133	0.779222443705274
height	annotated_credset_2255.txt	ENSG00000135517	MIP	0	-0.7440216094390664	0.4374155351052191	0.1082436462500624	0.8090216312880161
height	annotated_credset_2255.txt	ENSG00000176422	SPRYD4	0	-0.600873131242327	0.3400347512709956	0.3945406026435413	0.8117553218758575
height	annotated_credset_2255.txt	ENSG00000135423	GLS2	0	-0.5093302385528895	0.4038998648561683	0.4229401754827436	0.8380442878984811
height	annotated_credset_2255.txt	ENSG00000076067	RBMS2	0	-0.008908992082498	0.432447390436965	0.7632864335297277	0.9926674366637214
height	annotated_credset_2255.txt	ENSG00000076108	BAZ2A	0	-0.0017679472500502	0.2318295900637106	0.7927286069653754	1.0
height	annotated_credset_2255.txt	ENSG00000110955	ATP5B	0	-0.7691568158185169	0.2157925220413154	0.0359066403209955	0.9361420131904716
height	annotated_credset_2255.txt	ENSG00000110958	PTGES3	0	-0.64524966425978	0.3131733058755389	0.3057875366086351	0.8981930199666469
height	annotated_credset_2255.txt	ENSG00000196531	NACA	0	-0.515284911808706	0.3389149880944719	0.5657170415107833	0.8241813252594217
height	annotated_credset_2255.txt	ENSG00000198056	PRIM1	0	-0.4260404726940952	0.3972842525259025	0.5658704915020899	0.7952792948194075
height	annotated_credset_2255.txt	ENSG00000025423	HSD17B6	0	-0.5602751885329562	0.4736598236694768	0.475736488062283	0.7642708298778962
height	annotated_credset_2255.txt	ENSG00000170426	SDR9C7	0	-0.8066241006320298	0.3717999871291589	0.0	0.5064429453292039
height	annotated_credset_2255.txt	ENSG00000139547	RDH16	0	-0.6037427061191465	0.4253169444623206	0.4091967318205665	0.4638000862477118
height	annotated_credset_2255.txt	ENSG00000166856	GPR182	0	-0.7192068144094321	0.410927344101937	0.1782685152399953	0.3989469335319644
height	annotated_credset_2255.txt	ENSG00000268162	HBCBP	0	-0.7645344329853947	0.35006113649527	0.0876132780880702	0.395154748298417
height	annotated_credset_2255.txt	ENSG00000166860	ZBTB39	0	-0.5537348602370649	0.423424930819229	0.3782114279487435	0.3923305880827374
height	annotated_credset_2255.txt	ENSG00000166863	TAC3	0	-0.6749371411626657	0.3929596499131218	0.266807861733528	0.3754941903420656
height	annotated_credset_2255.txt	ENSG00000166866	MYO1A	0	-0.6835219719745258	0.4108629898963897	0.2496382001098078	0.347573755364095
height	annotated_credset_2255.txt	ENSG00000166881	TMEM194A	0	-0.6681767183329936	0.4309672437093764	0.2803287073928722	0.3066739444456172
height	annotated_credset_2255.txt	ENSG00000166886	NAB2	0	-0.4007317393236469	0.5467919428534656	0.8031725667024594	0.2565371845248685
height	annotated_credset_2255.txt	ENSG00000166888	STAT6	0	-0.1744439790644827	0.7727910418945878	0.701626831346154	0.2467151985959113
height	annotated_credset_2255.txt	ENSG00000123384	LRP1	0	0.0017679472500502	0.568299118347384	1.0	0.1968287379788482
height	annotated_credset_2255.txt	ENSG00000182379	NXPH4	0	-0.7647987973680646	0.1531372675204324	0.0870845493227302	0.0636845866895052
height	annotated_credset_2255.txt	ENSG00000182199	SHMT2	0	-0.6244324949705053	0.0780462063195829	0.367817154117849	0.0447884970883858
height	annotated_credset_2255.txt	ENSG00000185633	NDUFA4L2	0	-0.4925503286229757	0.1552352146212754	0.6315814868129078	0.0363808530079643
height	annotated_credset_2255.txt	ENSG00000185482	STAC3	0	-0.6247097411528704	0.2962996331810283	0.3672626617531186	0.023488931041034
height	annotated_credset_2255.txt	ENSG00000179912	R3HDM2	0	-0.4562243025773169	0.3088487032627582	0.7004820225620626	0.0142067472248441
height	annotated_credset_2255.txt	ENSG00000258830	RP11-123K3.4	0	-0.667546222297908	0.0	0.2815896994630433	0.0142067472248441
height	annotated_credset_2256.txt	ENSG00000205323	SARNP	0	-0.6676668619938219	0.3904240942145569	0.3386121453545358	0.0
height	annotated_credset_2256.txt	ENSG00000257390	RP11-762I7.5	0	-0.6961780849395681	0.0	0.2815896994630433	0.0132922883048738
height	annotated_credset_2256.txt	ENSG00000123353	ORMDL2	0	-0.4800538288479942	0.451264560139005	0.7138382116461911	0.0055979677917257
height	annotated_credset_2256.txt	ENSG00000135392	DNAJC14	0	-0.6094839030507974	0.5394169508977411	0.4549780632405847	0.0177429646136968
height	annotated_credset_2256.txt	ENSG00000123342	MMP19	0	-0.7485207701778221	0.3648754746122659	0.1769043289865352	0.0342286606911001
height	annotated_credset_2256.txt	ENSG00000170473	WIBG	0	-0.6512222061671141	0.1532788467726366	0.3715014570079512	0.1559528926735877
height	annotated_credset_2256.txt	ENSG00000065357	DGKA	0	-0.6411972359834389	0.309698178775983	0.3301508646528285	0.1850207783037251
height	annotated_credset_2256.txt	ENSG00000185664	PMEL	0	-0.7432874084589071	0.4931591479503185	0.1873710524243656	0.2112116099075063
height	annotated_credset_2256.txt	ENSG00000123374	CDK2	0	-0.3976084207279925	0.3888667224403115	0.8787290278861947	0.2104879337413676
height	annotated_credset_2256.txt	ENSG00000111540	RAB5B	0	-0.6001455972020099	0.2294742261406782	0.4736546749381597	0.240252340709646
height	annotated_credset_2256.txt	ENSG00000139531	SUOX	0	-0.6970397729361423	0.0180037325439217	0.2798663234698951	0.2564569843172731
height	annotated_credset_2256.txt	ENSG00000123411	IKZF4	0	-0.5653378780542005	0.1357101486582148	0.5432701132337783	0.299625014385216
height	annotated_credset_2256.txt	ENSG00000197728	RPS26	0	-0.5894067215000557	0.0928772765300212	0.4951324263420684	0.3076316154203377
height	annotated_credset_2256.txt	ENSG00000065361	ERBB3	0	-0.6488008433686404	0.458794002188043	0.323064663523783	0.3879732472757312
height	annotated_credset_2256.txt	ENSG00000257411	RP11-603J24.9	0	-0.6961780849395681	0.0	0.2815896994630433	0.3958264235326658
height	annotated_credset_2256.txt	ENSG00000170515	PA2G4	0	-0.5604577387346196	0.3457365338824892	0.5530303918729405	0.4020964733173346
height	annotated_credset_2256.txt	ENSG00000229117	RPL41	0	-0.707807593333842	0.2668382778814595	0.0833544530068321	0.4075763176072704
height	annotated_credset_2256.txt	ENSG00000135482	ZC3H10	0	-0.5464683900465795	0.0238638265010618	0.5810090892490204	0.4137553987181469
height	annotated_credset_2256.txt	ENSG00000139641	ESYT1	0	-0.632283980988405	0.4167964476478538	0.4093779073653694	0.443866029743396
height	annotated_credset_2256.txt	ENSG00000196465	MYL6B	0	-0.4657308595037296	0.3942724757062874	0.5927981714452552	0.4641995649480733
height	annotated_credset_2256.txt	ENSG00000092841	MYL6	0	-0.4282534382311432	0.1598043632151361	0.7052748531322737	0.4694255115962306
height	annotated_credset_2256.txt	ENSG00000139613	SMARCC2	0	-0.3589427928541989	0.3772057403951348	0.843896143886162	0.5048231876326318
height	annotated_credset_2256.txt	ENSG00000181852	RNF41	0	-0.5087288486475158	0.3722504665679902	0.5410646119046308	0.5487678457813088
height	annotated_credset_2256.txt	ENSG00000139579	NABP2	0	-0.4017388068964062	0.5641547075101359	0.4374291863736471	0.5595225154097977
height	annotated_credset_2256.txt	ENSG00000139540	SLC39A5	0	-0.4434124319347888	0.9970525773859322	0.5857144073814762	0.5703735846776784
height	annotated_credset_2256.txt	ENSG00000139645	ANKRD52	0	-0.4660219136589397	0.9961258768260506	0.6289780622650837	0.5982683817383151
height	annotated_credset_2256.txt	ENSG00000135469	COQ10A	0	-0.5864782358689477	0.7863311667417466	0.3880654178450679	0.6153419798418687
height	annotated_credset_2256.txt	ENSG00000062485	CS	0	-0.2211140240561878	0.7863311667417466	0.3422528468264226	0.6552948782748839
height	annotated_credset_2256.txt	ENSG00000144785	RP11-977G19.10	0	-0.6844575468002249	0.0	0.2815896994630433	0.6765666127868818
height	annotated_credset_2256.txt	ENSG00000257727	CNPY2	1	-0.3095959793384232	0.9904627067378854	0.6142478100107309	0.6769427071546499
height	annotated_credset_2256.txt	ENSG00000135473	PAN2	0	-0.0651931745689021	1.0	0.8299594807222586	0.7009978115364119
height	annotated_credset_2256.txt	ENSG00000110944	IL23A	0	-0.3782832694047663	0.7863311667417466	0.4311466921735771	0.7096276158740809
height	annotated_credset_2256.txt	ENSG00000170581	STAT2	0	-0.268822627689452	0.952931334062681	0.6316975856658512	0.7364375775562095
height	annotated_credset_2256.txt	ENSG00000175336	APOF	0	-0.4056059920038087	0.8905334963639874	0.3395501819120158	0.7400600316111027
height	annotated_credset_2256.txt	ENSG00000111602	TIMELESS	0	-0.3097575668146072	0.4991827015895489	0.6206835633573133	0.8576132820131436
height	annotated_credset_2256.txt	ENSG00000135517	MIP	0	-0.7001895424275587	0.4374155351052191	0.1082436462500624	0.8844463252990703
height	annotated_credset_2256.txt	ENSG00000176422	SPRYD4	0	-0.5105657729786831	0.3400347512709956	0.3945406026435413	0.8869079104570617
height	annotated_credset_2256.txt	ENSG00000135423	GLS2	0	-0.4379018170568237	0.4038998648561683	0.4229401754827436	0.9105801317640564
height	annotated_credset_2256.txt	ENSG00000076067	RBMS2	0	0.0651931745689021	0.432447390436965	0.7632864335297277	1.0
height	annotated_credset_2256.txt	ENSG00000076108	BAZ2A	0	-0.2340628610200977	0.2318295900637106	0.7927286069653754	0.9438944295134724
height	annotated_credset_2256.txt	ENSG00000110955	ATP5B	0	-0.624868391804751	0.2157925220413154	0.0359066403209955	0.8860831584477702
height	annotated_credset_2256.txt	ENSG00000110958	PTGES3	0	-0.6522373518487973	0.3131733058755389	0.3057875366086351	0.8519115228954652
height	annotated_credset_2256.txt	ENSG00000196531	NACA	0	-0.3143032914982481	0.3389149880944719	0.5657170415107833	0.7852667862821113
height	annotated_credset_2256.txt	ENSG00000198056	PRIM1	0	-0.5461451398821114	0.3972842525259025	0.5658704915020899	0.7592415991291162
height	annotated_credset_2256.txt	ENSG00000025423	HSD17B6	0	-0.587384152500605	0.4736598236694768	0.475736488062283	0.7313196472404817
height	annotated_credset_2256.txt	ENSG00000170426	SDR9C7	0	-0.8369729346710898	0.3717999871291589	0.0	0.4991553720499505
height	annotated_credset_2256.txt	ENSG00000139547	RDH16	0	-0.6323745687608066	0.4253169444623206	0.4091967318205665	0.4607570875198036
height	annotated_credset_2256.txt	ENSG00000166856	GPR182	0	-0.7478386770510922	0.410927344101937	0.1782685152399953	0.4023592721693509
height	annotated_credset_2256.txt	ENSG00000268162	HBCBP	0	-0.7931662956270548	0.35006113649527	0.0876132780880702	0.3989445525486403
height	annotated_credset_2256.txt	ENSG00000166860	ZBTB39	0	-0.5056576312153643	0.423424930819229	0.3782114279487435	0.3964015029066557
height	annotated_credset_2256.txt	ENSG00000166863	TAC3	0	-0.6011400310832259	0.3929596499131218	0.266807861733528	0.3812409624355401
height	annotated_credset_2256.txt	ENSG00000166866	MYO1A	0	-0.7121538346161859	0.4108629898963897	0.2496382001098078	0.3560996649338701
height	annotated_credset_2256.txt	ENSG00000166881	TMEM194A	0	-0.6968085809746537	0.4309672437093764	0.2803287073928722	0.3192709294619902
height	annotated_credset_2256.txt	ENSG00000166886	NAB2	0	-0.4299352701133477	0.5467919428534656	0.8031725667024594	0.2741246701744149
height	annotated_credset_2256.txt	ENSG00000166888	STAT6	0	-0.1991406834534267	0.7727910418945878	0.701626831346154	0.2652803426955642
height	annotated_credset_2256.txt	ENSG00000123384	LRP1	0	-0.3006755537468649	0.568299118347384	1.0	0.2203594684803698
height	annotated_credset_2256.txt	ENSG00000182379	NXPH4	0	-0.7934306600097246	0.1531372675204324	0.0870845493227302	0.1004681873877269
height	annotated_credset_2256.txt	ENSG00000182199	SHMT2	0	-0.6530643576121654	0.0780462063195829	0.367817154117849	0.0834529721643685
height	annotated_credset_2256.txt	ENSG00000185633	NDUFA4L2	0	-0.5211821912646358	0.1552352146212754	0.6315814868129078	0.0758822061186099
height	annotated_credset_2256.txt	ENSG00000185482	STAC3	0	-0.6533416037945304	0.2962996331810283	0.3672626617531186	0.0642735171495933
height	annotated_credset_2256.txt	ENSG00000179912	R3HDM2	0	-0.4850342042929211	0.3088487032627582	0.7004820225620626	0.0559152610919014
height	annotated_credset_2256.txt	ENSG00000258830	RP11-123K3.4	0	-0.650912589162438	0.0	0.2815896994630433	0.0559152610919014
height	annotated_credset_2257.txt	ENSG00000139531	SUOX	0	-0.9739293122783076	0.0180037325439217	0.2798663234698951	0.0
height	annotated_credset_2257.txt	ENSG00000123411	IKZF4	0	-0.842227417396366	0.1357101486582148	0.5432701132337783	0.0426396510935513
height	annotated_credset_2257.txt	ENSG00000197728	RPS26	0	-0.8662962608422209	0.0928772765300212	0.4951324263420684	0.0505482509079399
height	annotated_credset_2257.txt	ENSG00000065361	ERBB3	0	-0.9523301422513636	0.458794002188043	0.323064663523783	0.1299064969341938
height	annotated_credset_2257.txt	ENSG00000257411	RP11-603J24.9	0	-0.9730676242817334	0.0	0.2815896994630433	0.1376635498978064
height	annotated_credset_2257.txt	ENSG00000170515	PA2G4	0	-0.8373472780767849	0.3457365338824892	0.5530303918729405	0.1438568539410228
height	annotated_credset_2257.txt	ENSG00000229117	RPL41	0	-1.072185247509839	0.2668382778814595	0.0833544530068321	0.1492696246466142
height	annotated_credset_2257.txt	ENSG00000135482	ZC3H10	0	-0.8233579293887449	0.0238638265010618	0.5810090892490204	0.1553730734774235
height	annotated_credset_2257.txt	ENSG00000139641	ESYT1	0	-0.9091735203305704	0.4167964476478538	0.4093779073653694	0.1851151487841382
height	annotated_credset_2257.txt	ENSG00000196465	MYL6B	0	-0.8174633882906276	0.3942724757062874	0.5927981714452552	0.2051998004409611
height	annotated_credset_2257.txt	ENSG00000092841	MYL6	0	-0.7612250474471183	0.1598043632151361	0.7052748531322737	0.2103617812253568
height	annotated_credset_2257.txt	ENSG00000139613	SMARCC2	0	-0.6919144020701741	0.3772057403951348	0.843896143886162	0.2453261878322631
height	annotated_credset_2257.txt	ENSG00000181852	RNF41	0	-0.8433301680609396	0.3722504665679902	0.5410646119046308	0.288732961037707
height	annotated_credset_2257.txt	ENSG00000139579	NABP2	0	-0.8931796162466586	0.5641547075101359	0.4374291863736471	0.2993559929403308
height	annotated_credset_2257.txt	ENSG00000139540	SLC39A5	0	-0.7928007696473156	0.9970525773859322	0.5857144073814762	0.3100742445456545
height	annotated_credset_2257.txt	ENSG00000139645	ANKRD52	0	-0.7711689422055118	0.9961258768260506	0.6289780622650837	0.3376276078128437
height	annotated_credset_2257.txt	ENSG00000135469	COQ10A	0	-0.8916252644155197	0.7863311667417466	0.3880654178450679	0.3544922241713203
height	annotated_credset_2257.txt	ENSG00000062485	CS	0	-0.9145315499248424	0.7863311667417466	0.3422528468264226	0.3939560970114424
height	annotated_credset_2257.txt	ENSG00000144785	RP11-977G19.10	0	-0.9730676242817334	0.0	0.2815896994630433	0.4149674643663732
height	annotated_credset_2257.txt	ENSG00000257727	CNPY2	1	-0.7785340683326882	0.9904627067378854	0.6142478100107309	0.4153389553191604
height	annotated_credset_2257.txt	ENSG00000135473	PAN2	0	-0.6648589122982135	1.0	0.8299594807222586	0.4390996239492304
height	annotated_credset_2257.txt	ENSG00000110944	IL23A	0	-0.8700846272512651	0.7863311667417466	0.4311466921735771	0.4476237990247356
height	annotated_credset_2257.txt	ENSG00000170581	STAT2	0	-0.769809180505128	0.952931334062681	0.6316975856658512	0.4741056053559071
height	annotated_credset_2257.txt	ENSG00000175336	APOF	0	-0.9158828823820456	0.8905334963639874	0.3395501819120158	0.4776837203813079
height	annotated_credset_2257.txt	ENSG00000111602	TIMELESS	0	-0.8021731505255164	0.4991827015895489	0.6206835633573133	0.593798112772315
height	annotated_credset_2257.txt	ENSG00000135517	MIP	0	-1.058239150281687	0.4374155351052191	0.1082436462500624	0.6203027181872315
height	annotated_credset_2257.txt	ENSG00000176422	SPRYD4	0	-0.9150906720849477	0.3400347512709956	0.3945406026435413	0.6227341734125132
height	annotated_credset_2257.txt	ENSG00000135423	GLS2	0	-0.9008908856653464	0.4038998648561683	0.4229401754827436	0.64611664547693
height	annotated_credset_2257.txt	ENSG00000076067	RBMS2	0	-0.727359630955209	0.432447390436965	0.7632864335297277	0.7836447419948394
height	annotated_credset_2257.txt	ENSG00000076108	BAZ2A	0	-0.712638544237385	0.2318295900637106	0.7927286069653754	0.8451419175907001
height	annotated_credset_2257.txt	ENSG00000110955	ATP5B	0	-1.0611802095511522	0.2157925220413154	0.0359066403209955	0.8574775630193497
height	annotated_credset_2257.txt	ENSG00000110958	PTGES3	0	-0.9561090794157552	0.3131733058755389	0.3057875366086351	0.9142888563443144
height	annotated_credset_2257.txt	ENSG00000196531	NACA	0	-0.7858894956505942	0.3389149880944719	0.5657170415107833	0.972296431004608
height	annotated_credset_2257.txt	ENSG00000198056	PRIM1	0	0.1533429271676299	0.3972842525259025	0.5658704915020899	1.0
height	annotated_credset_2257.txt	ENSG00000025423	HSD17B6	0	-0.1533429271676299	0.4736598236694768	0.475736488062283	1.0
height	annotated_credset_2257.txt	ENSG00000170426	SDR9C7	0	-1.0791335297116498	0.3717999871291589	0.0	0.770843727033276
height	annotated_credset_2257.txt	ENSG00000139547	RDH16	0	-0.9052602852994746	0.4253169444623206	0.4091967318205665	0.7329154395395121
height	annotated_credset_2257.txt	ENSG00000166856	GPR182	0	-0.9242685215308916	0.410927344101937	0.1782685152399953	0.6752324165419422
height	annotated_credset_2257.txt	ENSG00000268162	HBCBP	0	-0.971223466118512	0.35006113649527	0.0876132780880702	0.671859493270247
height	annotated_credset_2257.txt	ENSG00000166860	ZBTB39	0	-0.8190543598313639	0.423424930819229	0.3782114279487435	0.6693475706905708
height	annotated_credset_2257.txt	ENSG00000166863	TAC3	0	-0.9789570425399542	0.3929596499131218	0.266807861733528	0.6543725960377875
height	annotated_credset_2257.txt	ENSG00000166866	MYO1A	0	-0.9576777409474868	0.4108629898963897	0.2496382001098078	0.6295390293491264
height	annotated_credset_2257.txt	ENSG00000166881	TMEM194A	0	-0.9263787676900184	0.4309672437093764	0.2803287073928722	0.5931610795500265
height	annotated_credset_2257.txt	ENSG00000166886	NAB2	0	-0.6634815634723892	0.5467919428534656	0.8031725667024594	0.5485674128672664
height	annotated_credset_2257.txt	ENSG00000166888	STAT6	0	-0.6347871941548449	0.7727910418945878	0.701626831346154	0.5398313404251895
height	annotated_credset_2257.txt	ENSG00000123384	LRP1	0	-0.5832599592694502	0.568299118347384	1.0	0.4954603000895869
height	annotated_credset_2257.txt	ENSG00000182379	NXPH4	0	-1.0296754344516823	0.1531372675204324	0.0870845493227302	0.3770364946274629
height	annotated_credset_2257.txt	ENSG00000182199	SHMT2	0	-0.9299538969543306	0.0780462063195829	0.367817154117849	0.3602295465396355
height	annotated_credset_2257.txt	ENSG00000185633	NDUFA4L2	0	-0.7980717306068011	0.1552352146212754	0.6315814868129078	0.3527514470712565
height	annotated_credset_2257.txt	ENSG00000185482	STAC3	0	-0.9012794982392348	0.2962996331810283	0.3672626617531186	0.3412848490700656
height	annotated_credset_2257.txt	ENSG00000179912	R3HDM2	0	-0.7636214627322239	0.3088487032627582	0.7004820225620626	0.3330288985092081
height	annotated_credset_2257.txt	ENSG00000258830	RP11-123K3.4	0	-0.9730676242817334	0.0	0.2815896994630433	0.3330288985092081
height	annotated_credset_2257.txt	ENSG00000268367	AC126614.1	0	-0.9730676242817334	0.0	0.2815896994630433	0.1093216065575529
height	annotated_credset_2257.txt	ENSG00000175189	INHBC	0	-0.9979354622850576	0.2785121307677456	0.2318540234563954	0.0847187129514889
height	annotated_credset_2257.txt	ENSG00000139269	INHBE	0	-0.9692011666360418	0.3929210373897934	0.2893226147544265	0.0611645771976975
height	annotated_credset_2257.txt	ENSG00000111087	GLI1	0	-0.6388227157200058	0.3672308385352983	0.9500795165864986	0.0506877276555568
height	annotated_credset_2257.txt	ENSG00000123329	ARHGAP9	0	-0.9509529673657412	0.564849732930047	0.3218824841354817	0.0344333220679037
height	annotated_credset_2257.txt	ENSG00000166986	MARS	0	-0.7969477169553717	0.563910161529056	0.6280992427763504	0.0301551410592722
height	annotated_credset_2330.txt	ENSG00000111252	SH2B3	0	-0.3757615218151968	0.8901202486497504	0.6751629865553707	0.0
height	annotated_credset_2330.txt	ENSG00000204842	ATXN2	0	-0.2159550098362292	0.9182716804239276	1.0	0.2109077181686088
height	annotated_credset_2330.txt	ENSG00000089234	BRAP	0	-0.4356787614696327	1.0	0.5402637909073875	0.333859939029602
height	annotated_credset_2330.txt	ENSG00000111271	ACAD10	0	-0.2884492132698288	0.9029348822989912	0.6628354895408818	0.4351633949685176
height	annotated_credset_2330.txt	ENSG00000257767	RP11-162P23.2	0	-0.5220876806035712	0.0	0.4914667675351404	0.4840522522009174
height	annotated_credset_2330.txt	ENSG00000111275	ALDH2	0	-0.3723712724743486	0.8728217670437176	0.6871674747237614	0.5104917519017635
height	annotated_credset_2330.txt	ENSG00000089022	MAPKAPK5	0	-0.3730501562249149	0.7626108223784775	0.6609886642081024	0.6338015328072025
height	annotated_credset_2330.txt	ENSG00000198270	TMEM116	0	-0.192900473749739	0.705288902476307	0.6004141487721016	0.7999415937776005
height	annotated_credset_2330.txt	ENSG00000089248	ERP29	0	-0.1363769986078584	0.6299806379292775	0.7389714101825715	0.8145930083478162
height	annotated_credset_2330.txt	ENSG00000111300	NAA25	0	-0.4687375485459608	0.6229236726790992	0.5219151672170725	0.9364924926636088
height	annotated_credset_2330.txt	ENSG00000135148	TRAFD1	0	0.0965129701491069	0.5368134107816163	0.5221765987035826	1.0
height	annotated_credset_2330.txt	ENSG00000173064	HECTD4	0	-0.1088450980894075	0.4147814124121064	0.6850478798290928	0.9914142853072736
height	annotated_credset_2330.txt	ENSG00000089009	RPL6	0	-0.121533127752641	0.9112147151737492	0.7595959080270398	0.6423986438360068
height	annotated_credset_2330.txt	ENSG00000179295	PTPN11	1	-0.0965129701491069	0.6686028737389178	0.8224245189799575	0.6236502464457677
height	annotated_credset_2330.txt	ENSG00000089169	RPH3A	0	-0.7662666944446888	0.4527922144094569	0.0	0.4070785492464173
height	annotated_credset_2331.txt	ENSG00000111271	ACAD10	0	-0.4070311281771783	0.9930415792403544	0.8059529771352002	0.0816210304493759
height	annotated_credset_2331.txt	ENSG00000257767	RP11-162P23.2	0	-0.6916209864586418	0.2342097375069584	0.5975828251627278	0.1273937340784879
height	annotated_credset_2331.txt	ENSG00000111275	ALDH2	0	-0.5206942867939692	0.9677343382006592	0.8355386529283518	0.1521479920509323
height	annotated_credset_2331.txt	ENSG00000089022	MAPKAPK5	0	-0.5366099179014467	0.8751124052584249	0.8037073907133971	0.2675980634061456
height	annotated_credset_2331.txt	ENSG00000198270	TMEM116	0	-0.5734367111439016	0.8269387230762643	0.7300538042284872	0.4231484321859016
height	annotated_credset_2331.txt	ENSG00000089248	ERP29	0	-0.4775424044380931	0.7636492099516121	0.8985279416269205	0.4368659722315154
height	annotated_credset_2331.txt	ENSG00000111300	NAA25	0	-0.6244303300042175	0.7577184944118528	0.6346055536675841	0.550995638662552
height	annotated_credset_2331.txt	ENSG00000135148	TRAFD1	0	-0.1014981842685118	0.6853509185115403	0.6349234326710389	0.6104552062632816
height	annotated_credset_2331.txt	ENSG00000173064	HECTD4	0	-0.5430374188880966	0.5827945017770737	0.8329614013438568	0.915200661536226
height	annotated_credset_2331.txt	ENSG00000089009	RPL6	0	-0.0903479607240935	1.0	0.9236056203299444	0.9642103578430924
height	annotated_credset_2331.txt	ENSG00000179295	PTPN11	1	0.0903479607240935	0.7961075664796814	1.0	1.0
height	annotated_credset_2331.txt	ENSG00000089169	RPH3A	0	-0.9469255058629732	0.6147390056951997	0.0	0.8336716593088381
height	annotated_credset_2331.txt	ENSG00000089127	OAS1	0	-0.9035431397074128	0.4038239198389928	0.1737385186651854	0.3850034010429788
height	annotated_credset_2331.txt	ENSG00000111331	OAS3	0	-0.8674256420212965	0.322673746413737	0.245973514037418	0.3428904864158273
height	annotated_credset_2331.txt	ENSG00000111335	OAS2	0	-0.8193417672038905	0.463987496253158	0.3421412636722302	0.2894834415887481
height	annotated_credset_2331.txt	ENSG00000135144	DTX1	0	-0.7388840073755978	0.4773476641116772	0.5030567833288156	0.1850327433746312
height	annotated_credset_2331.txt	ENSG00000111344	RASAL1	0	-0.4896653367384558	0.2110456900612341	0.3846437484739492	0.1288688531149527
height	annotated_credset_2331.txt	ENSG00000186710	CCDC42B	0	-0.5189635800201464	0.0829529396651394	0.2601550423671106	0.0607959774330782
height	annotated_credset_2331.txt	ENSG00000123064	DDX54	0	-0.6546861935664514	0.0783154198604034	0.6714524109471084	0.051038318417647
height	annotated_credset_2331.txt	ENSG00000139405	RITA1	0	-0.6101532516853263	0.0	0.7605182947093587	0.013224055376982
height	annotated_credset_2331.txt	ENSG00000166578	IQCD	0	-0.2464757962031771	0.0768188241339442	0.689561972153149	0.0
height	annotated_credset_2426.txt	ENSG00000125257	ABCC4	0	-1.0440344018456091	0.0	0.1566843840544231	0.0
height	annotated_credset_2426.txt	ENSG00000134873	CLDN10	0	-1.0608890255243724	0.2782149045952519	0.0772741097803932	0.493113988017158
height	annotated_credset_2426.txt	ENSG00000134874	DZIP1	0	-0.3320008984777723	0.2828504443808035	0.711347551678769	0.608176162725185
height	annotated_credset_2426.txt	ENSG00000102580	DNAJC3	0	-0.0826334626228456	0.9991020158530606	0.9147077915069084	0.8744399282488753
height	annotated_credset_2426.txt	ENSG00000102595	UGGT2	1	0.0826334626228456	0.943548347951868	1.0	1.0
height	annotated_credset_2426.txt	ENSG00000185352	HS6ST3	0	-1.035642656609332	1.0	0.0	0.6013985728078848
height	annotated_credset_2494.txt	ENSG00000165861	ZFYVE1	0	-0.547645271379429	0.5009161570295312	0.4145956641005427	0.0334726678787525
height	annotated_credset_2494.txt	ENSG00000119707	RBM25	0	-0.3503789594747754	0.5181900977162055	0.7092673813088979	0.1594119791555137
height	annotated_credset_2494.txt	ENSG00000080815	PSEN1	0	-0.4830959271177483	0.3674081733754167	0.5436943526239042	0.2961468142912147
height	annotated_credset_2494.txt	ENSG00000100767	PAPLN	0	-0.6398559551481471	0.5185903079888461	0.2317248517922936	0.3642608879864624
height	annotated_credset_2494.txt	ENSG00000133961	NUMB	0	-0.3774306025331616	0.4152062597213238	0.6812891686250476	0.6169363070997281
height	annotated_credset_2494.txt	ENSG00000187105	HEATR4	0	-0.6229023991314162	0.4831338411316649	0.3553271790509751	0.7443475529608476
height	annotated_credset_2494.txt	ENSG00000184227	ACOT1	0	-0.5928085456733216	0.1564649102122845	0.2267141934088757	0.724089401501465
height	annotated_credset_2494.txt	ENSG00000119673	ACOT2	0	-0.5511057007414073	0.4031350525789767	0.3389213244653312	0.7666819209592932
height	annotated_credset_2494.txt	ENSG00000177465	ACOT4	0	-0.6189084095416653	0.2901784072496468	0.1708748868529134	0.7945470731316625
height	annotated_credset_2494.txt	ENSG00000205669	ACOT6	0	-0.6000450694777658	0.3264136616643988	0.2489533154472041	0.8258200011946124
height	annotated_credset_2494.txt	ENSG00000119661	DNAL1	0	-0.4759032661716195	0.2030948152218354	0.3776108768324459	0.9379102930714036
height	annotated_credset_2494.txt	ENSG00000176903	PNMA1	0	-0.4936915731379702	0.1606508933342275	0.3916994755309703	0.9522058394025048
height	annotated_credset_2494.txt	ENSG00000156030	ELMSAN1	0	0.1886577316493048	0.4209281849706981	0.4628909859539089	1.0
height	annotated_credset_2494.txt	ENSG00000140043	PTGR2	0	-0.4709719974138512	0.4558005611597012	0.3083468178971767	0.8640777403904798
height	annotated_credset_2494.txt	ENSG00000258653	RP5-1021I20.4	0	-0.6646218001357055	0.0157639581444953	0.2756190317588881	0.8639079532040915
height	annotated_credset_2494.txt	ENSG00000119725	ZNF410	0	-0.430007932207615	0.4750755532095783	0.3921119634616269	0.8175894739945772
height	annotated_credset_2494.txt	ENSG00000156050	FAM161B	0	-0.5537164991354004	0.4459034692822392	0.2398936993112561	0.7575837411296046
height	annotated_credset_2494.txt	ENSG00000119723	COQ6	0	-0.4871216176157692	0.4121560084541716	0.3665134807755063	0.7329512300335097
height	annotated_credset_2494.txt	ENSG00000187097	ENTPD5	0	-0.5091053815162726	0.3823565678832338	0.4239378644811523	0.7221436740117549
height	annotated_credset_2494.txt	ENSG00000119636	CCDC176	0	-0.6235863037532481	0.3710641482984574	0.3672415496397699	0.6401337891722572
height	annotated_credset_2494.txt	ENSG00000119711	ALDH6A1	0	-0.5179314179286975	0.3516701748161737	0.4572348883359904	0.5900037881643729
height	annotated_credset_2494.txt	ENSG00000205659	LIN52	0	-0.4774367637794853	0.3652989570736625	0.5339956047154694	0.5526425857170749
height	annotated_credset_2494.txt	ENSG00000119614	VSX2	0	-0.8093424745768562	0.0	0.0	0.3458551617659451
height	annotated_credset_2494.txt	ENSG00000119688	ABCD4	0	-0.5358447154119775	0.2225861371488155	0.4338651872903284	0.2844229491539152
height	annotated_credset_2494.txt	ENSG00000133980	VRTN	0	-0.7255398124194209	0.2589511894898292	0.121627970265188	0.2608318885948004
height	annotated_credset_2494.txt	ENSG00000183379	SYNDIG1L	0	-0.2311032100263627	0.7035415364180532	0.2927149583154643	0.1233657653413483
height	annotated_credset_2494.txt	ENSG00000119655	NPC2	0	-0.4837840887133863	0.6417793565051476	0.459638519316051	0.0293825415940283
height	annotated_credset_2494.txt	ENSG00000165898	ISCA2	0	-0.5378541439691008	0.601379751956163	0.4315284924609331	0.0059492360584869
height	annotated_credset_2494.txt	ENSG00000119681	LTBP2	1	-0.1886577316493048	1.0	1.0	0.0
height	annotated_credset_2495.txt	ENSG00000205669	ACOT6	0	-0.6758421007713348	0.3264136616643988	0.2489533154472041	0.0
height	annotated_credset_2495.txt	ENSG00000119661	DNAL1	0	-0.5456018482349944	0.2030948152218354	0.3776108768324459	0.1184507668364119
height	annotated_credset_2495.txt	ENSG00000176903	PNMA1	0	-0.6044690207294517	0.1606508933342275	0.3916994755309703	0.1335575026376327
height	annotated_credset_2495.txt	ENSG00000156030	ELMSAN1	0	-0.5688732655179823	0.4209281849706981	0.4628909859539089	0.2407301368731707
height	annotated_credset_2495.txt	ENSG00000140043	PTGR2	0	-0.6461453495463484	0.4558005611597012	0.3083468178971767	0.3771216535402852
height	annotated_credset_2495.txt	ENSG00000258653	RP5-1021I20.4	0	-0.6625092426154927	0.0157639581444953	0.2756190317588881	0.441333404115548
height	annotated_credset_2495.txt	ENSG00000119725	ZNF410	0	-0.6042627767641234	0.4750755532095783	0.3921119634616269	0.4416625792246553
height	annotated_credset_2495.txt	ENSG00000156050	FAM161B	0	-0.6803719088393089	0.4459034692822392	0.2398936993112561	0.4669553774149906
height	annotated_credset_2495.txt	ENSG00000119723	COQ6	0	-0.6170620181071836	0.4121560084541716	0.3665134807755063	0.4856830394163918
height	annotated_credset_2495.txt	ENSG00000187097	ENTPD5	0	-0.5817939709801602	0.3823565678832338	0.4239378644811523	0.5644152267788003
height	annotated_credset_2495.txt	ENSG00000119636	CCDC176	0	-0.6078027653027068	0.3710641482984574	0.3672415496397699	0.654075180102346
height	annotated_credset_2495.txt	ENSG00000119711	ALDH6A1	0	-0.3769493960110542	0.3516701748161737	0.4572348883359904	0.6563779930973885
height	annotated_credset_2495.txt	ENSG00000205659	LIN52	0	-0.1556132959389905	0.3652989570736625	0.5339956047154694	0.8213046121411098
height	annotated_credset_2495.txt	ENSG00000119614	VSX2	0	-0.536630373008334	0.0	0.0	0.9081969515644788
height	annotated_credset_2495.txt	ENSG00000119688	ABCD4	0	-0.3544252335486556	0.2225861371488155	0.4338651872903284	0.9651569603584204
height	annotated_credset_2495.txt	ENSG00000133980	VRTN	0	-0.347114224179451	0.2589511894898292	0.121627970265188	1.0
height	annotated_credset_2495.txt	ENSG00000183379	SYNDIG1L	0	-0.1185821675703894	0.7035415364180532	0.2927149583154643	0.8895581439537332
height	annotated_credset_2495.txt	ENSG00000119655	NPC2	0	-0.1109483432697421	0.6417793565051476	0.459638519316051	0.7902419165068035
height	annotated_credset_2495.txt	ENSG00000165898	ISCA2	0	-0.2540313193819324	0.601379751956163	0.4315284924609331	0.7654789065821989
height	annotated_credset_2495.txt	ENSG00000119681	LTBP2	1	0.1109483432697421	1.0	1.0	0.7591920858288619
height	annotated_credset_2495.txt	ENSG00000119682	AREL1	0	-0.6390919861011674	0.5114838715260126	0.3149224979201686	0.5398357267483282
height	annotated_credset_2495.txt	ENSG00000214670	AC007956.1	0	-0.6625092426154927	0.0157639581444953	0.2756190317588881	0.4851064797452896
height	annotated_credset_2495.txt	ENSG00000119616	FCF1	0	-0.6444763540495059	0.4813491196455652	0.1798618652034228	0.4554835454630492
height	annotated_credset_2495.txt	ENSG00000119596	YLPM1	0	-0.3681335227534718	0.6836824536999981	0.4542603554779865	0.3845314753789839
height	annotated_credset_2495.txt	ENSG00000119608	PROX2	0	-0.5821750847467267	0.6302489740555579	0.3596857230075897	0.257852743583598
height	annotated_credset_2495.txt	ENSG00000119689	DLST	0	-0.5257185407359416	0.6439859212515981	0.4538960655915377	0.2170830641903847
height	annotated_credset_2495.txt	ENSG00000198208	RPS6KL1	0	-0.5369947429498542	0.6070692277239718	0.5192859037860883	0.1859131481722108
height	annotated_credset_2495.txt	ENSG00000119630	PGF	0	-0.5812145087373312	0.2875824487244109	0.4348646789433117	0.1323974694898726
height	annotated_credset_2496.txt	ENSG00000140043	PTGR2	0	-0.705528980298912	0.4558005611597012	0.3083468178971767	0.0830035736347006
height	annotated_credset_2496.txt	ENSG00000258653	RP5-1021I20.4	0	-0.8069354096267537	0.0157639581444953	0.2756190317588881	0.1474584586609357
height	annotated_credset_2496.txt	ENSG00000119725	ZNF410	0	-0.6636464075166869	0.4750755532095783	0.3921119634616269	0.1477888801744582
height	annotated_credset_2496.txt	ENSG00000156050	FAM161B	0	-0.7397555395918722	0.4459034692822392	0.2398936993112561	0.1731774482285095
height	annotated_credset_2496.txt	ENSG00000119723	COQ6	0	-0.6764456488597471	0.4121560084541716	0.3665134807755063	0.1919760215471993
height	annotated_credset_2496.txt	ENSG00000187097	ENTPD5	0	-0.6477334570069241	0.3823565678832338	0.4239378644811523	0.2710063242386044
height	annotated_credset_2496.txt	ENSG00000119636	CCDC176	0	-0.7611241506863129	0.3710641482984574	0.3672415496397699	0.3610057703081074
height	annotated_credset_2496.txt	ENSG00000119711	ALDH6A1	0	-0.6140244864193795	0.3516701748161737	0.4572348883359904	0.3633173027846814
height	annotated_credset_2496.txt	ENSG00000205659	LIN52	0	-0.5757019447350721	0.3652989570736625	0.5339956047154694	0.5288684078860582
height	annotated_credset_2496.txt	ENSG00000119614	VSX2	0	-0.893799881942355	0.0	0.0	0.616089760629421
height	annotated_credset_2496.txt	ENSG00000119688	ABCD4	0	-0.5928440510687972	0.2225861371488155	0.4338651872903284	0.6732654455315737
height	annotated_credset_2496.txt	ENSG00000133980	VRTN	0	-0.7425251195270463	0.2589511894898292	0.121627970265188	0.7540301066394512
height	annotated_credset_2496.txt	ENSG00000183379	SYNDIG1L	0	-0.6815051221297156	0.7035415364180532	0.2927149583154643	0.8477592032693159
height	annotated_credset_2496.txt	ENSG00000119655	NPC2	0	-0.3378992271350985	0.6417793565051476	0.459638519316051	0.944297591823164
height	annotated_credset_2496.txt	ENSG00000165898	ISCA2	0	-0.508645434143285	0.601379751956163	0.4315284924609331	0.948451259690578
height	annotated_credset_2496.txt	ENSG00000119681	LTBP2	1	0.3378992271350985	1.0	1.0	1.0
height	annotated_credset_2496.txt	ENSG00000119682	AREL1	0	-0.6941565450840164	0.5114838715260126	0.3149224979201686	0.829852922152806
height	annotated_credset_2496.txt	ENSG00000214670	AC007956.1	0	-0.7872772017333821	0.0157639581444953	0.2756190317588881	0.7749164457049541
height	annotated_credset_2496.txt	ENSG00000119616	FCF1	0	-0.7375048994291447	0.4813491196455652	0.1798618652034228	0.7451813457240934
height	annotated_credset_2496.txt	ENSG00000119596	YLPM1	0	-0.3584010379359669	0.6836824536999981	0.4542603554779865	0.6739606193201073
height	annotated_credset_2496.txt	ENSG00000119608	PROX2	0	-0.6528232781061017	0.6302489740555579	0.3596857230075897	0.5468022251011151
height	annotated_credset_2496.txt	ENSG00000119689	DLST	0	-0.5937478848178203	0.6439859212515981	0.4538960655915377	0.5058781734391694
height	annotated_credset_2496.txt	ENSG00000198208	RPS6KL1	0	-0.4563344593843329	0.6070692277239718	0.5192859037860883	0.4745902341565612
height	annotated_credset_2496.txt	ENSG00000119630	PGF	0	-0.5259343597543295	0.2875824487244109	0.4348646789433117	0.4208719211426829
height	annotated_credset_2496.txt	ENSG00000119718	EIF2B2	0	-0.5935182800768098	0.3694200412324746	0.4625774974017448	0.3342575229391812
height	annotated_credset_2496.txt	ENSG00000119684	MLH3	0	-0.6385697808049152	0.4597161319352655	0.4293026371579974	0.3188666873758333
height	annotated_credset_2496.txt	ENSG00000119640	ACYP1	0	-0.6561472292530733	0.5342634075849582	0.4071103199888541	0.2629120021438217
height	annotated_credset_2496.txt	ENSG00000119703	ZC2HC1C	0	-0.6649092330036939	0.5479462723117227	0.3417725393324005	0.2473850272444301
height	annotated_credset_2496.txt	ENSG00000119638	NEK9	0	-0.5916744665213064	0.5230467034571677	0.3713652317057449	0.2219312257585246
height	annotated_credset_2496.txt	ENSG00000170348	TMED10	0	-0.5480670608705612	0.5214350458727505	0.6232706567538782	0.1519456802055175
height	annotated_credset_2496.txt	ENSG00000258740	RP11-293M10.1	0	-0.805692056736739	0.0157639581444953	0.2756190317588881	0.0
height	annotated_credset_2498.txt	ENSG00000140043	PTGR2	0	-0.7473699508151168	0.4558005611597012	0.3083468178971767	0.0804723652089293
height	annotated_credset_2498.txt	ENSG00000258653	RP5-1021I20.4	0	-0.8228847781036214	0.0157639581444953	0.2756190317588881	0.1431503626678045
height	annotated_credset_2498.txt	ENSG00000119725	ZNF410	0	-0.6782550887186217	0.4750755532095783	0.3921119634616269	0.143471675145152
height	annotated_credset_2498.txt	ENSG00000156050	FAM161B	0	-0.7815965101080771	0.4459034692822392	0.2398936993112561	0.1681603330076026
height	annotated_credset_2498.txt	ENSG00000119723	COQ6	0	-0.718286619375952	0.4121560084541716	0.3665134807755063	0.1864406686287077
height	annotated_credset_2498.txt	ENSG00000187097	ENTPD5	0	-0.6807326745171475	0.3823565678832338	0.4239378644811523	0.2632922697020758
height	annotated_credset_2498.txt	ENSG00000119636	CCDC176	0	-0.7770735191631806	0.3710641482984574	0.3672415496397699	0.3508106176092738
height	annotated_credset_2498.txt	ENSG00000119711	ALDH6A1	0	-0.620386865016639	0.3516701748161737	0.4572348883359904	0.3530584259271979
height	annotated_credset_2498.txt	ENSG00000205659	LIN52	0	-0.5820065068268995	0.3652989570736625	0.5339956047154694	0.5140456302428146
height	annotated_credset_2498.txt	ENSG00000119614	VSX2	0	-0.9585450697017543	0.0	0.0	0.5988624710979799
height	annotated_credset_2498.txt	ENSG00000119688	ABCD4	0	-0.60240326518394	0.2225861371488155	0.4338651872903284	0.6544619408906561
height	annotated_credset_2498.txt	ENSG00000133980	VRTN	0	-0.7744344661075516	0.2589511894898292	0.121627970265188	0.7330000877142213
height	annotated_credset_2498.txt	ENSG00000183379	SYNDIG1L	0	-0.465847887937821	0.7035415364180532	0.2927149583154643	0.8241452674472722
height	annotated_credset_2498.txt	ENSG00000119655	NPC2	0	-0.3011168432163363	0.6417793565051476	0.459638519316051	0.9180222927495302
height	annotated_credset_2498.txt	ENSG00000165898	ISCA2	0	-0.5449642131349842	0.601379751956163	0.4315284924609331	0.922061452604254
height	annotated_credset_2498.txt	ENSG00000119681	LTBP2	1	0.3011168432163363	1.0	1.0	1.0
height	annotated_credset_2498.txt	ENSG00000119682	AREL1	0	-0.7045495685749221	0.5114838715260126	0.3149224979201686	0.8623544233777175
height	annotated_credset_2498.txt	ENSG00000214670	AC007956.1	0	-0.817502121052535	0.0157639581444953	0.2756190317588881	0.8089324317040609
height	annotated_credset_2498.txt	ENSG00000119616	FCF1	0	-0.7690942882764957	0.4813491196455652	0.1798618652034228	0.7800170667898083
height	annotated_credset_2498.txt	ENSG00000119596	YLPM1	0	-0.4961052911326832	0.6836824536999981	0.4542603554779865	0.7107597481746044
height	annotated_credset_2498.txt	ENSG00000119608	PROX2	0	-0.689792999423393	0.6302489740555579	0.3596857230075897	0.5871068472891462
height	annotated_credset_2498.txt	ENSG00000119689	DLST	0	-0.569484085627299	0.6439859212515981	0.4538960655915377	0.5473109868973348
height	annotated_credset_2498.txt	ENSG00000198208	RPS6KL1	0	-0.5729442711671698	0.6070692277239718	0.5192859037860883	0.5168855912419
height	annotated_credset_2498.txt	ENSG00000119630	PGF	0	-0.6056285116326864	0.2875824487244109	0.4348646789433117	0.4646481807615544
height	annotated_credset_2498.txt	ENSG00000119718	EIF2B2	0	-0.6373410454271516	0.3694200412324746	0.4625774974017448	0.3804215619677826
height	annotated_credset_2498.txt	ENSG00000119684	MLH3	0	-0.6539784755490253	0.4597161319352655	0.4293026371579974	0.3654550198362306
height	annotated_credset_2498.txt	ENSG00000119640	ACYP1	0	-0.6223706479656893	0.5342634075849582	0.4071103199888541	0.311042889283881
height	annotated_credset_2498.txt	ENSG00000119703	ZC2HC1C	0	-0.6945782794056713	0.5479462723117227	0.3417725393324005	0.2959439608955678
height	annotated_credset_2498.txt	ENSG00000119638	NEK9	0	-0.7070189909048512	0.5230467034571677	0.3713652317057449	0.2711918679517525
height	annotated_credset_2498.txt	ENSG00000170348	TMED10	0	-0.5899080313867661	0.5214350458727505	0.6232706567538782	0.2031356788119546
height	annotated_credset_2498.txt	ENSG00000258740	RP11-293M10.1	0	-0.8228847781036214	0.0157639581444953	0.2756190317588881	0.0553788260314076
height	annotated_credset_2498.txt	ENSG00000170345	FOS	0	-0.5628257163208362	0.4421934118899227	0.6747020562949175	0.0
height	annotated_credset_2499.txt	ENSG00000133980	VRTN	0	-0.6188398297793319	0.2470822252016616	0.0	0.2269953810579341
height	annotated_credset_2499.txt	ENSG00000183379	SYNDIG1L	0	-0.4412285414122999	0.6987933270325517	0.1947773634161927	0.3231866911138889
height	annotated_credset_2499.txt	ENSG00000119655	NPC2	0	-0.3518907463092623	0.636041936831	0.3848147910093532	0.4222610916957742
height	annotated_credset_2499.txt	ENSG00000165898	ISCA2	0	-0.3433217275015013	0.5949952744136977	0.3528123752862517	0.4265238742048354
height	annotated_credset_2499.txt	ENSG00000119681	LTBP2	1	0.1205144230359146	1.0	1.0	0.5946148921116441
height	annotated_credset_2499.txt	ENSG00000119682	AREL1	0	-0.6854361665055538	0.5036595819504583	0.220059975854807	0.7408971712344711
height	annotated_credset_2499.txt	ENSG00000214670	AC007956.1	0	-0.7078090704863117	0.0	0.1753141678932915	0.7408709745512472
height	annotated_credset_2499.txt	ENSG00000119616	FCF1	0	-0.7632867999757115	0.4730421786051828	0.0662975287997457	0.7752090047727528
height	annotated_credset_2499.txt	ENSG00000119596	YLPM1	0	-0.3190217896486277	0.6786161724948898	0.378691914077937	0.948179882615677
height	annotated_credset_2499.txt	ENSG00000119608	PROX2	0	-0.3775520274122305	0.6243268786952987	0.2710215542886461	0.9602492767254908
height	annotated_credset_2499.txt	ENSG00000119689	DLST	0	-0.1205144230359146	0.63828384289074	0.3782771810558042	1.0
height	annotated_credset_2499.txt	ENSG00000198208	RPS6KL1	0	-0.1224343779157485	0.6007758753324396	0.4527215349069764	0.9813612271107892
height	annotated_credset_2499.txt	ENSG00000119630	PGF	0	-0.3212765222624273	0.2761720553003495	0.3566105227333941	0.9262317626371672
height	annotated_credset_2499.txt	ENSG00000119718	EIF2B2	0	-0.4378927528562987	0.3593203947513023	0.3881607287056857	0.8373420503442579
height	annotated_credset_2499.txt	ENSG00000119684	MLH3	0	-0.4844980294110531	0.4510627074312592	0.3502783063182225	0.8215469057314749
height	annotated_credset_2499.txt	ENSG00000119640	ACYP1	0	-0.5397535943400406	0.5268039650965998	0.3250130241622739	0.7641223207331723
height	annotated_credset_2499.txt	ENSG00000119703	ZC2HC1C	0	-0.5365035523538643	0.5407059806141065	0.250627936244368	0.7481874604765281
height	annotated_credset_2499.txt	ENSG00000119638	NEK9	0	-0.4495073881461443	0.5154076092929204	0.2843183218344906	0.7220650011883274
height	annotated_credset_2499.txt	ENSG00000170348	TMED10	0	-0.508032754069406	0.5137701386904632	0.5711050323860385	0.6502409726445652
height	annotated_credset_2499.txt	ENSG00000258740	RP11-293M10.1	0	-0.7158189810698078	0.0	0.1753141678932915	0.4943037603824031
height	annotated_credset_2499.txt	ENSG00000170345	FOS	0	-0.4886470020983712	0.4332593357803811	0.6296581258361645	0.4358589601096547
height	annotated_credset_2499.txt	ENSG00000140044	JDP2	0	-0.4858726044984699	0.3899487878321647	0.3020806145021537	0.2190930494013601
height	annotated_credset_2499.txt	ENSG00000156127	BATF	0	-0.7270472500760073	0.3593094050157153	0.1528576298808923	0.0817802235401733
height	annotated_credset_2499.txt	ENSG00000119686	FLVCR2	0	-0.5032992948746814	0.6872101457238939	0.3759577883304191	0.0
height	annotated_credset_2500.txt	ENSG00000119655	NPC2	0	-0.4764544946231236	0.636041936831	0.341133575238545	0.0
height	annotated_credset_2500.txt	ENSG00000165898	ISCA2	0	-0.5225944152530461	0.5949952744136977	0.3068588285068983	0.0044090377090554
height	annotated_credset_2500.txt	ENSG00000119681	LTBP2	1	-0.1861415987478282	1.0	1.0	0.1782672242173426
height	annotated_credset_2500.txt	ENSG00000119682	AREL1	0	-0.648067768309407	0.5036595819504583	0.1646803471103626	0.3295684185541736
height	annotated_credset_2500.txt	ENSG00000214670	AC007956.1	0	-0.694124701792112	0.0	0.1167573637814274	0.3295413230680818
height	annotated_credset_2500.txt	ENSG00000119616	FCF1	0	-0.7525033836828258	0.4730421786051828	0.0	0.3650574841153516
height	annotated_credset_2500.txt	ENSG00000119596	YLPM1	0	-0.5325625760718392	0.6786161724948898	0.3345759435300787	0.5439629575606354
height	annotated_credset_2500.txt	ENSG00000119608	PROX2	0	-0.414538611797136	0.6243268786952987	0.2192604515930348	0.556446450125059
height	annotated_credset_2500.txt	ENSG00000119689	DLST	0	-0.4248803516438432	0.63828384289074	0.3341317623964467	0.6165246693145813
height	annotated_credset_2500.txt	ENSG00000198208	RPS6KL1	0	-0.2675060879871155	0.6007758753324396	0.4138620363834861	0.6461054136029554
height	annotated_credset_2500.txt	ENSG00000119630	PGF	0	-0.3747717090351116	0.2761720553003495	0.3109266633518248	0.6948592249108717
height	annotated_credset_2500.txt	ENSG00000119718	EIF2B2	0	-0.3167417800374371	0.3593203947513023	0.3447170911866514	0.7758521487537282
height	annotated_credset_2500.txt	ENSG00000119684	MLH3	0	-0.337152366122574	0.4510627074312592	0.3041448280129596	0.8389891472620625
height	annotated_credset_2500.txt	ENSG00000119640	ACYP1	0	-0.3950251015743057	0.5268039650965998	0.2770855849079579	0.8660108734195407
height	annotated_credset_2500.txt	ENSG00000119703	ZC2HC1C	0	-0.4676749115775752	0.5407059806141065	0.1974187850308134	0.8794682981784877
height	annotated_credset_2500.txt	ENSG00000119638	NEK9	0	-0.3843086043979734	0.5154076092929204	0.2335013559024683	0.9531093134617584
height	annotated_credset_2500.txt	ENSG00000170348	TMED10	0	0.0234029560871696	0.5137701386904632	0.5406513521779305	1.0
height	annotated_credset_2500.txt	ENSG00000258740	RP11-293M10.1	0	-0.2435507805884987	0.0	0.1167573637814274	0.8793924127376223
height	annotated_credset_2500.txt	ENSG00000170345	FOS	0	-0.0234029560871696	0.4332593357803811	0.6033620070772983	0.8189423832667286
height	annotated_credset_2500.txt	ENSG00000140044	JDP2	0	-0.4367856829793871	0.3899487878321647	0.2525248598724536	0.5947392782950209
height	annotated_credset_2500.txt	ENSG00000156127	BATF	0	-0.5241160989918886	0.3593094050157153	0.0927062996522602	0.4527152773350791
height	annotated_credset_2500.txt	ENSG00000119686	FLVCR2	0	-0.4361617217567383	0.6872101457238939	0.3316476812282736	0.3681291909754882
height	annotated_credset_2500.txt	ENSG00000119685	TTLL5	0	-0.3981500892788733	0.8147130580038245	0.3559810829790477	0.2853253854788271
height	annotated_credset_2500.txt	ENSG00000133935	C14orf1	0	-0.453957809167285	0.6698573532320813	0.3884591566909937	0.2609906283587895
height	annotated_credset_2510.txt	ENSG00000133943	C14orf159	0	-0.7585859978668298	0.0	0.2646105158297491	0.0425055312726433
height	annotated_credset_2510.txt	ENSG00000119714	GPR68	0	-0.8924087304330409	0.0791347679415887	0.0	0.092994105494146
height	annotated_credset_2510.txt	ENSG00000258875	CTD-2547L24.3	0	-0.752893007773248	0.0847440656818497	0.2790314453195859	0.0879208005596487
height	annotated_credset_2510.txt	ENSG00000015133	CCDC88C	0	-0.5628982232781622	0.1593254671205656	0.0710256043442425	0.3855059139914595
height	annotated_credset_2510.txt	ENSG00000100796	SMEK1	0	-0.5260531020275258	0.2816432785471126	0.3156662595957592	0.5509459774727273
height	annotated_credset_2510.txt	ENSG00000268657	AL133373.1	0	-0.742506421583978	0.0847440656818497	0.2790314453195859	0.6660188120492515
height	annotated_credset_2510.txt	ENSG00000133962	CATSPERB	0	-0.3990928732033382	0.847951549880107	0.0876640907487731	1.0
height	annotated_credset_2510.txt	ENSG00000165929	TC2N	0	-0.1260750871443211	0.8178756090923562	0.2837145401861431	0.9686746808277058
height	annotated_credset_2510.txt	ENSG00000140092	FBLN5	1	0.1260750871443211	1.0	1.0	0.8086755272111169
height	annotated_credset_2510.txt	ENSG00000100815	TRIP11	0	-0.1418881772406409	0.9219925342863158	0.8751671830831032	0.6363312721042529
height	annotated_credset_2510.txt	ENSG00000066427	ATXN3	0	-0.6186412784255743	0.9519914560195528	0.436798891556132	0.4711570976258835
height	annotated_credset_2510.txt	ENSG00000183648	NDUFB1	0	-0.7480714064988149	0.186885452127523	0.288674647868452	0.3684240110697774
height	annotated_credset_2510.txt	ENSG00000165934	CPSF2	0	-0.74106502632719	0.2626452451003045	0.302687408211702	0.3580472019969312
height	annotated_credset_2510.txt	ENSG00000140090	SLC24A4	0	-0.8180705377362844	0.3784305570531483	0.1486763853935131	0.0
height	annotated_credset_2511.txt	ENSG00000015133	CCDC88C	0	-0.9784024894559828	0.0814869356671014	0.0	0.0
height	annotated_credset_2511.txt	ENSG00000100796	SMEK1	0	-0.981843405529166	0.2151302225775234	0.2633448848488728	0.1673696970099582
height	annotated_credset_2511.txt	ENSG00000268657	AL133373.1	0	-1.0015612871239077	0.0	0.22390912165939	0.2837846998326005
height	annotated_credset_2511.txt	ENSG00000133962	CATSPERB	0	-0.9501032185450058	0.8338732977097095	0.0179105974097225	0.6550778812007823
height	annotated_credset_2511.txt	ENSG00000165929	TC2N	0	-0.3629243290365717	0.8010126085188146	0.2289502669142616	0.811830587723031
height	annotated_credset_2511.txt	ENSG00000140092	FBLN5	1	-0.0382144391859021	1.0	1.0	0.9570690678670084
height	annotated_credset_2511.txt	ENSG00000100815	TRIP11	0	0.0382144391859021	0.9147697788249814	0.8656229735710013	1.0
height	annotated_credset_2511.txt	ENSG00000066427	ATXN3	0	-0.6055848146275912	0.947546317723454	0.393738825227462	0.8433275392961233
height	annotated_credset_2511.txt	ENSG00000183648	NDUFB1	0	-0.95685096096655	0.1115987153055357	0.2342896042582231	0.7393962108864232
height	annotated_credset_2511.txt	ENSG00000165934	CPSF2	0	-0.9686973983362712	0.1943731504466978	0.2493737232703068	0.7288983704364942
height	annotated_credset_2511.txt	ENSG00000140090	SLC24A4	0	-1.0717220259643228	0.3208790900548379	0.0835876439785591	0.3666750343684747
height	annotated_credset_2511.txt	ENSG00000100599	RIN3	0	-0.9684942702526854	0.4161652711743173	0.2900431554018338	0.0215136226499441
height	annotated_credset_2512.txt	ENSG00000015133	CCDC88C	0	-1.0451301277006118	0.0814869356671014	0.0	0.1369874989356305
height	annotated_credset_2512.txt	ENSG00000100796	SMEK1	0	-0.9359770353280552	0.2151302225775234	0.2633448848488728	0.2712991040611843
height	annotated_credset_2512.txt	ENSG00000268657	AL133373.1	0	-0.9556949169227964	0.0	0.22390912165939	0.3647203515697738
height	annotated_credset_2512.txt	ENSG00000133962	CATSPERB	0	-1.007079477299736	0.8338732977097095	0.0179105974097225	0.6626774134073579
height	annotated_credset_2512.txt	ENSG00000165929	TC2N	0	-0.6189056551397821	0.8010126085188146	0.2289502669142616	0.7884690471194354
height	annotated_credset_2512.txt	ENSG00000140092	FBLN5	1	-0.0915974319303479	1.0	1.0	0.9050206914291749
height	annotated_credset_2512.txt	ENSG00000100815	TRIP11	0	0.0915974319303479	0.9147697788249814	0.8656229735710013	1.0
height	annotated_credset_2512.txt	ENSG00000066427	ATXN3	0	-0.4689050460652743	0.947546317723454	0.393738825227462	0.9348006587951068
height	annotated_credset_2512.txt	ENSG00000183648	NDUFB1	0	-0.9061329514946568	0.1115987153055357	0.2342896042582231	0.85139736781163
height	annotated_credset_2512.txt	ENSG00000165934	CPSF2	0	-0.92302486243997	0.1943731504466978	0.2493737232703068	0.8429730124691093
height	annotated_credset_2512.txt	ENSG00000140090	SLC24A4	0	-1.022042508218351	0.3208790900548379	0.0835876439785591	0.5522943618509277
height	annotated_credset_2512.txt	ENSG00000100599	RIN3	0	-0.9226279000515746	0.4161652711743173	0.2900431554018338	0.2753076428479074
height	annotated_credset_2512.txt	ENSG00000100600	LGMN	0	-0.9676380452714092	0.1252983829118806	0.2000228649621647	0.0
height	annotated_credset_2513.txt	ENSG00000100796	SMEK1	0	-0.7003738946816395	0.2151302225775234	0.2499103307619582	0.0443963460510081
height	annotated_credset_2513.txt	ENSG00000268657	AL133373.1	0	-0.7204513759605691	0.0	0.2097553682040992	0.1426352358854532
height	annotated_credset_2513.txt	ENSG00000133962	CATSPERB	0	-0.7787082142679409	0.8338732977097095	0.0	0.4559576518654585
height	annotated_credset_2513.txt	ENSG00000165929	TC2N	0	-0.668639954375918	0.8010126085188146	0.214888450020862	0.5882362370470515
height	annotated_credset_2513.txt	ENSG00000140092	FBLN5	1	0.0136719994695468	1.0	1.0	0.7107983356137095
height	annotated_credset_2513.txt	ENSG00000100815	TRIP11	0	-0.0652000775714294	0.9147697788249814	0.8631723078626273	0.852339422930581
height	annotated_credset_2513.txt	ENSG00000066427	ATXN3	0	-0.0837994896776854	0.947546317723454	0.3826822963637385	0.9524673757005104
height	annotated_credset_2513.txt	ENSG00000183648	NDUFB1	0	-0.2901666458923331	0.1115987153055357	0.2203251621265817	0.9757698810724212
height	annotated_credset_2513.txt	ENSG00000165934	CPSF2	0	-0.0136719994695468	0.1943731504466978	0.2356843737953962	1.0
height	annotated_credset_2513.txt	ENSG00000140090	SLC24A4	0	-0.5549301688836097	0.3208790900548379	0.0668748144472512	0.7185309859549638
height	annotated_credset_2513.txt	ENSG00000100599	RIN3	0	-0.1807047337328318	0.4161652711743173	0.2770955040084508	0.4272603328710365
height	annotated_credset_2513.txt	ENSG00000100600	LGMN	0	-0.6561280510307982	0.1252983829118806	0.1854334921771052	0.1377553442566466
height	annotated_credset_2513.txt	ENSG00000066455	GOLGA5	0	-0.3668184825930418	0.0535013534172031	0.1654721494307309	0.0
height	annotated_credset_2521.txt	ENSG00000036530	CYP46A1	0	-0.4697480340563321	0.3969613052915201	0.3414600658700698	0.0
height	annotated_credset_2521.txt	ENSG00000066629	EML1	0	-0.4117483302047663	0.4104483197365466	0.46081151958608	0.2954946352256122
height	annotated_credset_2521.txt	ENSG00000196405	EVL	0	-0.364957857911364	0.1470997679814385	0.5493393015981165	0.5736758680092132
height	annotated_credset_2521.txt	ENSG00000168350	DEGS2	0	-0.5204709407297264	0.2291295561709452	0.2377359245813868	0.5955904003698516
height	annotated_credset_2521.txt	ENSG00000100811	YY1	0	-0.3515852692591642	0.5640446074395629	0.5520649991509291	0.7643200537165407
height	annotated_credset_2521.txt	ENSG00000197119	SLC25A29	0	-0.3695618921141413	0.444936756230821	0.5269617061387286	0.7970054129321471
height	annotated_credset_2521.txt	ENSG00000140107	SLC25A47	0	-0.5123556073823127	0.4246388743357533	0.2413742756023864	0.8297953432822678
height	annotated_credset_2521.txt	ENSG00000140105	WARS	0	-0.5789634509787939	0.3800164658333956	0.0	0.8936759230466524
height	annotated_credset_2521.txt	ENSG00000176473	WDR25	0	0.0714288278327367	0.4494124691265623	0.3610331709806051	1.0
height	annotated_credset_2521.txt	ENSG00000183092	BEGAIN	0	-0.2647459030138065	0.0597829503779657	0.1872095672129339	0.8857009981039602
height	annotated_credset_2521.txt	ENSG00000185559	DLK1	1	-0.0714288278327367	1.0	1.0	0.6262600133740978
height	annotated_credset_2521.txt	ENSG00000267918	AL117190.2	0	-0.5102195478901065	0.0	0.2638690842153997	0.4845055849241446
height	annotated_credset_2521.txt	ENSG00000254656	RTL1	0	-0.45404353220354	0.8311503629967817	0.2669327807420363	0.4130587332032615
height	annotated_credset_2521.txt	ENSG00000269375	AL117190.3	0	-0.5102195478901065	0.0	0.2638690842153997	0.39617187091519
height	annotated_credset_2522.txt	ENSG00000196405	EVL	0	-0.3841784057200321	0.1470997679814385	0.5493393015981165	0.0
height	annotated_credset_2522.txt	ENSG00000168350	DEGS2	0	-0.5393245623451572	0.2291295561709452	0.2377359245813868	0.025132929560697
height	annotated_credset_2522.txt	ENSG00000100811	YY1	0	-0.407145696103782	0.5640446074395629	0.5520649991509291	0.2186424429090191
height	annotated_credset_2522.txt	ENSG00000197119	SLC25A29	0	-0.3987298590893744	0.444936756230821	0.5269617061387286	0.256128017198864
height	annotated_credset_2522.txt	ENSG00000140107	SLC25A47	0	-0.5415235743575457	0.4246388743357533	0.2413742756023864	0.2937335200783122
height	annotated_credset_2522.txt	ENSG00000140105	WARS	0	-0.6622107121587388	0.3800164658333956	0.0	0.3669956862561539
height	annotated_credset_2522.txt	ENSG00000176473	WDR25	0	-0.4811812883047888	0.4494124691265623	0.3610331709806051	0.6092167210842999
height	annotated_credset_2522.txt	ENSG00000183092	BEGAIN	0	-0.5650980163933059	0.0597829503779657	0.1872095672129339	0.6993367441402056
height	annotated_credset_2522.txt	ENSG00000185559	DLK1	1	0.3421573546289809	1.0	1.0	0.932548932678277
height	annotated_credset_2522.txt	ENSG00000267918	AL117190.2	0	-0.3421573546289809	0.0	0.2638690842153997	1.0
height	annotated_credset_2522.txt	ENSG00000254656	RTL1	0	-0.3517671641949473	0.8311503629967817	0.2669327807420363	0.9180603691612508
height	annotated_credset_2522.txt	ENSG00000269375	AL117190.3	0	-0.5477903988718398	0.0	0.2638690842153997	0.8986934799480635
height	annotated_credset_2523.txt	ENSG00000196405	EVL	0	-0.4253165182650456	0.1470997679814385	0.5493393015981165	0.0
height	annotated_credset_2523.txt	ENSG00000168350	DEGS2	0	-0.5827704475265842	0.2291295561709452	0.2377359245813868	0.0248050191995175
height	annotated_credset_2523.txt	ENSG00000100811	YY1	0	-0.4203005008103555	0.5640446074395629	0.5520649991509291	0.2157898060029107
height	annotated_credset_2523.txt	ENSG00000197119	SLC25A29	0	-0.4381575567479132	0.444936756230821	0.5269617061387286	0.2527863044699503
height	annotated_credset_2523.txt	ENSG00000140107	SLC25A47	0	-0.5809512720160845	0.4246388743357533	0.2413742756023864	0.2899011668133736
height	annotated_credset_2523.txt	ENSG00000140105	WARS	0	-0.7016384098172777	0.3800164658333956	0.0	0.362207478508985
height	annotated_credset_2523.txt	ENSG00000176473	WDR25	0	-0.5183464532522986	0.4494124691265623	0.3610331709806051	0.6012682455767034
height	annotated_credset_2523.txt	ENSG00000183092	BEGAIN	0	-0.6006330539108535	0.0597829503779657	0.1872095672129339	0.6902124690013567
height	annotated_credset_2523.txt	ENSG00000185559	DLK1	1	0.345097353732527	1.0	1.0	0.920381928565462
height	annotated_credset_2523.txt	ENSG00000267918	AL117190.2	0	-0.345097353732527	0.0	0.2638690842153997	1.0
height	annotated_credset_2523.txt	ENSG00000254656	RTL1	0	-0.4369242605809031	0.8311503629967817	0.2669327807420363	0.9191294388802568
height	annotated_credset_2523.txt	ENSG00000269375	AL117190.3	0	-0.5607214477419264	0.0	0.2638690842153997	0.9000152302637139
height	annotated_credset_2524.txt	ENSG00000140107	SLC25A47	0	-0.6358520418813862	0.4495805659853191	0.2413742756023864	0.0787041708706511
height	annotated_credset_2524.txt	ENSG00000140105	WARS	0	-0.7577176827190784	0.4068925223607447	0.0	0.1545521052083418
height	annotated_credset_2524.txt	ENSG00000176473	WDR25	0	-0.5855839540746315	0.4732802346195594	0.3610331709806051	0.4053222653515096
height	annotated_credset_2524.txt	ENSG00000183092	BEGAIN	0	-0.66899344663611	0.1005410111667683	0.1872095672129339	0.4986230500247713
height	annotated_credset_2524.txt	ENSG00000185559	DLK1	1	0.048528240323219	1.0	1.0	0.7400663991068352
height	annotated_credset_2524.txt	ENSG00000267918	AL117190.2	0	-0.7431319307801407	0.0433496295405271	0.2638690842153997	0.8936312241412818
height	annotated_credset_2524.txt	ENSG00000254656	RTL1	0	-0.048528240323219	0.8384699322089236	0.2669327807420363	0.9845419011630469
height	annotated_credset_2524.txt	ENSG00000269375	AL117190.3	0	-0.5039688896653336	0.0433496295405271	0.2638690842153997	1.0
height	annotated_credset_2524.txt	ENSG00000197406	DIO3	0	-0.5575734059436019	0.0	0.1553995326311528	0.0
height	annotated_credset_254.txt	ENSG00000143473	KCNH1	0	-0.42772431931087	0.3680110835412045	0.3847495737594042	0.0941900010398048
height	annotated_credset_254.txt	ENSG00000117625	RCOR3	0	-0.1758576131162229	0.1810421424669435	0.6698755604590011	0.3616518715686387
height	annotated_credset_254.txt	ENSG00000082512	TRAF5	0	-0.2078596286105697	0.0419845067363446	0.2604587982996534	0.4475839207266958
height	annotated_credset_254.txt	ENSG00000198570	RD3	0	-0.6187929300049643	0.0768542224737884	0.0	0.6206938363911336
height	annotated_credset_254.txt	ENSG00000170385	SLC30A1	0	-0.2569442290529532	0.139659859020515	0.3175318020810242	0.7466329105017233
height	annotated_credset_254.txt	ENSG00000117650	NEK2	0	-0.1886215730673212	0.0	0.1178445544667169	0.8887881536539223
height	annotated_credset_254.txt	ENSG00000123684	LPGAT1	0	0.0421146539429525	0.5379828481541691	0.5460600008883872	1.0
height	annotated_credset_254.txt	ENSG00000143493	INTS7	0	-0.1443719504713171	0.6059057372463587	0.925659328528354	0.7226738448071783
height	annotated_credset_254.txt	ENSG00000143476	DTL	1	-0.0421146539429525	1.0	1.0	0.5830102363516267
height	annotated_credset_254.txt	ENSG00000066027	PPP2R5A	0	-0.1594465546294544	0.9355653988166148	0.6282853315463078	0.2162204785341728
height	annotated_credset_254.txt	ENSG00000065600	TMEM206	1	-0.3495289518155976	0.9159684606119642	0.4196691421392312	0.1011856078574986
height	annotated_credset_254.txt	ENSG00000117691	NENF	0	-0.1443352790415278	0.6976871992997098	0.6799989334423756	0.0
height	annotated_credset_255.txt	ENSG00000198570	RD3	0	-0.8850154056718224	0.1476988750731088	0.0	0.1695587239264085
height	annotated_credset_255.txt	ENSG00000170385	SLC30A1	0	-0.727727163379937	0.2056846406842229	0.3175318020810242	0.2905043641735201
height	annotated_credset_255.txt	ENSG00000117650	NEK2	0	-0.5358483703093441	0.0767426492370094	0.1178445544667169	0.4270232088525669
height	annotated_credset_255.txt	ENSG00000123684	LPGAT1	0	-0.5598371226997051	0.5734392683797558	0.5460600008883872	0.6456681242839721
height	annotated_credset_255.txt	ENSG00000143493	INTS7	0	-0.2609747872183449	0.6361495750191791	0.925659328528354	0.9342325140701772
height	annotated_credset_255.txt	ENSG00000143476	DTL	1	0.2609747872183449	1.0	1.0	1.0
height	annotated_credset_255.txt	ENSG00000066027	PPP2R5A	0	-0.2643696228141653	0.9405102808139578	0.6282853315463078	0.7134714727218221
height	annotated_credset_255.txt	ENSG00000065600	TMEM206	1	-0.5142959178198275	0.9224172635640662	0.4196691421392312	0.6029976886084278
height	annotated_credset_255.txt	ENSG00000117691	NENF	0	-0.3885459382067685	0.7208874845237101	0.6799989334423756	0.5058240495885638
height	annotated_credset_255.txt	ENSG00000162772	ATF3	0	-0.6155809120479719	0.0	0.5418243047449544	0.3191781164244602
height	annotated_credset_255.txt	ENSG00000162771	FAM71A	0	-0.7425955439797761	0.1995321033322446	0.2877950408813459	0.2358753534541426
height	annotated_credset_255.txt	ENSG00000123685	BATF3	0	-0.8443268890660479	0.2714940031750131	0.0843323507088023	0.1485450619102596
height	annotated_credset_255.txt	ENSG00000117697	NSL1	0	-0.6425847108267487	0.2093153972944027	0.4878167071874008	0.0925500136700152
height	annotated_credset_255.txt	ENSG00000203705	TATDN3	0	-0.6454987616628948	0.2312974258087548	0.4819886055151086	0.0
height	annotated_credset_2560.txt	ENSG00000166262	FAM227B	0	-0.5955503203061806	0.0	0.4896556719439106	0.0
height	annotated_credset_2560.txt	ENSG00000104047	DTWD1	0	-0.5797971652171344	0.0965141407497886	0.5211619821220032	0.0329554227021404
height	annotated_credset_2560.txt	ENSG00000104043	ATP8B4	0	-0.8323982864356066	0.4575965423282908	0.0	0.7650151059869812
height	annotated_credset_2560.txt	ENSG00000140284	SLC27A2	0	-0.556193000720948	0.3334961946819506	0.477947203967159	0.8379622506899467
height	annotated_credset_2560.txt	ENSG00000140287	HDC	0	-0.3754297608178015	0.3159635441135018	0.4357547354091943	0.8783052430504972
height	annotated_credset_2560.txt	ENSG00000104064	GABPB1	0	-0.0970969428977474	0.5275016442732312	0.8167006332427108	1.0
height	annotated_credset_2560.txt	ENSG00000138592	USP8	0	-0.0305793314155732	0.5948886592126279	0.8635391952115757	0.9120943455325852
height	annotated_credset_2560.txt	ENSG00000170236	USP50	0	-0.2657959386712495	0.8141313539415578	0.6605112522303744	0.8083715604760074
height	annotated_credset_2560.txt	ENSG00000092439	TRPM7	1	-0.2797816902136828	0.8757305271070186	1.0	0.7376940579810348
height	annotated_credset_2560.txt	ENSG00000138600	SPPL2A	0	-0.3096650346481308	0.6987127689561213	0.694961628391846	0.5268828276770227
height	annotated_credset_2560.txt	ENSG00000081014	AP4E1	0	0.0305793314155732	1.0	0.722513901931608	0.2527244809895156
height	annotated_credset_2561.txt	ENSG00000104043	ATP8B4	0	-0.869822067156234	0.1378055692684621	0.0	0.3391709169601256
height	annotated_credset_2561.txt	ENSG00000140284	SLC27A2	0	-0.731268135730209	0.0170588557950743	0.2771078628520499	0.4159598185344192
height	annotated_credset_2561.txt	ENSG00000140287	HDC	0	-0.7434994707955704	0.0	0.2526451927213271	0.4584274720964764
height	annotated_credset_2561.txt	ENSG00000104064	GABPB1	0	-0.6310512180892769	0.2058215859433566	0.4735129009842561	0.5865312759061281
height	annotated_credset_2561.txt	ENSG00000138592	USP8	0	-0.456475618600193	0.2713875633079187	0.5006693184682829	0.7953151655032618
height	annotated_credset_2561.txt	ENSG00000170236	USP50	0	-0.6459016186191128	0.484705538185874	0.3829562344460686	0.8607056921061053
height	annotated_credset_2561.txt	ENSG00000092439	TRPM7	1	0.2281675462033203	0.5446400819117622	0.5797876011240161	1.0
height	annotated_credset_2561.txt	ENSG00000138600	SPPL2A	0	-0.6578533497453509	0.3724059751704972	0.4029301353985483	0.9091182210348644
height	annotated_credset_2561.txt	ENSG00000081014	AP4E1	0	-0.2281675462033203	0.6655513502642021	0.4189046019796796	0.620521341948215
height	annotated_credset_2561.txt	ENSG00000183578	TNFAIP8L3	0	-0.6062439085443473	0.8914120637010224	0.4496475100414614	0.4085112808358374
height	annotated_credset_2561.txt	ENSG00000137869	CYP19A1	0	-0.323252242937484	1.0	1.0	0.1914376639867399
height	annotated_credset_2561.txt	ENSG00000186417	GLDN	0	-0.4992826103820491	0.8542043771597831	0.6570265892533259	0.0
height	annotated_credset_2562.txt	ENSG00000104043	ATP8B4	0	-0.9154844108794	0.1378055692684621	0.0	0.3395871203146815
height	annotated_credset_2562.txt	ENSG00000140284	SLC27A2	0	-0.7769304794533751	0.0170588557950743	0.2771078628520499	0.4163567786093661
height	annotated_credset_2562.txt	ENSG00000140287	HDC	0	-0.7891618145187366	0.0	0.2526451927213271	0.4588137897880177
height	annotated_credset_2562.txt	ENSG00000104064	GABPB1	0	-0.6762723086271708	0.2058215859433566	0.4735129009842561	0.5868854908163408
height	annotated_credset_2562.txt	ENSG00000138592	USP8	0	-0.435850623589686	0.2713875633079187	0.5006693184682829	0.7956170592227422
height	annotated_credset_2562.txt	ENSG00000170236	USP50	0	-0.7112022026796506	0.484705538185874	0.3829562344460686	0.8609911989759055
height	annotated_credset_2562.txt	ENSG00000092439	TRPM7	1	-0.0695944903413484	0.5446400819117622	0.5797876011240161	1.0
height	annotated_credset_2562.txt	ENSG00000138600	SPPL2A	0	-0.5127733796066701	0.3724059751704972	0.4029301353985483	0.908890396235102
height	annotated_credset_2562.txt	ENSG00000081014	AP4E1	0	-0.2258482104869418	0.6655513502642021	0.4189046019796796	0.6203658394544727
height	annotated_credset_2562.txt	ENSG00000183578	TNFAIP8L3	0	-0.6418784264351466	0.8914120637010224	0.4496475100414614	0.4084089080106057
height	annotated_credset_2562.txt	ENSG00000137869	CYP19A1	0	-0.3571610871527461	1.0	1.0	0.1913896897558252
height	annotated_credset_2562.txt	ENSG00000186417	GLDN	0	0.0695944903413484	0.8542043771597831	0.6570265892533259	0.0
height	annotated_credset_2563.txt	ENSG00000104043	ATP8B4	0	-0.7436923967971011	0.4189319072380906	0.0	0.0
height	annotated_credset_2563.txt	ENSG00000140284	SLC27A2	0	-0.6051384653710761	0.3375557581881362	0.2771078628520499	0.091901933306003
height	annotated_credset_2563.txt	ENSG00000140287	HDC	0	-0.6173698004364375	0.3260590975182986	0.2526451927213271	0.1427277608059129
height	annotated_credset_2563.txt	ENSG00000104064	GABPB1	0	-0.5069359463049731	0.4647706828991794	0.4735129009842561	0.2960440212627639
height	annotated_credset_2563.txt	ENSG00000138592	USP8	0	-0.4921352462986162	0.5089582768563472	0.5006693184682829	0.5459192337446033
height	annotated_credset_2563.txt	ENSG00000170236	USP50	0	-0.5068632511316838	0.6527219853611653	0.3829562344460686	0.6241794470240536
height	annotated_credset_2563.txt	ENSG00000092439	TRPM7	1	-0.268995050760087	0.6931143258496193	0.5797876011240161	0.8645039117241947
height	annotated_credset_2563.txt	ENSG00000138600	SPPL2A	0	0.187177835620801	0.5770387165142815	0.4029301353985483	1.0
height	annotated_credset_2563.txt	ENSG00000081014	AP4E1	0	-0.477604298783488	0.7746013751632699	0.4189046019796796	0.9271035058860256
height	annotated_credset_2563.txt	ENSG00000183578	TNFAIP8L3	0	-0.4684128331368441	0.9268181482120414	0.4496475100414614	0.6733671703336758
height	annotated_credset_2563.txt	ENSG00000137869	CYP19A1	0	-0.187177835620801	1.0	1.0	0.4135707069234345
height	annotated_credset_2563.txt	ENSG00000186417	GLDN	0	-0.3706097290396398	0.9017423663651823	0.6570265892533259	0.1844556777034293
height	annotated_credset_2563.txt	ENSG00000104093	DMXL2	0	-0.648524239377604	0.0	0.1876648346601612	0.0024940350708673
height	annotated_credset_2565.txt	ENSG00000138592	USP8	0	-0.4421802260294457	0.5089582768563472	0.4777898492643673	0.298730504983078
height	annotated_credset_2565.txt	ENSG00000170236	USP50	0	-0.4794448174514639	0.6527219853611653	0.3546831193469666	0.3644954746172694
height	annotated_credset_2565.txt	ENSG00000092439	TRPM7	1	-0.3785047735153209	0.6931143258496193	0.5605333533984517	0.5664490658619303
height	annotated_credset_2565.txt	ENSG00000138600	SPPL2A	0	-0.5111506403840212	0.5770387165142815	0.3755722299363196	0.6803114712605863
height	annotated_credset_2565.txt	ENSG00000081014	AP4E1	0	-0.0174823454092324	0.7746013751632699	0.3922786509711024	1.0
height	annotated_credset_2565.txt	ENSG00000183578	TNFAIP8L3	0	-0.1944409776023278	0.9268181482120414	0.4244302075382808	0.9005368461108874
height	annotated_credset_2565.txt	ENSG00000137869	CYP19A1	0	0.0174823454092324	1.0	1.0	0.6822202097092437
height	annotated_credset_2565.txt	ENSG00000186417	GLDN	0	-0.4639600830054952	0.9017423663651823	0.6413114532138796	0.489686324252187
height	annotated_credset_2565.txt	ENSG00000104093	DMXL2	0	-0.892834549518977	0.0	0.1504434138941915	0.3367771843347231
height	annotated_credset_2565.txt	ENSG00000104112	SCG3	0	-0.9680562564660729	0.094442664563669	0.0	0.0
height	annotated_credset_2566.txt	ENSG00000138592	USP8	0	-0.6238206961954103	0.5089582768563472	0.4777898492643673	0.0244617889094682
height	annotated_credset_2566.txt	ENSG00000170236	USP50	0	-0.6413056650626494	0.6527219853611653	0.3546831193469666	0.0981285326171998
height	annotated_credset_2566.txt	ENSG00000092439	TRPM7	1	-0.5383805480369068	0.6931143258496193	0.5605333533984517	0.3243471947686335
height	annotated_credset_2566.txt	ENSG00000138600	SPPL2A	0	-0.6703416767464274	0.5770387165142815	0.3755722299363196	0.4518903637703835
height	annotated_credset_2566.txt	ENSG00000081014	AP4E1	0	-0.3626196078916337	0.7746013751632699	0.3922786509711024	0.839546162790147
height	annotated_credset_2566.txt	ENSG00000183578	TNFAIP8L3	0	0.0251631329774046	0.9268181482120414	0.4244302075382808	1.0
height	annotated_credset_2566.txt	ENSG00000137869	CYP19A1	0	-0.0251631329774046	1.0	1.0	0.8775489287041531
height	annotated_credset_2566.txt	ENSG00000186417	GLDN	0	-0.1072869855330624	0.9017423663651823	0.6413114532138796	0.6618817661720078
height	annotated_credset_2566.txt	ENSG00000104093	DMXL2	0	-0.784275561085851	0.0	0.1504434138941915	0.4906003304239839
height	annotated_credset_2566.txt	ENSG00000104112	SCG3	0	-0.8627156208275939	0.094442664563669	0.0	0.1133587888708476
height	annotated_credset_2566.txt	ENSG00000140280	LYSMD2	0	-0.7472987527020611	0.1266234566379969	0.2308337362510654	0.0460972171584819
height	annotated_credset_2566.txt	ENSG00000128872	TMOD2	0	-0.7693700878392531	0.1461172585454814	0.1838335000968597	0.0
height	annotated_credset_2567.txt	ENSG00000092439	TRPM7	1	-0.6125008833930319	0.6931143258496193	0.5605333533984517	0.0416307925090737
height	annotated_credset_2567.txt	ENSG00000138600	SPPL2A	0	-0.750732837965437	0.5770387165142815	0.3755722299363196	0.1638931486052846
height	annotated_credset_2567.txt	ENSG00000081014	AP4E1	0	-0.691661975604021	0.7746013751632699	0.3922786509711024	0.5354983997016027
height	annotated_credset_2567.txt	ENSG00000183578	TNFAIP8L3	0	-0.3611623978056613	0.9268181482120414	0.4244302075382808	0.6893087866905391
height	annotated_credset_2567.txt	ENSG00000137869	CYP19A1	0	0.1007536534392363	1.0	1.0	1.0
height	annotated_credset_2567.txt	ENSG00000186417	GLDN	0	-0.1007536534392363	0.9017423663651823	0.6413114532138796	0.9448730439728396
height	annotated_credset_2567.txt	ENSG00000104093	DMXL2	0	-0.8323184471202292	0.0	0.1504434138941915	0.7806833656545299
height	annotated_credset_2567.txt	ENSG00000104112	SCG3	0	-0.9438357468522064	0.094442664563669	0.0	0.4190611788401171
height	annotated_credset_2567.txt	ENSG00000140280	LYSMD2	0	-0.8041481057927138	0.1266234566379969	0.2308337362510654	0.3545845134361452
height	annotated_credset_2567.txt	ENSG00000128872	TMOD2	0	-0.8519189968037766	0.1461172585454814	0.1838335000968597	0.3103959110720519
height	annotated_credset_2567.txt	ENSG00000138594	TMOD3	0	-0.5031724431864977	0.2029474825640141	0.2769333635417449	0.1895667824991038
height	annotated_credset_2567.txt	ENSG00000166477	LEO1	0	-0.8110300065281293	0.2416886413485472	0.2656114806481545	0.0217940353726373
height	annotated_credset_2567.txt	ENSG00000069956	MAPK6	0	-0.5403072389652488	0.2085171402518668	0.6124557183953754	0.0
height	annotated_credset_256.txt	ENSG00000198570	RD3	0	-1.066930271642434	0.1476988750731088	0.0	0.0
height	annotated_credset_256.txt	ENSG00000170385	SLC30A1	0	-0.9081643706019218	0.2056846406842229	0.3175318020810242	0.139670259388787
height	annotated_credset_256.txt	ENSG00000117650	NEK2	0	-0.8890137584166438	0.0767426492370094	0.1178445544667169	0.2973247429139619
height	annotated_credset_256.txt	ENSG00000123684	LPGAT1	0	-0.6259376008720073	0.5734392683797558	0.5460600008883872	0.5498199299248311
height	annotated_credset_256.txt	ENSG00000143493	INTS7	0	-0.2903942093680031	0.6361495750191791	0.925659328528354	0.8830594174289607
height	annotated_credset_256.txt	ENSG00000143476	DTL	1	0.2903942093680031	1.0	1.0	1.0
height	annotated_credset_256.txt	ENSG00000066027	PPP2R5A	0	-0.3328340211982595	0.9405102808139578	0.6282853315463078	0.8939883045512043
height	annotated_credset_256.txt	ENSG00000065600	TMEM206	1	-0.6214760363806185	0.9224172635640662	0.4196691421392312	0.7664111380551417
height	annotated_credset_256.txt	ENSG00000117691	NENF	0	-0.5670874197016721	0.7208874845237101	0.6799989334423756	0.6541932247849617
height	annotated_credset_256.txt	ENSG00000162772	ATF3	0	-0.6690418080631392	0.0	0.5418243047449544	0.4386510535613477
height	annotated_credset_256.txt	ENSG00000162771	FAM71A	0	-0.81068985712446	0.1995321033322446	0.2877950408813459	0.3424514841672391
height	annotated_credset_256.txt	ENSG00000123685	BATF3	0	-1.0247640962880329	0.2714940031750131	0.0843323507088023	0.2416008503824151
height	annotated_credset_256.txt	ENSG00000117697	NSL1	0	-0.7479899818800628	0.2093153972944027	0.4878167071874008	0.1769367343694417
height	annotated_credset_256.txt	ENSG00000203705	TATDN3	0	-0.7381548972219768	0.2312974258087548	0.4819886055151086	0.0700582690579522
height	annotated_credset_2577.txt	ENSG00000171914	TLN2	0	-0.6327221535718718	0.8920870283412113	0.5762380695619772	0.038073083879512
height	annotated_credset_2577.txt	ENSG00000140416	TPM1	0	-0.7207376012105027	0.453164684578488	0.4700899247958847	0.3744144151923863
height	annotated_credset_2577.txt	ENSG00000103642	LACTB	0	-0.6634020656786775	0.4165021927698697	0.11248287772599	0.478218462227254
height	annotated_credset_2577.txt	ENSG00000185088	RPS27L	0	-0.5698825443164388	0.5181334894704394	0.4531638596136755	0.5018365244214845
height	annotated_credset_2577.txt	ENSG00000166128	RAB8B	0	-0.7018024831517498	0.3743529293156464	0.0942669712924188	0.664263975831317
height	annotated_credset_2577.txt	ENSG00000138613	APH1B	0	-0.6367535727066795	0.328364864498067	0.2077532161022371	0.7254460036106568
height	annotated_credset_2577.txt	ENSG00000074410	CA12	0	-0.7156764166215074	0.0	0.040983997693968	0.8335252750615103
height	annotated_credset_2577.txt	ENSG00000140455	USP3	0	0.2789180924484405	1.0	0.6776589872846696	1.0
height	annotated_credset_2577.txt	ENSG00000197361	FBXL22	0	-0.6147175144369973	0.3063208384872797	0.0	0.862732592037931
height	annotated_credset_2577.txt	ENSG00000103657	HERC1	1	-0.2789180924484405	0.8470489699216341	0.8158596080991226	0.8460623244553491
height	annotated_credset_2577.txt	ENSG00000035664	DAPK2	0	-0.6397344007174045	0.5375601509153022	0.3107278698952402	0.4044548755908215
height	annotated_credset_2577.txt	ENSG00000166797	FAM96A	0	-0.6352177477790814	0.2446906275083077	0.3570707031690422	0.1595092296900943
height	annotated_credset_2577.txt	ENSG00000028528	SNX1	0	-0.583782102779695	0.2587100076388269	0.459941993167815	0.127598208815634
height	annotated_credset_2577.txt	ENSG00000157734	SNX22	0	-0.7235876156365892	0.2840538517912468	0.3091982360163434	0.0423719282460777
height	annotated_credset_2577.txt	ENSG00000166794	PPIB	0	-0.3980550479109658	0.1977603114469955	1.0	0.0363090710524836
height	annotated_credset_2577.txt	ENSG00000169118	CSNK1G1	0	-0.7230463676909433	0.1670925538886282	0.4654723918350034	0.0219473358648265
height	annotated_credset_2577.txt	ENSG00000259316	CTD-2116N17.1	0	-0.7707594054073095	0.0989286254376815	0.367952047603443	0.0
height	annotated_credset_2578.txt	ENSG00000166128	RAB8B	0	-0.8218077944589174	0.3743529293156464	0.0894425543504651	0.0
height	annotated_credset_2578.txt	ENSG00000138613	APH1B	0	-0.7679686847460084	0.328364864498067	0.1971207737762831	0.0628790305481408
height	annotated_credset_2578.txt	ENSG00000074410	CA12	0	-0.8470858170616076	0.0	0.0388865091450846	0.1739560912119244
height	annotated_credset_2578.txt	ENSG00000140455	USP3	0	-0.4828062284055537	1.0	0.6429775983071679	0.4971099595323198
height	annotated_credset_2578.txt	ENSG00000197361	FBXL22	0	-0.6724577787569527	0.3063208384872797	0.0	0.5089545292379342
height	annotated_credset_2578.txt	ENSG00000103657	HERC1	1	0.168985782521153	0.8470489699216341	0.7741053556647318	0.8610582414651566
height	annotated_credset_2578.txt	ENSG00000035664	DAPK2	0	-0.168985782521153	0.5375601509153022	0.29482536683073	1.0
height	annotated_credset_2578.txt	ENSG00000166797	FAM96A	0	-0.4505044666163224	0.2446906275083077	0.3387964558242292	0.7760352755553123
height	annotated_credset_2578.txt	ENSG00000028528	SNX1	0	-0.3877989004413834	0.2587100076388269	0.4364029750607039	0.7432391403303678
height	annotated_credset_2578.txt	ENSG00000157734	SNX22	0	-0.519559251060815	0.2840538517912468	0.2933740169096092	0.6556489427846892
height	annotated_credset_2578.txt	ENSG00000166794	PPIB	0	-0.3128430564892549	0.1977603114469955	0.9488217678386184	0.6494179204318513
height	annotated_credset_2578.txt	ENSG00000169118	CSNK1G1	0	-0.6353746562626749	0.1670925538886282	0.4416503377009579	0.6346578345313649
height	annotated_credset_2578.txt	ENSG00000259316	CTD-2116N17.1	0	-0.6857858852927744	0.0989286254376815	0.3491209122869382	0.6121017465365053
height	annotated_credset_2578.txt	ENSG00000166803	KIAA0101	0	-0.5652411925147122	0.2770916620458873	0.6025757582388755	0.3312783749567835
height	annotated_credset_2578.txt	ENSG00000103671	TRIP4	0	-0.617829723068749	0.2423194890904367	0.4973986971308021	0.296672399214417
height	annotated_credset_2578.txt	ENSG00000180357	ZNF609	0	-0.3650531414202217	0.2478935062215725	1.0	0.1856576944003933
height	annotated_credset_257.txt	ENSG00000170385	SLC30A1	0	-0.8055109448710395	0.2056846406842229	0.3407281915150537	0.0
height	annotated_credset_257.txt	ENSG00000117650	NEK2	0	-0.9019609869883832	0.0767426492370094	0.1478281072803665	0.1328456128524436
height	annotated_credset_257.txt	ENSG00000123684	LPGAT1	0	-0.6901520862794318	0.5734392683797558	0.5614889527885403	0.3456075788348132
height	annotated_credset_257.txt	ENSG00000143493	INTS7	0	-0.071622316570017	0.6361495750191791	0.9281860911987636	0.6264077372207384
height	annotated_credset_257.txt	ENSG00000143476	DTL	1	0.049918273351536	1.0	1.0	0.7249462818380935
height	annotated_credset_257.txt	ENSG00000066027	PPP2R5A	0	-0.049918273351536	0.9405102808139578	0.6409195293508138	1.0
height	annotated_credset_257.txt	ENSG00000065600	TMEM206	1	-0.697911168082404	0.9224172635640662	0.4393939888362212	0.923273938746466
height	annotated_credset_257.txt	ENSG00000117691	NENF	0	-0.5781050389071901	0.7208874845237101	0.6908754393100625	0.8287148933703862
height	annotated_credset_257.txt	ENSG00000162772	ATF3	0	-0.6945720634878082	0.0	0.5573972235838847	0.64709093196129
height	annotated_credset_257.txt	ENSG00000162771	FAM71A	0	-0.8184547779730248	0.1995321033322446	0.3120021521268793	0.5660295471751045
height	annotated_credset_257.txt	ENSG00000123685	BATF3	0	-0.9181475662642862	0.2714940031750131	0.1154549487285604	0.4810490001450992
height	annotated_credset_257.txt	ENSG00000117697	NSL1	0	-0.7232623963749406	0.2093153972944027	0.5052252885072518	0.4265605775565134
height	annotated_credset_257.txt	ENSG00000203705	TATDN3	0	-0.7260774016317734	0.2312974258087548	0.4995952779935862	0.336500752377065
height	annotated_credset_257.txt	ENSG00000185523	C1orf227	0	-0.8463664220713641	0.2726789362946534	0.2590172371144048	0.283962311842612
height	annotated_credset_257.txt	ENSG00000162769	FLVCR1	0	-0.4504461008220849	0.3292063226815947	0.4467617053728508	0.2454097130592848
height	annotated_credset_257.txt	ENSG00000143494	VASH2	0	-0.9758750406285664	0.0384586754574525	0.0	0.1188871432811074
height	annotated_credset_257.txt	ENSG00000174606	ANGEL2	0	-0.7863400352413547	0.1149187637197785	0.3759689003160495	0.0617562344630461
height	annotated_credset_2649.txt	ENSG00000140538	NTRK3	0	-0.9549770877775012	0.0471798267143069	0.0395358885525625	0.3500407319987768
height	annotated_credset_2649.txt	ENSG00000259494	MRPL46	0	-0.6380761972304282	0.1177840435611465	0.1073364928126021	0.6925712093732203
height	annotated_credset_2649.txt	ENSG00000181991	MRPS11	0	-0.5463546680818151	0.0	0.246625860771694	0.7113879379155821
height	annotated_credset_2649.txt	ENSG00000140543	DET1	0	-0.6071293178278209	0.4789443042887637	0.2959535411075632	0.8214459619962265
height	annotated_credset_2649.txt	ENSG00000181026	AEN	0	-0.780627152324468	0.2594148468624787	0.1019987580395616	0.96064780094593
height	annotated_credset_2649.txt	ENSG00000172183	ISG20	0	-0.1945074827853897	0.394002351571329	0.3897135133011899	1.0
height	annotated_credset_2649.txt	ENSG00000157766	ACAN	1	0.1945074827853897	1.0	1.0	0.8339394573311167
height	annotated_credset_2649.txt	ENSG00000140511	HAPLN3	0	-0.4455380010641571	0.6993641625095602	0.2896300158061553	0.7138632977035063
height	annotated_credset_2649.txt	ENSG00000140545	MFGE8	0	-0.6766797720318444	0.5530188011552378	0.4021529256682661	0.6790705617355737
height	annotated_credset_2649.txt	ENSG00000140526	ABHD2	0	-0.8714879373554684	0.3098023995159872	0.2065141893966284	0.3721133275620678
height	annotated_credset_2649.txt	ENSG00000140522	RLBP1	0	-0.9747450320537826	0.3354413762399972	0.0	0.1730677225784426
height	annotated_credset_2649.txt	ENSG00000140525	FANCI	0	-0.7528513227696091	0.4056574696635883	0.3027423250319699	0.1176517090350887
height	annotated_credset_2649.txt	ENSG00000140521	POLG	0	-0.8594302061010889	0.3774043675300509	0.2277542046321329	0.0
height	annotated_credset_2650.txt	ENSG00000259494	MRPL46	0	-0.4791257662208097	0.1342392400241973	0.1834852996909567	0.7122992019832624
height	annotated_credset_2650.txt	ENSG00000181991	MRPS11	0	-0.455287269576484	0.01865211838774	0.3108925652726986	0.7299084434816423
height	annotated_credset_2650.txt	ENSG00000140543	DET1	0	-0.438663528121441	0.488663096811776	0.3560123397477261	0.8329039413710599
height	annotated_credset_2650.txt	ENSG00000181026	AEN	0	-0.4706060288909	0.2732283288150023	0.1786029012581245	0.9631730683112436
height	annotated_credset_2650.txt	ENSG00000172183	ISG20	0	-0.253482160362346	0.4053054914525127	0.4417741021366436	1.0
height	annotated_credset_2650.txt	ENSG00000157766	ACAN	1	0.1558559701489219	1.0	1.0	0.9921648040436096
height	annotated_credset_2650.txt	ENSG00000140511	HAPLN3	0	-0.1558559701489219	0.7049716577420294	0.3502282438092196	0.8797940437214649
height	annotated_credset_2650.txt	ENSG00000140545	MFGE8	0	-0.2669964516885683	0.5613559473931844	0.45315236839167	0.8472339901144105
height	annotated_credset_2650.txt	ENSG00000140526	ABHD2	0	-0.2867471204270171	0.3226760468711491	0.2742026266026384	0.5599744883329416
height	annotated_credset_2650.txt	ENSG00000140522	RLBP1	0	-0.6754669632161643	0.3478368023659624	0.0853051640010289	0.3737018257148395
height	annotated_credset_2650.txt	ENSG00000140525	FANCI	0	-0.5703275389730751	0.416743216902292	0.3622220053460938	0.321841909514979
height	annotated_credset_2650.txt	ENSG00000140521	POLG	0	-0.5885547036614462	0.3890170949745704	0.2936307588550939	0.2117400205265781
height	annotated_credset_2650.txt	ENSG00000140519	RHCG	0	-0.8713684513522377	0.0	0.0	0.0
height	annotated_credset_2651.txt	ENSG00000140538	NTRK3	0	-0.9220087302175286	0.0649519413886585	0.1214684370966886	0.1865010252065656
height	annotated_credset_2651.txt	ENSG00000259494	MRPL46	0	-0.7345379871757047	0.1342392400241973	0.1834852996909567	0.4761888366192083
height	annotated_credset_2651.txt	ENSG00000181991	MRPS11	0	-0.6558500447115243	0.01865211838774	0.3108925652726986	0.4921026815744523
height	annotated_credset_2651.txt	ENSG00000140543	DET1	0	-0.8035251952776605	0.488663096811776	0.3560123397477261	0.5851818970904162
height	annotated_credset_2651.txt	ENSG00000181026	AEN	0	-0.7591888307097476	0.2732283288150023	0.1786029012581245	0.7029088695310982
height	annotated_credset_2651.txt	ENSG00000172183	ISG20	0	-0.6657924030152391	0.4053054914525127	0.4417741021366436	0.7361901486325378
height	annotated_credset_2651.txt	ENSG00000157766	ACAN	1	0.5535093114422569	1.0	1.0	1.0
height	annotated_credset_2651.txt	ENSG00000140511	HAPLN3	0	-0.5535093114422569	0.7049716577420294	0.3502282438092196	0.9601582323437282
height	annotated_credset_2651.txt	ENSG00000140545	MFGE8	0	-0.5935910428293152	0.5613559473931844	0.45315236839167	0.9307330214460998
height	annotated_credset_2651.txt	ENSG00000140526	ABHD2	0	-0.801198147343521	0.3226760468711491	0.2742026266026384	0.6711305181984997
height	annotated_credset_2651.txt	ENSG00000140522	RLBP1	0	-0.8607972349370505	0.3478368023659624	0.0853051640010289	0.5027919629814743
height	annotated_credset_2651.txt	ENSG00000140525	FANCI	0	-0.7057938761770546	0.416743216902292	0.3622220053460938	0.4559250569950662
height	annotated_credset_2651.txt	ENSG00000140521	POLG	0	-0.8359275693383261	0.3890170949745704	0.2936307588550939	0.3564236451482183
height	annotated_credset_2651.txt	ENSG00000140519	RHCG	0	-0.8683189585162392	0.0	0.0	0.1650696985406845
height	annotated_credset_2651.txt	ENSG00000140534	TICRR	0	-0.8072806320808805	0.6457441803150136	0.2905233129125264	0.0
height	annotated_credset_2652.txt	ENSG00000140538	NTRK3	0	-0.9174900424924616	0.0649519413886585	0.1214684370966886	0.1179188968547866
height	annotated_credset_2652.txt	ENSG00000259494	MRPL46	0	-0.7233900708587186	0.1342392400241973	0.1834852996909567	0.4111556634868451
height	annotated_credset_2652.txt	ENSG00000181991	MRPS11	0	-0.6470199742159188	0.01865211838774	0.3108925652726986	0.4272644683986005
height	annotated_credset_2652.txt	ENSG00000140543	DET1	0	-0.8002180911669428	0.488663096811776	0.3560123397477261	0.5214839941199322
height	annotated_credset_2652.txt	ENSG00000181026	AEN	0	-0.7235947845938724	0.2732283288150023	0.1786029012581245	0.6406532355717679
height	annotated_credset_2652.txt	ENSG00000172183	ISG20	0	-0.7517393801537584	0.4053054914525127	0.4417741021366436	0.674342242456437
height	annotated_credset_2652.txt	ENSG00000157766	ACAN	1	0.3007215426014671	1.0	1.0	0.9790216617306168
height	annotated_credset_2652.txt	ENSG00000140511	HAPLN3	0	-0.3007215426014671	0.7049716577420294	0.3502282438092196	1.0
height	annotated_credset_2652.txt	ENSG00000140545	MFGE8	0	-0.3249209011323855	0.5613559473931844	0.45315236839167	0.988500415058515
height	annotated_credset_2652.txt	ENSG00000140526	ABHD2	0	-0.835525117920761	0.3226760468711491	0.2742026266026384	0.7257175306468568
height	annotated_credset_2652.txt	ENSG00000140522	RLBP1	0	-0.7049070681775595	0.3478368023659624	0.0853051640010289	0.5553166656928321
height	annotated_credset_2652.txt	ENSG00000140525	FANCI	0	-0.7971132583677589	0.416743216902292	0.3622220053460938	0.5078755948846206
height	annotated_credset_2652.txt	ENSG00000140521	POLG	0	-0.831408881613259	0.3890170949745704	0.2936307588550939	0.4071551947303561
height	annotated_credset_2652.txt	ENSG00000140519	RHCG	0	-0.9782242610408058	0.0	0.0	0.2134569776329561
height	annotated_credset_2652.txt	ENSG00000140534	TICRR	0	-0.792387934746591	0.6457441803150136	0.2905233129125264	0.0463650160037881
height	annotated_credset_2652.txt	ENSG00000166813	KIF7	0	-0.7337411233294617	0.6567786167185714	0.3950375806976515	0.0
height	annotated_credset_2653.txt	ENSG00000140543	DET1	0	-0.5750367171921408	0.5446882793017456	0.3560123397477261	0.1485880880192047
height	annotated_credset_2653.txt	ENSG00000181026	AEN	0	-0.5218011407406831	0.352857855361596	0.1786029012581245	0.2716772729498139
height	annotated_credset_2653.txt	ENSG00000172183	ISG20	0	-0.4945835117217115	0.4704638403990024	0.4417741021366436	0.3064744433273025
height	annotated_credset_2653.txt	ENSG00000157766	ACAN	1	-0.2075678213578434	1.0	1.0	0.6211759630038167
height	annotated_credset_2653.txt	ENSG00000140511	HAPLN3	0	-0.3811895087794056	0.7372967581047382	0.3502282438092196	0.6503238592846502
height	annotated_credset_2653.txt	ENSG00000140545	MFGE8	0	-0.3308825845039275	0.6094164588528678	0.45315236839167	0.6758958470191915
height	annotated_credset_2653.txt	ENSG00000140526	ABHD2	0	0.2075678213578434	0.3968877805486284	0.2742026266026384	1.0
height	annotated_credset_2653.txt	ENSG00000140522	RLBP1	0	-0.4522886629336839	0.4192917705735661	0.0853051640010289	0.8978449266773693
height	annotated_credset_2653.txt	ENSG00000140525	FANCI	0	-0.4926485873310368	0.480648379052369	0.3622220053460938	0.8488433330876494
height	annotated_credset_2653.txt	ENSG00000140521	POLG	0	-0.6007354164595629	0.4559600997506234	0.2936307588550939	0.7448098441618688
height	annotated_credset_2653.txt	ENSG00000140519	RHCG	0	-0.7545457585793706	0.1095660847880299	0.0	0.5447401334331371
height	annotated_credset_2653.txt	ENSG00000140534	TICRR	0	-0.5764406911543268	0.6845586034912718	0.2905233129125264	0.3721518622079358
height	annotated_credset_2653.txt	ENSG00000166813	KIF7	0	-0.5241835572617642	0.6943840399002493	0.3950375806976515	0.324261719083147
height	annotated_credset_2653.txt	ENSG00000166819	PLIN1	0	-0.6724760877840699	0.4696857855361595	0.1662777178265634	0.2443523128231036
height	annotated_credset_2653.txt	ENSG00000166821	PEX11A	0	-0.6405648858858312	0.3751620947630922	0.2301001216230408	0.2250866921509012
height	annotated_credset_2653.txt	ENSG00000140527	WDR93	0	-0.6888544305935165	0.2249675810473815	0.13352103220767	0.2063473209873208
height	annotated_credset_2653.txt	ENSG00000166823	MESP1	0	-0.5700017303810053	0.2282493765586034	0.3681762245409566	0.1231481363782962
height	annotated_credset_2653.txt	ENSG00000188095	MESP2	0	-0.6627359500014519	0.101506234413965	0.1857579933917991	0.1059947029415193
height	annotated_credset_2653.txt	ENSG00000166825	ANPEP	0	-0.6770205590371378	0.2892269326683291	0.1571887753204275	0.0710580620658439
height	annotated_credset_2653.txt	ENSG00000157823	AP3S2	0	-0.6150189156569644	0.1884488778054862	0.2811920620807743	0.005332949255407
height	annotated_credset_2653.txt	ENSG00000250021	C15orf38-AP3S2	0	-0.662615669477855	0.0	0.1836622907823768	0.0
height	annotated_credset_2665.txt	ENSG00000185087	FAM169B	0	-0.5631580388523174	0.2087418231246283	0.0	0.6657762808905918
height	annotated_credset_2665.txt	ENSG00000140443	IGF1R	1	0.4942815268062519	1.0	1.0	1.0
height	annotated_credset_2665.txt	ENSG00000183571	PGPEP1L	0	-0.4942815268062519	0.6060487639113074	0.0833492422012616	0.5788999383535706
height	annotated_credset_2665.txt	ENSG00000182253	SYNM	0	-0.6255988676189774	0.2160903916404723	0.0496619616225638	0.3676030668711758
height	annotated_credset_2665.txt	ENSG00000103852	TTC23	0	-0.6878350394699435	0.3186900008495454	0.171576265145058	0.3041812193869003
height	annotated_credset_2665.txt	ENSG00000168904	LRRC28	0	-0.7371272200451233	0.176289185285872	0.0704540574294517	0.1127257267674092
height	annotated_credset_2665.txt	ENSG00000268730	AC022819.2	0	-0.7487851745316085	0.0	0.0496759950217278	0.0
height	annotated_credset_2666.txt	ENSG00000140450	ARRDC4	0	-0.7102802151704466	0.0701197859145357	0.0	0.0771810259686883
height	annotated_credset_2666.txt	ENSG00000185087	FAM169B	0	-0.6131415313317576	0.2087418231246283	0.1217015601059666	0.8874688388902894
height	annotated_credset_2666.txt	ENSG00000140443	IGF1R	1	0.554822648141321	1.0	1.0	1.0
height	annotated_credset_2666.txt	ENSG00000183571	PGPEP1L	0	-0.6392144911286965	0.6060487639113074	0.1949070694976846	0.5214225753260381
height	annotated_credset_2666.txt	ENSG00000182253	SYNM	0	-0.554822648141321	0.2160903916404723	0.1653195835211418	0.3311047818917703
height	annotated_credset_2666.txt	ENSG00000103852	TTC23	0	-0.7068101903591657	0.3186900008495454	0.2723967261057161	0.2739799130565132
height	annotated_credset_2666.txt	ENSG00000168904	LRRC28	0	-0.7507167135388781	0.176289185285872	0.1835812488304588	0.1015335032229051
height	annotated_credset_2666.txt	ENSG00000268730	AC022819.2	0	-0.8263071188727265	0.0	0.165331909033734	0.0
height	annotated_credset_2667.txt	ENSG00000185087	FAM169B	0	-0.6911187803722454	0.2087418231246283	0.0	0.3849536688943235
height	annotated_credset_2667.txt	ENSG00000140443	IGF1R	1	0.5689036810420918	1.0	1.0	1.0
height	annotated_credset_2667.txt	ENSG00000183571	PGPEP1L	0	-0.5689036810420918	0.6060487639113074	0.0833492422012616	0.7007447162903939
height	annotated_credset_2667.txt	ENSG00000182253	SYNM	0	-0.6500280696987504	0.2160903916404723	0.0496619616225638	0.4449748388896714
height	annotated_credset_2667.txt	ENSG00000103852	TTC23	0	-0.639014186236606	0.3186900008495454	0.171576265145058	0.3682041889421542
height	annotated_credset_2667.txt	ENSG00000168904	LRRC28	0	-0.7145996445522644	0.176289185285872	0.0704540574294517	0.1364518324996111
height	annotated_credset_2667.txt	ENSG00000268730	AC022819.2	0	-0.9008481866547164	0.0	0.0496759950217278	0.0
height	annotated_credset_2668.txt	ENSG00000182253	SYNM	0	-0.4881553913963038	0.1859220817191726	0.2210799446711797	0.0
height	annotated_credset_2668.txt	ENSG00000103852	TTC23	0	-0.3622158087443073	0.2741977925590235	0.520344802571608	0.1617629003379911
height	annotated_credset_2668.txt	ENSG00000168904	LRRC28	0	-0.5111408870689477	0.1516775089540238	0.2721186121393685	0.356927608238638
height	annotated_credset_2668.txt	ENSG00000268730	AC022819.2	0	-0.8250131292522883	0.0	0.2211143926652653	0.2574524478872309
height	annotated_credset_2668.txt	ENSG00000068305	MEF2A	0	-0.2168674614468494	0.1531174621738177	0.8355859746292925	0.8126238969820111
height	annotated_credset_2668.txt	ENSG00000269810	AC015660.1	0	-0.8250131292522883	0.0	0.2211143926652653	0.5075183342092574
height	annotated_credset_2668.txt	ENSG00000183060	LYSMD4	0	-0.1415595152659091	0.2726701264527447	0.4935513581105576	0.836539289019354
height	annotated_credset_2668.txt	ENSG00000214397	DKFZP779J2370	0	-0.8287242314534512	0.2522988085666253	0.0	0.8145236982330618
height	annotated_credset_2668.txt	ENSG00000259363	CTD-2054N24.2	0	-0.4411925954998469	0.0	0.2211143926652653	1.0
height	annotated_credset_2668.txt	ENSG00000140470	ADAMTS17	1	0.1415595152659091	1.0	1.0	0.8304666813892652
height	annotated_credset_2668.txt	ENSG00000154227	CERS3	0	-0.8737577191413568	0.4062860901980849	0.1204261123927434	0.2305799543951232
height	annotated_credset_2669.txt	ENSG00000068305	MEF2A	0	-0.5032595935027874	0.1531174621738177	0.8355859746292925	0.3749623742592549
height	annotated_credset_2669.txt	ENSG00000269810	AC015660.1	0	-0.9641426880660388	0.0	0.2211143926652653	0.0
height	annotated_credset_2669.txt	ENSG00000183060	LYSMD4	0	-0.8286544218465358	0.2726701264527447	0.4935513581105576	0.4043534220597893
height	annotated_credset_2669.txt	ENSG00000214397	DKFZP779J2370	0	-1.0754301009018148	0.2522988085666253	0.0	0.377297153019894
height	annotated_credset_2669.txt	ENSG00000259363	CTD-2054N24.2	0	-0.9589017112555834	0.0	0.2211143926652653	0.6512193115324622
height	annotated_credset_2669.txt	ENSG00000140470	ADAMTS17	1	0.5032595935027874	1.0	1.0	1.0
height	annotated_credset_2669.txt	ENSG00000154227	CERS3	0	-0.916331091279082	0.4062860901980849	0.1204261123927434	0.4491739269298803
height	annotated_credset_2669.txt	ENSG00000140471	LINS	0	-1.0034751201444592	0.1503471968423361	0.1439099615147112	0.1758535155205696
height	annotated_credset_2669.txt	ENSG00000183475	ASB7	0	-0.9038670116589104	0.1923835976902273	0.3431261784858085	0.1016409049145403
height	annotated_credset_2670.txt	ENSG00000068305	MEF2A	0	-0.5452168332869031	0.1658429153668435	0.8641775658392042	0.2575131029534484
height	annotated_credset_2670.txt	ENSG00000183060	LYSMD4	0	-0.7378399457413939	0.2835991536180381	0.5816227529022684	0.282279545083112
height	annotated_credset_2670.txt	ENSG00000214397	DKFZP779J2370	0	-0.9417013459193796	0.2635339398734747	0.1738999525462972	0.2594805102896335
height	annotated_credset_2670.txt	ENSG00000259363	CTD-2054N24.2	0	-0.8503700407826433	0.0150262316491849	0.3565625628197695	0.4903017226831127
height	annotated_credset_2670.txt	ENSG00000140470	ADAMTS17	1	0.5452168332869031	1.0	1.0	1.0
height	annotated_credset_2670.txt	ENSG00000154227	CERS3	0	-0.7460457960212382	0.4152073729401118	0.2733839697086075	0.7516423226506045
height	annotated_credset_2670.txt	ENSG00000140471	LINS	0	-0.8014773962556899	0.1631142766839624	0.2927839785826606	0.5213281740035647
height	annotated_credset_2670.txt	ENSG00000183475	ASB7	0	-0.7999730697545124	0.2045190288350153	0.4573565048760313	0.4587927265319688
height	annotated_credset_2670.txt	ENSG00000184254	ALDH1A3	0	-0.9275294793313524	0.0	0.0	0.0601247215456665
height	annotated_credset_2670.txt	ENSG00000154237	LRRK1	0	-0.7090269842346779	0.3842348040383852	0.6377714343995871	0.0
height	annotated_credset_2672.txt	ENSG00000168904	LRRC28	0	-0.8040608248821818	0.1516775089540238	0.2721186121393685	0.0
height	annotated_credset_2672.txt	ENSG00000068305	MEF2A	0	-0.5223271436372198	0.1531174621738177	0.8355859746292925	0.4577663331521837
height	annotated_credset_2672.txt	ENSG00000269810	AC015660.1	0	-0.8295629346192334	0.0	0.2211143926652653	0.1512747988893913
height	annotated_credset_2672.txt	ENSG00000183060	LYSMD4	0	-0.6933444518965871	0.2726701264527447	0.4935513581105576	0.481790363167922
height	annotated_credset_2672.txt	ENSG00000214397	DKFZP779J2370	0	-0.940120130951866	0.2522988085666253	0.0	0.4596747644339252
height	annotated_credset_2672.txt	ENSG00000259363	CTD-2054N24.2	0	-0.4747354709923718	0.0	0.2211143926652653	0.6835767567256775
height	annotated_credset_2672.txt	ENSG00000140470	ADAMTS17	1	0.2674660978956377	1.0	1.0	1.0
height	annotated_credset_2672.txt	ENSG00000154227	CERS3	0	-0.8670057089985057	0.4062860901980849	0.1204261123927434	0.5810911792997643
height	annotated_credset_2672.txt	ENSG00000140471	LINS	0	-0.6952817588142003	0.1503471968423361	0.1439099615147112	0.3576810507404196
height	annotated_credset_2672.txt	ENSG00000183475	ASB7	0	-0.2674660978956377	0.1923835976902273	0.3431261784858085	0.2970201992850615
height	annotated_credset_2673.txt	ENSG00000068305	MEF2A	0	-0.4462445602183511	0.1658429153668435	0.8641775658392042	0.0
height	annotated_credset_2673.txt	ENSG00000183060	LYSMD4	0	-0.587521966686819	0.2835991536180381	0.5816227529022684	0.0277648891039631
height	annotated_credset_2673.txt	ENSG00000214397	DKFZP779J2370	0	-0.7913833668648045	0.2635339398734747	0.1738999525462972	0.0022055992631285
height	annotated_credset_2673.txt	ENSG00000259363	CTD-2054N24.2	0	-0.4762260705743513	0.0150262316491849	0.3565625628197695	0.2609720918983919
height	annotated_credset_2673.txt	ENSG00000140470	ADAMTS17	1	0.431810902486589	1.0	1.0	1.0
height	annotated_credset_2673.txt	ENSG00000154227	CERS3	0	-0.7321528352772102	0.4152073729401118	0.2733839697086075	0.8891949201530022
height	annotated_credset_2673.txt	ENSG00000140471	LINS	0	-0.5436015840063824	0.1631142766839624	0.2927839785826606	0.6309968809360709
height	annotated_credset_2673.txt	ENSG00000183475	ASB7	0	-0.431810902486589	0.2045190288350153	0.4573565048760313	0.5608903329294859
height	annotated_credset_2673.txt	ENSG00000184254	ALDH1A3	0	-0.8783333431379532	0.0	0.0	0.1139560139105571
height	annotated_credset_2673.txt	ENSG00000154237	LRRK1	0	-0.5582518375546757	0.3842348040383852	0.6377714343995871	0.0465520558699853
height	annotated_credset_2682.txt	ENSG00000103126	AXIN1	0	-0.1917008902742555	0.8012054165470817	1.0	0.0
height	annotated_credset_2682.txt	ENSG00000086504	MRPL28	0	-0.4661529133800358	0.7723484749654291	0.4550130518337886	0.0240149679939417
height	annotated_credset_2682.txt	ENSG00000129925	TMEM8A	0	-0.6066704943132907	0.4987658830589401	0.2529930257323544	0.0463243809628853
height	annotated_credset_2682.txt	ENSG00000103202	NME4	0	-0.5166005882197896	0.1474375766430976	0.4331328379193565	0.0776027536374189
height	annotated_credset_2682.txt	ENSG00000242612	DECR2	0	-0.5835198046916891	0.1724090067054557	0.2992944049755576	0.0804543125120216
height	annotated_credset_2682.txt	ENSG00000090565	RAB11FIP3	0	-0.4029228295059631	0.4994651290213166	0.6604883553470094	0.2291173752745634
height	annotated_credset_2682.txt	ENSG00000103326	CAPN15	0	-0.4915263316063436	0.3594280794218175	0.4832813511462486	0.2716553702789551
height	annotated_credset_2682.txt	ENSG00000161992	C16orf11	0	-0.6033449558269866	0.7411850653586245	0.1920219179515447	0.2863059265346969
height	annotated_credset_2682.txt	ENSG00000007541	PIGQ	0	-0.4372673779455452	0.72558248754142	0.5241770737144272	0.3113350810340398
height	annotated_credset_2682.txt	ENSG00000257108	NHLRC4	0	-0.56343226890051	0.3679860150807524	0.3394694765579157	0.2916418388250501
height	annotated_credset_2682.txt	ENSG00000197562	RAB40C	0	-0.4221368778458506	0.8638140214470217	0.5485695197985211	0.3720463835642603
height	annotated_credset_2682.txt	ENSG00000127578	WFIKKN1	0	-0.456112413669728	0.889811360137762	0.4806184481507665	0.3785619265777393
height	annotated_credset_2682.txt	ENSG00000130731	C16orf13	0	-0.3867589433096917	0.6723354293318027	0.6251939429861343	0.3815775845951257
height	annotated_credset_2682.txt	ENSG00000172366	FAM195A	0	-0.4714110797429445	0.807028987397918	0.4500211160043334	0.3978745125784683
height	annotated_credset_2682.txt	ENSG00000161996	WDR90	0	-0.468249948376473	0.72558248754142	0.4622119328525718	0.4239138183583898
height	annotated_credset_2682.txt	ENSG00000140983	RHOT2	0	-0.4177878524017174	0.72558248754142	0.563136124802083	0.4324429385583218
height	annotated_credset_2682.txt	ENSG00000103269	RHBDL1	0	-0.6237159563921884	0.1709990346231116	0.2189021015745591	0.437949675366163
height	annotated_credset_2682.txt	ENSG00000103266	STUB1	0	-0.2305205796138155	0.8977639783964307	0.9318021162625916	0.4441397102439562
height	annotated_credset_2682.txt	ENSG00000161999	JMJD8	0	-0.4685660606064806	0.7473634774440995	0.4615797083925567	0.4463711895708269
height	annotated_credset_2682.txt	ENSG00000127580	WDR24	0	-0.458045836907377	0.8719753698437134	0.4767516016754685	0.4543273078459566
height	annotated_credset_2682.txt	ENSG00000127585	FBXL16	0	-0.569930583015652	0.72558248754142	0.2588506635742139	0.4750212858109389
height	annotated_credset_2682.txt	ENSG00000103260	METRN	0	-0.4920481952385976	0.8797401309781616	0.4087468850130272	0.4936182919431356
height	annotated_credset_2682.txt	ENSG00000103254	FAM173A	0	-0.4487770744551015	0.8936415581704803	0.4952891265800195	0.4975808827188807
height	annotated_credset_2682.txt	ENSG00000162004	CCDC78	0	-0.5454043756130985	0.8949774310538263	0.3020345242640254	0.5034359939364021
height	annotated_credset_2682.txt	ENSG00000103253	HAGHL	0	-0.5339841231496655	0.72558248754142	0.3307435833061868	0.5149646312544304
height	annotated_credset_2682.txt	ENSG00000103245	NARFL	0	-0.4800992304267812	0.8687609257181621	0.4326448146366599	0.5227714462111257
height	annotated_credset_2682.txt	ENSG00000102854	MSLN	0	-0.7321010377123048	0.1877788504187648	0.0	0.5598094297823804
height	annotated_credset_2682.txt	ENSG00000162006	MSLNL	0	-0.6374517780693386	0.2325619015315573	0.1892985192859323	0.5793197417994144
height	annotated_credset_2682.txt	ENSG00000007376	RPUSD1	0	-0.5238421336489779	0.2641532079213087	0.4151384374372618	0.586081433527069
height	annotated_credset_2682.txt	ENSG00000127586	CHTF18	0	-0.4497165762371179	0.2275836877397135	0.3923428184047806	0.6026796582971621
height	annotated_credset_2682.txt	ENSG00000127588	GNG13	0	-0.5422225593227735	0.0959243353249667	0.2073308522334693	0.6026742779973986
height	annotated_credset_2682.txt	ENSG00000167945	PRR25	0	-0.5520205545881608	0.2734312625564223	0.1877348617026948	0.6203324218208818
height	annotated_credset_2682.txt	ENSG00000103227	LMF1	0	-0.4248785191498223	1.0	0.5025518600924943	0.8455746361908554
height	annotated_credset_2682.txt	ENSG00000269047	AC009041.2	0	-0.5766117962458832	0.0879745349231612	0.3033118951032533	0.8460386870454487
height	annotated_credset_2682.txt	ENSG00000005513	SOX8	0	-0.2966321159354913	0.9167792939703082	0.7880045368595961	0.8531891054310091
height	annotated_credset_2682.txt	ENSG00000162009	SSTR5	0	-0.3027752632696424	0.8522816813212618	0.2910601201286111	0.980265060467844
height	annotated_credset_2682.txt	ENSG00000184471	C1QTNF8	0	0.1917008902742555	0.3495864534140423	0.1935414656456671	1.0
height	annotated_credset_2682.txt	ENSG00000196557	CACNA1H	0	-0.4161514063094603	0.6768544368199964	0.5548751605946903	0.9231760447533336
height	annotated_credset_2682.txt	ENSG00000116176	TPSG1	0	-0.6172677392899205	0.442252198189266	0.2220000090151788	0.8311594680497624
height	annotated_credset_2682.txt	ENSG00000172236	TPSAB1	0	-0.7137611757248286	0.3574138335898975	0.0290131361453627	0.805541170726327
height	annotated_credset_2682.txt	ENSG00000095917	TPSD1	0	-0.6177156780502665	0.3683721658360947	0.2211041314944868	0.7848767844100434
height	annotated_credset_2682.txt	ENSG00000103275	UBE2I	0	-0.355702859914213	0.3698750228298588	0.7473558820396651	0.7183117157372423
height	annotated_credset_2682.txt	ENSG00000007516	BAIAP3	0	-0.5544764448126939	0.5009262399874762	0.3498087122427034	0.6805769833466272
height	annotated_credset_2682.txt	ENSG00000007520	TSR3	0	-0.4946319318897286	0.4472617215018133	0.4731578209057115	0.6595413563466689
height	annotated_credset_2682.txt	ENSG00000090581	GNPTG	0	-0.4979218906434535	0.4557674746262426	0.4665779033982618	0.6559325202803674
height	annotated_credset_2682.txt	ENSG00000059145	UNKL	0	-0.481000417440135	0.3583948652386046	0.5004208498048988	0.640757384797694
height	annotated_credset_2682.txt	ENSG00000174109	C16orf91	0	-0.5233137916172851	0.3708769274923683	0.4175744921900394	0.5647081927169573
height	annotated_credset_2682.txt	ENSG00000197599	CCDC154	0	-0.5838715790379704	0.3227541941712109	0.2975107009103754	0.5450176406578493
height	annotated_credset_2682.txt	ENSG00000103249	CLCN7	0	-0.499430677830789	0.3978866073525191	0.467472658697358	0.5308257549569374
height	annotated_credset_2682.txt	ENSG00000251692	PTX4	0	-0.6753132456062337	0.2292744018576982	0.1157075231464684	0.4757422459792347
height	annotated_credset_2682.txt	ENSG00000100726	TELO2	0	-0.4418611166040903	0.6390429723171654	0.5254698810881943	0.465710677070373
height	annotated_credset_2682.txt	ENSG00000187535	IFT140	0	-0.4417073996028461	0.5801080178464268	0.5777905930981899	0.4427327618558268
height	annotated_credset_2682.txt	ENSG00000131634	TMEM204	0	-0.5539854914263946	0.5884780963811412	0.3532344094510928	0.4181703483609589
height	annotated_credset_2682.txt	ENSG00000007545	CRAMP1L	0	-0.5450372916518693	0.4366791035040572	0.3762594310551971	0.3056723155330599
height	annotated_credset_2682.txt	ENSG00000261732	LA16c-431H6.6	0	-0.5815110596278412	0.0879745349231612	0.3033118951032533	0.2788595916621494
height	annotated_credset_2682.txt	ENSG00000206053	HN1L	0	-0.5063871836428177	0.4260547394786965	0.4535596470733005	0.2169901796078568
height	annotated_credset_2682.txt	ENSG00000138834	MAPK8IP3	0	-0.4322763238698778	0.4576147363477443	0.6017813666191802	0.1794262717347297
height	annotated_credset_2682.txt	ENSG00000103024	NME3	0	-0.4682925045582302	0.0	0.5297490052424754	0.093202932801401
height	annotated_credset_2682.txt	ENSG00000074071	MRPS34	0	-0.5005520319706945	0.4638140214470216	0.4652299504175469	0.0910454325962771
height	annotated_credset_2682.txt	ENSG00000197774	EME2	0	-0.5332622609089532	0.5447073864377593	0.3946808704859757	0.0892739688991772
height	annotated_credset_2682.txt	ENSG00000162032	SPSB3	0	-0.5281160475644527	0.4757951313695306	0.4101019192300302	0.0845594812314968
height	annotated_credset_2682.txt	ENSG00000095906	NUBP2	0	-0.4658386008429579	0.4755550917108043	0.5346568126730201	0.0762348124225741
height	annotated_credset_2682.txt	ENSG00000099769	IGFALS	1	-0.5319889083093544	0.2959323714352806	0.4023561977402271	0.0661306094669064
height	annotated_credset_2682.txt	ENSG00000063854	HAGH	0	-0.4578626928556927	0.3713570068098208	0.5506086286475503	0.0591268042498987
height	annotated_credset_2682.txt	ENSG00000180185	FAHD1	0	-0.5500508189047668	0.2099877371043911	0.3662323765494021	0.0169627400790635
height	annotated_credset_2682.txt	ENSG00000162039	MEIOB	0	-0.6054493311486747	0.2460458684478305	0.2531061217530536	0.0075256942940575
height	annotated_credset_2685.txt	ENSG00000197562	RAB40C	0	-0.5783107553879482	0.8638140214470217	0.5887189031065997	0.1415333145800779
height	annotated_credset_2685.txt	ENSG00000127578	WFIKKN1	0	-0.6164787600045313	0.889811360137762	0.5157945445310872	0.1485544257897673
height	annotated_credset_2685.txt	ENSG00000130731	C16orf13	0	-0.5430072665175084	0.6723354293318027	0.6709514091830504	0.1518040813083725
height	annotated_credset_2685.txt	ENSG00000172366	FAM195A	0	-0.5407253951278678	0.807028987397918	0.4829578170624296	0.1693655560021374
height	annotated_credset_2685.txt	ENSG00000161996	WDR90	0	-0.5367392387570996	0.72558248754142	0.4960408704655868	0.1974253602771947
height	annotated_credset_2685.txt	ENSG00000140983	RHOT2	0	-0.2725566427339697	0.72558248754142	0.6043516267818664	0.2066162905374425
height	annotated_credset_2685.txt	ENSG00000103269	RHBDL1	0	-0.5731321825615606	0.1709990346231116	0.2349233788527587	0.2125503180544674
height	annotated_credset_2685.txt	ENSG00000103266	STUB1	0	-0.0558559035431157	0.8977639783964307	1.0	0.2192206635926571
height	annotated_credset_2685.txt	ENSG00000161999	JMJD8	0	-0.3270512691342958	0.7473634774440995	0.4953623739812142	0.2216252927208311
height	annotated_credset_2685.txt	ENSG00000127580	WDR24	0	-0.3000335602822451	0.8719753698437134	0.5116446865217411	0.2301987594436455
height	annotated_credset_2685.txt	ENSG00000127585	FBXL16	0	-0.394179042893264	0.72558248754142	0.2777957455306606	0.2524984695925042
height	annotated_credset_2685.txt	ENSG00000103260	METRN	0	-0.4660761742897567	0.8797401309781616	0.438662756693974	0.2725384951055443
height	annotated_credset_2685.txt	ENSG00000103254	FAM173A	0	-0.6086065529268653	0.8936415581704803	0.5315389586864192	0.2768085598503306
height	annotated_credset_2685.txt	ENSG00000162004	CCDC78	0	-0.712305932303212	0.8949774310538263	0.324140199933726	0.2831179936025557
height	annotated_credset_2685.txt	ENSG00000103253	HAGHL	0	-0.4639942853860092	0.72558248754142	0.3549504530347942	0.2955411860423261
height	annotated_credset_2685.txt	ENSG00000103245	NARFL	0	-0.6422211535217978	0.8687609257181621	0.4643097574965542	0.3039537643786261
height	annotated_credset_2685.txt	ENSG00000102854	MSLN	0	-0.9296678637634528	0.1877788504187648	0.0	0.3438656797935741
height	annotated_credset_2685.txt	ENSG00000162006	MSLNL	0	-0.7015128470437922	0.2325619015315573	0.2031531330334369	0.3648898784097065
height	annotated_credset_2685.txt	ENSG00000007376	RPUSD1	0	-0.580328362586319	0.2641532079213087	0.4455221019483836	0.372176238040406
height	annotated_credset_2685.txt	ENSG00000127586	CHTF18	0	-0.5904624047709711	0.2275836877397135	0.4210580890054711	0.3900623883970467
height	annotated_credset_2685.txt	ENSG00000127588	GNG13	0	-0.6897388299594994	0.0959243353249667	0.2225052386284143	0.3900565906173525
height	annotated_credset_2685.txt	ENSG00000167945	PRR25	0	-0.7002539329994951	0.2734312625564223	0.2014750325484227	0.4090849035737527
height	annotated_credset_2685.txt	ENSG00000103227	LMF1	0	-0.4776554927626791	1.0	0.5393332461061615	0.6518046021371223
height	annotated_credset_2685.txt	ENSG00000269047	AC009041.2	0	-0.7525798005972396	0.0879745349231612	0.3255110605670452	0.652304660635748
height	annotated_credset_2685.txt	ENSG00000005513	SOX8	0	0.0558559035431157	0.9167792939703082	0.8456779858155294	0.6600099098493544
height	annotated_credset_2685.txt	ENSG00000162009	SSTR5	0	-0.6073146616054182	0.8522816813212618	0.3123625875588667	0.7969462190019985
height	annotated_credset_2685.txt	ENSG00000184471	C1QTNF8	0	-0.8189212182955764	0.3495864534140423	0.207706617389915	0.8183835094213434
height	annotated_credset_2685.txt	ENSG00000196557	CACNA1H	0	-0.2078284933986444	0.6768544368199964	0.5954860489266379	1.0
height	annotated_credset_2685.txt	ENSG00000116176	TPSG1	0	-0.6139639207129569	0.442252198189266	0.2382480197679836	0.9998459510506794
height	annotated_credset_2685.txt	ENSG00000172236	TPSAB1	0	-0.6654237478644186	0.3574138335898975	0.0311365853747283	0.972239823036694
height	annotated_credset_2685.txt	ENSG00000095917	TPSD1	0	-0.6460380857315399	0.3683721658360947	0.2372865736572092	0.9499720006761536
height	annotated_credset_2685.txt	ENSG00000103275	UBE2I	0	-0.3708518475148171	0.3698750228298588	0.8020542870596492	0.8782418702993761
height	annotated_credset_2685.txt	ENSG00000007516	BAIAP3	0	-0.6782748287375792	0.5009262399874762	0.3754109441667373	0.8375791424140278
height	annotated_credset_2685.txt	ENSG00000007520	TSR3	0	-0.6491598539808258	0.4472617215018133	0.5077878796879345	0.8149112732545866
height	annotated_credset_2685.txt	ENSG00000090581	GNPTG	0	-0.5880879888486793	0.4557674746262426	0.5007263830540339	0.8110224125246946
height	annotated_credset_2685.txt	ENSG00000059145	UNKL	0	-0.3495794493995309	0.3583948652386046	0.5370462688065789	0.7946697748971727
height	annotated_credset_2685.txt	ENSG00000174109	C16orf91	0	-0.6116760701958218	0.3708769274923683	0.44813644968409	0.7127196083644249
height	annotated_credset_2685.txt	ENSG00000197599	CCDC154	0	-0.6321150954181239	0.3227541941712109	0.3192852814111164	0.6915011841285365
height	annotated_credset_2685.txt	ENSG00000103249	CLCN7	0	-0.5449274852427833	0.3978866073525191	0.5016866248086728	0.6762080907401317
height	annotated_credset_2685.txt	ENSG00000251692	PTX4	0	-0.7291381477969924	0.2292744018576982	0.1241760682091656	0.6168504222308002
height	annotated_credset_2685.txt	ENSG00000100726	TELO2	0	-0.3620507973133234	0.6390429723171654	0.5639286195183006	0.606040461990944
height	annotated_credset_2685.txt	ENSG00000187535	IFT140	0	-0.4728170562745185	0.5801080178464268	0.6200786443968137	0.5812795943618927
height	annotated_credset_2685.txt	ENSG00000131634	TMEM204	0	-0.5853050500999496	0.5884780963811412	0.379087365531962	0.5548112806128963
height	annotated_credset_2685.txt	ENSG00000007545	CRAMP1L	0	-0.7277690783408816	0.4366791035040572	0.4037975708451422	0.4335840555417166
height	annotated_credset_2685.txt	ENSG00000261732	LA16c-431H6.6	0	-0.76691233347993	0.0879745349231612	0.3255110605670452	0.4046908204356164
height	annotated_credset_2685.txt	ENSG00000206053	HN1L	0	-0.4875110923672506	0.4260547394786965	0.4867553305121306	0.3380207022869615
height	annotated_credset_2685.txt	ENSG00000138834	MAPK8IP3	0	-0.4167642243137287	0.4576147363477443	0.6458252842705414	0.2975420539069044
height	annotated_credset_2685.txt	ENSG00000103024	NME3	0	-0.5108000839527665	0.0	0.5685209294944192	0.2046282859724038
height	annotated_credset_2685.txt	ENSG00000074071	MRPS34	0	-0.5534495263473548	0.4638140214470216	0.499279774426312	0.2023033763150252
height	annotated_credset_2685.txt	ENSG00000197774	EME2	0	-0.5735856796321218	0.5447073864377593	0.423567261329068	0.2003944573507062
height	annotated_credset_2685.txt	ENSG00000162032	SPSB3	0	-0.7096093813493286	0.4757951313695306	0.4401169648282482	0.1953141528936539
height	annotated_credset_2685.txt	ENSG00000095906	NUBP2	0	-0.476325302826489	0.4755550917108043	0.5737879355946304	0.1863435382617861
height	annotated_credset_2685.txt	ENSG00000099769	IGFALS	1	-0.6570434104447253	0.2959323714352806	0.4318043399107702	0.175455307996058
height	annotated_credset_2685.txt	ENSG00000063854	HAGH	0	-0.3736550361370813	0.3713570068098208	0.5909072527716637	0.1679080482791189
height	annotated_credset_2685.txt	ENSG00000180185	FAHD1	0	-0.5968212022396099	0.2099877371043911	0.393036643894243	0.1224722982605114
height	annotated_credset_2685.txt	ENSG00000162039	MEIOB	0	-0.657524141641643	0.2460458684478305	0.2716307650901768	0.1123029926768655
height	annotated_credset_2685.txt	ENSG00000162040	HS3ST6	0	-0.9264284870931664	0.4010175594228611	0.0064787533405724	0.0
height	annotated_credset_2686.txt	ENSG00000103227	LMF1	0	-0.4352511949329449	1.0	0.4826916704258293	0.1573131608036166
height	annotated_credset_2686.txt	ENSG00000269047	AC009041.2	0	-0.6552695037500591	0.0879745349231612	0.2889986654624998	0.1578042349872976
height	annotated_credset_2686.txt	ENSG00000005513	SOX8	0	-0.3651656167287131	0.9167792939703082	0.7601971736055332	0.1653710476262772
height	annotated_credset_2686.txt	ENSG00000162009	SSTR5	0	-0.4844912298443875	0.8522816813212618	0.2770879872454005	0.2998470867661562
height	annotated_credset_2686.txt	ENSG00000184471	C1QTNF8	0	-0.6176373299365845	0.3495864534140423	0.1822843105442826	0.3208992235100441
height	annotated_credset_2686.txt	ENSG00000196557	CACNA1H	0	-0.4342795277095332	0.6768544368199964	0.5335582588857143	0.499574785988071
height	annotated_credset_2686.txt	ENSG00000116176	TPSG1	0	-0.6947935609754394	0.442252198189266	0.2099505510117391	0.5045367703483952
height	annotated_credset_2686.txt	ENSG00000172236	TPSAB1	0	-0.787087915638262	0.3574138335898975	0.0223365483358741	0.5291588028971289
height	annotated_credset_2686.txt	ENSG00000095917	TPSD1	0	-0.6937163821771466	0.3683721658360947	0.209079615258105	0.5519005195135656
height	annotated_credset_2686.txt	ENSG00000103275	UBE2I	0	-0.3734119423824051	0.3698750228298588	0.7206802016957322	0.6493851502896745
height	annotated_credset_2686.txt	ENSG00000007516	BAIAP3	0	-0.6219813512082935	0.5009262399874762	0.3342009833481552	0.6812978552117818
height	annotated_credset_2686.txt	ENSG00000007520	TSR3	0	-0.4220360270823804	0.4472617215018133	0.4541159789052787	0.684817931896544
height	annotated_credset_2686.txt	ENSG00000090581	GNPTG	0	-0.4184132358646979	0.4557674746262426	0.4477192502444523	0.7011016671467184
height	annotated_credset_2686.txt	ENSG00000059145	UNKL	0	-0.4352178476570223	0.3583948652386046	0.480619988741713	0.774264603498026
height	annotated_credset_2686.txt	ENSG00000174109	C16orf91	0	-0.4695604560473088	0.3708769274923683	0.400080123371052	0.7950363297660149
height	annotated_credset_2686.txt	ENSG00000197599	CCDC154	0	-0.4502822824286656	0.3227541941712109	0.2833589799924937	0.8166891427577676
height	annotated_credset_2686.txt	ENSG00000103249	CLCN7	0	-0.3869868784260537	0.3978866073525191	0.4485890950198122	0.8608488107998487
height	annotated_credset_2686.txt	ENSG00000251692	PTX4	0	-0.5087113193441328	0.2292744018576982	0.1066173116486198	0.8799238401781341
height	annotated_credset_2686.txt	ENSG00000100726	TELO2	0	-0.000797592448217	0.6390429723171654	0.5049716399826875	0.910492852261416
height	annotated_credset_2686.txt	ENSG00000187535	IFT140	0	0.000797592448217	0.5801080178464268	0.5558357120155463	1.0
height	annotated_credset_2686.txt	ENSG00000131634	TMEM204	0	-0.1904303250779035	0.5884780963811412	0.3375313070933097	0.9747210852765918
height	annotated_credset_2686.txt	ENSG00000007545	CRAMP1L	0	-0.6102955442127413	0.4366791035040572	0.3599152982975112	0.9445078870336232
height	annotated_credset_2686.txt	ENSG00000261732	LA16c-431H6.6	0	-0.6278976203577251	0.0879745349231612	0.2889986654624998	0.9161337630408808
height	annotated_credset_2686.txt	ENSG00000206053	HN1L	0	-0.3972036809028221	0.4260547394786965	0.4350634299771641	0.8506614754270462
height	annotated_credset_2686.txt	ENSG00000138834	MAPK8IP3	0	-0.3158236934373759	0.4576147363477443	0.5791585680245113	0.810910087810646
height	annotated_credset_2686.txt	ENSG00000103024	NME3	0	-0.1380392818988431	0.0	0.5091316307561181	0.7196656576758627
height	annotated_credset_2686.txt	ENSG00000074071	MRPS34	0	-0.3903170751546474	0.4638140214470216	0.4464088250825222	0.7173825185726039
height	annotated_credset_2686.txt	ENSG00000197774	EME2	0	-0.314359673812431	0.5447073864377593	0.3778238738149287	0.7155078962540306
height	annotated_credset_2686.txt	ENSG00000162032	SPSB3	0	-0.3597319428825631	0.4757951313695306	0.3928155913204161	0.7105188672285182
height	annotated_credset_2686.txt	ENSG00000095906	NUBP2	0	-0.3496390202395252	0.4755550917108043	0.5139028018866435	0.7017094233943112
height	annotated_credset_2686.txt	ENSG00000099769	IGFALS	1	-0.4947505809839416	0.2959323714352806	0.3852855153587484	0.691016816820945
height	annotated_credset_2686.txt	ENSG00000063854	HAGH	0	-0.2721687127581851	0.3713570068098208	0.5294105097448317	0.68360515515594
height	annotated_credset_2686.txt	ENSG00000180185	FAHD1	0	-0.4763034249297313	0.2099877371043911	0.3501674029981749	0.6389857278056591
height	annotated_credset_2686.txt	ENSG00000162039	MEIOB	0	-0.528225738036719	0.2460458684478305	0.2401906509297069	0.6289991293340487
height	annotated_credset_2686.txt	ENSG00000162040	HS3ST6	0	-0.7944939446279764	0.4010175594228611	0.0	0.5187138315033228
height	annotated_credset_2686.txt	ENSG00000198736	MSRB1	0	-0.5484782106057797	0.2412137657526026	0.2936614881859951	0.4806420599354546
height	annotated_credset_2686.txt	ENSG00000140986	RPL3L	0	-0.5916580397430038	0.4414694601716806	0.2958388076794913	0.4724375625594053
height	annotated_credset_2686.txt	ENSG00000140990	NDUFB10	0	-0.4826596331510906	0.4530226733112427	0.3453225612472288	0.4503264136628837
height	annotated_credset_2686.txt	ENSG00000140988	RPS2	0	-0.3163949653367377	0.4457588645080491	0.4472021871743962	0.4467052753345232
height	annotated_credset_2686.txt	ENSG00000179580	RNF151	0	-0.6033664071893072	0.1561583218096903	0.2066833948083686	0.4399142175654165
height	annotated_credset_2686.txt	ENSG00000183751	TBL3	0	-0.4677696238665039	0.4118402170793436	0.417629778607906	0.4324925920763947
height	annotated_credset_2686.txt	ENSG00000196408	NOXO1	0	-0.5557993111691715	0.6670963028674304	0.387273242900276	0.4226995764713948
height	annotated_credset_2686.txt	ENSG00000269205	AC005606.1	0	-0.6552695037500591	0.0879745349231612	0.2889986654624998	0.4188350361563404
height	annotated_credset_2686.txt	ENSG00000127554	GFER	0	-0.4085745059115702	0.8463224358807107	0.5533492305211914	0.4151697723216201
height	annotated_credset_2686.txt	ENSG00000127561	SYNGR3	0	-0.4501840727263915	0.8594306885485429	0.3032919277936483	0.4074079534125991
height	annotated_credset_2686.txt	ENSG00000167962	ZNF598	0	-0.2917388043960689	0.8646176324784095	0.4723574617840055	0.3960292663855106
height	annotated_credset_2686.txt	ENSG00000183971	NPW	0	-0.4687158170281322	0.6687452709578104	0.4710361975214658	0.3785612594807782
height	annotated_credset_2686.txt	ENSG00000065054	SLC9A3R2	0	-0.5170939814334217	0.5268087771023039	0.4453750969060771	0.3565981445410763
height	annotated_credset_2686.txt	ENSG00000065057	NTHL1	0	-0.3458474193924308	0.697967490281003	0.5291838242442845	0.3360171543328359
height	annotated_credset_2686.txt	ENSG00000103197	TSC2	0	-0.4069550562505855	0.72558248754142	0.5618800686248988	0.3251281180859973
height	annotated_credset_2686.txt	ENSG00000008710	PKD1	0	-0.1835081887075662	0.8846974717562033	1.0	0.2664198435760814
height	annotated_credset_2686.txt	ENSG00000167964	RAB26	0	-0.4279357182677201	0.72558248754142	0.387551133659233	0.192270488647119
height	annotated_credset_2686.txt	ENSG00000131653	TRAF7	0	-0.4240415634819343	0.72558248754142	0.3749928016902773	0.1710688945429804
height	annotated_credset_2686.txt	ENSG00000167971	CASKIN1	0	-0.583494401456214	0.72558248754142	0.331883062326191	0.1404870718288201
height	annotated_credset_2686.txt	ENSG00000167965	MLST8	0	-0.4476426499522088	0.8744279489654811	0.595243107158542	0.1019626579699068
height	annotated_credset_2686.txt	ENSG00000182685	BRICD5	0	-0.3982048269880249	0.9054348109687688	0.4748697430008502	0.0948385237979556
height	annotated_credset_2686.txt	ENSG00000184207	PGP	0	-0.4004790227493517	0.8677590210556527	0.5988497080303204	0.0909327047834033
height	annotated_credset_2686.txt	ENSG00000167967	E4F1	0	-0.3721749376215779	0.8889764395856706	0.5403989793600872	0.0744653504906353
height	annotated_credset_2686.txt	ENSG00000167968	DNASE1L2	0	-0.4572097516374902	0.9308894513006496	0.452596874140152	0.0570286584613839
height	annotated_credset_2686.txt	ENSG00000167969	ECI1	0	-0.447406525598522	0.8420121585305398	0.5957153558659154	0.0519342975819806
height	annotated_credset_2686.txt	ENSG00000205937	RNPS1	0	-0.4652580807477853	0.72558248754142	0.5683557037430484	0.0324037791057882
height	annotated_credset_2686.txt	ENSG00000167970	AC009065.1	0	-0.6552695037500591	0.0879745349231612	0.2889986654624998	0.0315198455751625
height	annotated_credset_2686.txt	ENSG00000167972	ABCA3	0	-0.1668456419466772	0.72558248754142	0.49565257383794	0.0
height	annotated_credset_2687.txt	ENSG00000162009	SSTR5	0	-0.7273594992198853	0.9155562780633552	0.2770879872454005	0.0395274483615167
height	annotated_credset_2687.txt	ENSG00000184471	C1QTNF8	0	-0.8200890009920752	0.3755402458644215	0.1822843105442826	0.0594363911474494
height	annotated_credset_2687.txt	ENSG00000196557	CACNA1H	0	-0.6054719004404389	0.7271050669596562	0.5335582588857143	0.2284093364543988
height	annotated_credset_2687.txt	ENSG00000116176	TPSG1	0	-0.806255880758347	0.4750856265170328	0.2099505510117391	0.233101870230718
height	annotated_credset_2687.txt	ENSG00000172236	TPSAB1	0	-0.9000628820962794	0.3839487418087235	0.0223365483358741	0.2563868528075311
height	annotated_credset_2687.txt	ENSG00000095917	TPSD1	0	-0.806691348635164	0.3957206361307465	0.209079615258105	0.2778936262281428
height	annotated_credset_2687.txt	ENSG00000103275	UBE2I	0	-0.5508910554163503	0.3973350673520525	0.7206802016957322	0.3700845501348485
height	annotated_credset_2687.txt	ENSG00000007516	BAIAP3	0	-0.7441306645901389	0.5381157121155216	0.3342009833481552	0.4002642997805964
height	annotated_credset_2687.txt	ENSG00000007520	TSR3	0	-0.5812750459314501	0.4804670639213861	0.4541159789052787	0.4035932257785418
height	annotated_credset_2687.txt	ENSG00000090581	GNPTG	0	-0.5665392071139751	0.4896042961808611	0.4477192502444523	0.4189927055264167
height	annotated_credset_2687.txt	ENSG00000059145	UNKL	0	-0.6709211618933599	0.3850026066337427	0.480619988741713	0.4881826757222886
height	annotated_credset_2687.txt	ENSG00000174109	C16orf91	0	-0.6908576256646585	0.3984113548329232	0.400080123371052	0.5078264351594162
height	annotated_credset_2687.txt	ENSG00000197599	CCDC154	0	-0.6669012026868844	0.3467159217673538	0.2833589799924937	0.5283034356773072
height	annotated_credset_2687.txt	ENSG00000103249	CLCN7	0	-0.5827097811328504	0.4274262715047284	0.4485890950198122	0.570065101734831
height	annotated_credset_2687.txt	ENSG00000251692	PTX4	0	-0.8559690178120379	0.2462960575365349	0.1066173116486198	0.5881042999954318
height	annotated_credset_2687.txt	ENSG00000100726	TELO2	0	-0.61892192337767	0.686486425884714	0.5049716399826875	0.6170133233403061
height	annotated_credset_2687.txt	ENSG00000187535	IFT140	0	-0.4758524318978313	0.6231760570880818	0.5558357120155463	0.7538492774321535
height	annotated_credset_2687.txt	ENSG00000131634	TMEM204	0	-0.5534644193435382	0.6321675420845223	0.3375313070933097	0.6777537713003903
height	annotated_credset_2687.txt	ENSG00000007545	CRAMP1L	0	-0.6252402415247932	0.4690987774046897	0.3599152982975112	0.8424205159330868
height	annotated_credset_2687.txt	ENSG00000261732	LA16c-431H6.6	0	-0.7612805019310989	0.094505888749993	0.2889986654624998	0.8542756923438853
height	annotated_credset_2687.txt	ENSG00000206053	HN1L	0	-0.5884503939962765	0.4576856455762903	0.4350634299771641	0.8752278691162344
height	annotated_credset_2687.txt	ENSG00000138834	MAPK8IP3	0	-0.6012540899262161	0.4915887012237164	0.5791585680245113	0.9668130442566338
height	annotated_credset_2687.txt	ENSG00000103024	NME3	0	-0.4939171233034548	0.0	0.5091316307561181	0.9687150953828356
height	annotated_credset_2687.txt	ENSG00000074071	MRPS34	0	-0.487575429273645	0.4982482300116037	0.4464088250825222	0.970633299809472
height	annotated_credset_2687.txt	ENSG00000197774	EME2	0	-0.4464441278040177	0.5851472327639847	0.3778238738149287	0.9821465646944
height	annotated_credset_2687.txt	ENSG00000162032	SPSB3	0	-0.1849112464606367	0.5111188344703489	0.3928155913204161	0.9982890962622772
height	annotated_credset_2687.txt	ENSG00000095906	NUBP2	0	-0.3613950478700279	0.5108609739280568	0.5139028018866435	0.9922194936238884
height	annotated_credset_2687.txt	ENSG00000099769	IGFALS	1	-0.2052827345223423	0.3179028089982118	0.3852855153587484	1.0
height	annotated_credset_2687.txt	ENSG00000063854	HAGH	0	-0.3092116533067787	0.3989270759175071	0.5294105097448317	0.9992754714996934
height	annotated_credset_2687.txt	ENSG00000180185	FAHD1	0	-0.6245695863035202	0.2255775235297745	0.3501674029981749	0.9570790124387986
height	annotated_credset_2687.txt	ENSG00000162039	MEIOB	0	-0.6849130820429543	0.2643126615131929	0.2401906509297069	0.9476347161178992
height	annotated_credset_2687.txt	ENSG00000162040	HS3ST6	0	-0.9057798346623488	0.4307896698824492	0.0	0.843338239643655
height	annotated_credset_2687.txt	ENSG00000198736	MSRB1	0	-0.7034160390785675	0.2591218166835771	0.2936614881859951	0.8073338790827799
height	annotated_credset_2687.txt	ENSG00000140986	RPL3L	0	-0.7578604308226031	0.4742447769226027	0.2958388076794913	0.7995749104405813
height	annotated_credset_2687.txt	ENSG00000140990	NDUFB10	0	-0.6323536833951188	0.4866557169363925	0.3453225612472288	0.7786644630276889
height	annotated_credset_2687.txt	ENSG00000140988	RPS2	0	-0.5796659046188518	0.4788526327000801	0.4472021871743962	0.775239963335504
height	annotated_credset_2687.txt	ENSG00000179580	RNF151	0	-0.7011320564399882	0.1677517363544125	0.2066833948083686	0.768817680304288
height	annotated_credset_2687.txt	ENSG00000183751	TBL3	0	-0.5999802012864354	0.4424158169414377	0.417629778607906	0.7617990712653527
height	annotated_credset_2687.txt	ENSG00000196408	NOXO1	0	-0.6761195368167946	0.7166224753490928	0.387273242900276	0.7525378456827146
height	annotated_credset_2687.txt	ENSG00000269205	AC005606.1	0	-0.7593827496460952	0.094505888749993	0.2889986654624998	0.7488831614593334
height	annotated_credset_2687.txt	ENSG00000127554	GFER	0	-0.5158468575853469	0.90915460981776	0.5533492305211914	0.745416932407692
height	annotated_credset_2687.txt	ENSG00000127561	SYNGR3	0	-0.6408755089491184	0.9232360376924844	0.3032919277936483	0.7380766034684296
height	annotated_credset_2687.txt	ENSG00000167962	ZNF598	0	-0.5563427419539398	0.9288080676715754	0.4723574617840055	0.727315813162091
height	annotated_credset_2687.txt	ENSG00000183971	NPW	0	-0.6342380595061997	0.7183938651613591	0.4710361975214658	0.7107963712507342
height	annotated_credset_2687.txt	ENSG00000065054	SLC9A3R2	0	-0.6182504197160851	0.5659198053713472	0.4453750969060771	0.690025919108277
height	annotated_credset_2687.txt	ENSG00000065057	NTHL1	0	-0.535285965981979	0.7497855833534204	0.5291838242442845	0.6705625381926719
height	annotated_credset_2687.txt	ENSG00000103197	TSC2	0	-0.5871949372212372	0.7794507570449183	0.5618800686248988	0.6602648091654653
height	annotated_credset_2687.txt	ENSG00000008710	PKD1	0	-0.3681349715336867	0.950378662600692	1.0	0.6047445694625716
height	annotated_credset_2687.txt	ENSG00000167964	RAB26	0	-0.6752057906598807	0.7794507570449183	0.387551133659233	0.5346217461665882
height	annotated_credset_2687.txt	ENSG00000131653	TRAF7	0	-0.6080031584723614	0.7794507570449183	0.3749928016902773	0.5145714620018507
height	annotated_credset_2687.txt	ENSG00000167971	CASKIN1	0	-0.7030398263264017	0.7794507570449183	0.331883062326191	0.4856503236816501
height	annotated_credset_2687.txt	ENSG00000167965	MLST8	0	-0.5713598039102262	0.9393467159217672	0.595243107158542	0.4492179006592519
height	annotated_credset_2687.txt	ENSG00000182685	BRICD5	0	-0.6315464859890721	0.9726555711891296	0.4748697430008502	0.4424806282695566
height	annotated_credset_2687.txt	ENSG00000184207	PGP	0	-0.4922362853880943	0.932182677377222	0.5988497080303204	0.4387869069034579
height	annotated_credset_2687.txt	ENSG00000167967	E4F1	0	-0.5214616497232111	0.9549753070502436	0.5403989793600872	0.4232137791759084
height	annotated_credset_2687.txt	ENSG00000167968	DNASE1L2	0	-0.6342345580689573	1.0	0.452596874140152	0.4067239516486822
height	annotated_credset_2687.txt	ENSG00000167969	ECI1	0	-0.5711236795565394	0.9045243313844308	0.5957153558659154	0.401906229793993
height	annotated_credset_2687.txt	ENSG00000205937	RNPS1	0	-0.5848035056179731	0.7794507570449183	0.5683557037430484	0.38343627685513
height	annotated_credset_2687.txt	ENSG00000167970	AC009065.1	0	-0.7667318235329665	0.094505888749993	0.2889986654624998	0.3826003435576274
height	annotated_credset_2687.txt	ENSG00000167972	ABCA3	0	-0.6211550705705272	0.7794507570449183	0.49565257383794	0.3527921198218806
height	annotated_credset_2687.txt	ENSG00000162063	CCNF	0	-0.5704043468464376	0.7794507570449183	0.5971540212861194	0.1461469856841595
height	annotated_credset_2687.txt	ENSG00000162062	C16orf59	0	-0.5513601254649271	0.9631707877639568	0.4633965511157906	0.1048403042555501
height	annotated_credset_2687.txt	ENSG00000162068	NTN3	0	-0.7520322789694469	0.1072329882112886	0.318397754589539	0.0894690927834361
height	annotated_credset_2687.txt	ENSG00000162065	TBC1D24	0	-0.7992096412008339	0.5806066449540617	0.2157212680418042	0.0845598355596162
height	annotated_credset_2687.txt	ENSG00000260272	RP11-20I23.1	0	-0.7432990919045486	0.094505888749993	0.2889986654624998	0.0564450161527878
height	annotated_credset_2687.txt	ENSG00000185883	ATP6V0C	0	-0.7266876235632163	0.3231272878116049	0.3222216021451645	0.0324331350564072
height	annotated_credset_2687.txt	ENSG00000259784	ATP6C	0	-0.8127734789736795	0.5642044721987096	0.1415054462863962	0.0323052547612981
height	annotated_credset_2687.txt	ENSG00000162066	AMDHD2	0	-0.7166113541992521	0.678279733843075	0.3051453181649629	0.02370093006301
height	annotated_credset_2687.txt	ENSG00000205923	CEMP1	0	-0.7527526317997306	0.6498029609117053	0.2285131736161664	0.0146510434943943
height	annotated_credset_2687.txt	ENSG00000140992	PDPK1	0	0.1849112464606367	0.9723304426792831	0.6875126191704095	0.0
height	annotated_credset_2688.txt	ENSG00000059145	UNKL	0	-0.7601254012150622	0.3850026066337427	0.480619988741713	0.0
height	annotated_credset_2688.txt	ENSG00000174109	C16orf91	0	-0.8003953339003927	0.3984113548329232	0.400080123371052	0.0202358187720395
height	annotated_credset_2688.txt	ENSG00000197599	CCDC154	0	-0.8587559055896719	0.3467159217673538	0.2833589799924937	0.0413299923593941
height	annotated_credset_2688.txt	ENSG00000103249	CLCN7	0	-0.7761408480760127	0.4274262715047284	0.4485890950198122	0.0843503474326316
height	annotated_credset_2688.txt	ENSG00000251692	PTX4	0	-0.9471267397616088	0.2462960575365349	0.1066173116486198	0.1029332438462615
height	annotated_credset_2688.txt	ENSG00000100726	TELO2	0	-0.7106190673624583	0.686486425884714	0.5049716399826875	0.1327135798942518
height	annotated_credset_2688.txt	ENSG00000187535	IFT140	0	-0.7054843202406823	0.6231760570880818	0.5558357120155463	0.2736737447427501
height	annotated_credset_2688.txt	ENSG00000131634	TMEM204	0	-0.8020961822782166	0.6321675420845223	0.3375313070933097	0.1952847339030738
height	annotated_credset_2688.txt	ENSG00000007545	CRAMP1L	0	-0.8204777464371632	0.4690987774046897	0.3599152982975112	0.364914504255027
height	annotated_credset_2688.txt	ENSG00000261732	LA16c-431H6.6	0	-0.8559360628546688	0.094505888749993	0.2889986654624998	0.3771269935255918
height	annotated_credset_2688.txt	ENSG00000206053	HN1L	0	-0.7829036805973367	0.4576856455762903	0.4350634299771641	0.3987106650932472
height	annotated_credset_2688.txt	ENSG00000138834	MAPK8IP3	0	-0.710856111573663	0.4915887012237164	0.5791585680245113	0.4930562007468657
height	annotated_credset_2688.txt	ENSG00000103024	NME3	0	-0.7458695802078598	0.0	0.5091316307561181	0.4950155793478998
height	annotated_credset_2688.txt	ENSG00000074071	MRPS34	0	-0.7772309830446577	0.4982482300116037	0.4464088250825222	0.4969915981069046
height	annotated_credset_2688.txt	ENSG00000197774	EME2	0	-0.8087850424835387	0.5851472327639847	0.3778238738149287	0.5088518707004258
height	annotated_credset_2688.txt	ENSG00000162032	SPSB3	0	-0.8040275999257107	0.5111188344703489	0.3928155913204161	0.5254809352323451
height	annotated_credset_2688.txt	ENSG00000095906	NUBP2	0	-0.743483994642597	0.5108609739280568	0.5139028018866435	0.5192283958749048
height	annotated_credset_2688.txt	ENSG00000099769	IGFALS	1	-0.8077926379065445	0.3179028089982118	0.3852855153587484	0.5272434052973942
height	annotated_credset_2688.txt	ENSG00000063854	HAGH	0	-0.7338553362167378	0.3989270759175071	0.5294105097448317	0.5719263894878575
height	annotated_credset_2688.txt	ENSG00000180185	FAHD1	0	-0.8232626704967434	0.2255775235297745	0.3501674029981749	0.5899712541271057
height	annotated_credset_2688.txt	ENSG00000162039	MEIOB	0	-0.8782510465309774	0.2643126615131929	0.2401906509297069	0.6511058078311357
height	annotated_credset_2688.txt	ENSG00000162040	HS3ST6	0	-0.9933822587603572	0.4307896698824492	0.0	0.6984553773363822
height	annotated_credset_2688.txt	ENSG00000198736	MSRB1	0	-0.8465515146673597	0.2591218166835771	0.2936614881859951	0.732964291607675
height	annotated_credset_2688.txt	ENSG00000140986	RPL3L	0	-0.8482618890392639	0.4742447769226027	0.2958388076794913	0.752766079592649
height	annotated_credset_2688.txt	ENSG00000140990	NDUFB10	0	-0.8235200122553952	0.4866557169363925	0.3453225612472288	0.758824483773766
height	annotated_credset_2688.txt	ENSG00000140988	RPS2	0	-0.6725213456655602	0.4788526327000801	0.4472021871743962	0.7628250550858563
height	annotated_credset_2688.txt	ENSG00000179580	RNF151	0	-0.7108976093908409	0.1677517363544125	0.2066833948083686	0.7685312425899297
height	annotated_credset_2688.txt	ENSG00000183751	TBL3	0	-0.6891619100524126	0.4424158169414377	0.417629778607906	0.7878865196693601
height	annotated_credset_2688.txt	ENSG00000196408	NOXO1	0	-0.7660556019670491	0.7166224753490928	0.387273242900276	0.7896323495764387
height	annotated_credset_2688.txt	ENSG00000269205	AC005606.1	0	-0.8507042055548641	0.094505888749993	0.2889986654624998	0.787864332792066
height	annotated_credset_2688.txt	ENSG00000127554	GFER	0	-0.6798676218895016	0.90915460981776	0.5533492305211914	0.7945647697348807
height	annotated_credset_2688.txt	ENSG00000127561	SYNGR3	0	-0.8048962732532731	0.9232360376924844	0.3032919277936483	0.803614242311207
height	annotated_credset_2688.txt	ENSG00000167962	ZNF598	0	-0.5951370682125928	0.9288080676715754	0.4723574617840055	0.8251743403217374
height	annotated_credset_2688.txt	ENSG00000183971	NPW	0	-0.5850651091916715	0.7183938651613591	0.4710361975214658	0.8403335242329234
height	annotated_credset_2688.txt	ENSG00000065054	SLC9A3R2	0	-0.6297104135086126	0.5659198053713472	0.4453750969060771	0.8656695514229416
height	annotated_credset_2688.txt	ENSG00000065057	NTHL1	0	-0.6330822744526986	0.7497855833534204	0.5291838242442845	0.8779278011279253
height	annotated_credset_2688.txt	ENSG00000103197	TSC2	0	-0.359520142500581	0.7794507570449183	0.5618800686248988	0.934572285539564
height	annotated_credset_2688.txt	ENSG00000008710	PKD1	0	0.2820553346997257	0.950378662600692	1.0	1.0
height	annotated_credset_2688.txt	ENSG00000167964	RAB26	0	-0.4345966688136752	0.7794507570449183	0.387551133659233	0.996144949662863
height	annotated_credset_2688.txt	ENSG00000131653	TRAF7	0	-0.4278546041005212	0.7794507570449183	0.3749928016902773	0.9754903535818976
height	annotated_credset_2688.txt	ENSG00000167971	CASKIN1	0	-0.7645970472154868	0.7794507570449183	0.331883062326191	0.9456975374154296
height	annotated_credset_2688.txt	ENSG00000167965	MLST8	0	-0.5304827472648265	0.9393467159217672	0.595243107158542	0.908167047792648
height	annotated_credset_2688.txt	ENSG00000182685	BRICD5	0	-0.3367555499491411	0.9726555711891296	0.4748697430008502	0.9012267152390908
height	annotated_credset_2688.txt	ENSG00000184207	PGP	0	-0.2820553346997257	0.932182677377222	0.5988497080303204	0.8974216657831547
height	annotated_credset_2688.txt	ENSG00000167967	E4F1	0	-0.5977053954803077	0.9549753070502436	0.5403989793600872	0.881379166819698
height	annotated_credset_2688.txt	ENSG00000167968	DNASE1L2	0	-0.7119961361052592	1.0	0.452596874140152	0.8643923388914114
height	annotated_credset_2688.txt	ENSG00000167969	ECI1	0	-0.6559208110481941	0.9045243313844308	0.5957153558659154	0.8594294117766901
height	annotated_credset_2688.txt	ENSG00000205937	RNPS1	0	-0.6696006371096278	0.7794507570449183	0.5683557037430484	0.8404027778171783
height	annotated_credset_2688.txt	ENSG00000167970	AC009065.1	0	-0.8507042055548641	0.094505888749993	0.2889986654624998	0.8395416496422016
height	annotated_credset_2688.txt	ENSG00000167972	ABCA3	0	-0.7087159502311272	0.7794507570449183	0.49565257383794	0.8088350114671832
height	annotated_credset_2688.txt	ENSG00000162063	CCNF	0	-0.6605780557154116	0.7794507570449183	0.5971540212861194	0.5959616305892207
height	annotated_credset_2688.txt	ENSG00000162062	C16orf59	0	-0.727680725450997	0.9631707877639568	0.4633965511157906	0.5534099732988208
height	annotated_credset_2688.txt	ENSG00000162068	NTN3	0	-0.8400981887852288	0.1072329882112886	0.318397754589539	0.537575476309996
height	annotated_credset_2688.txt	ENSG00000162065	TBC1D24	0	-0.887590501959609	0.5806066449540617	0.2157212680418042	0.5325182549667747
height	annotated_credset_2688.txt	ENSG00000260272	RP11-20I23.1	0	-0.8559360628546688	0.094505888749993	0.2889986654624998	0.5035560600190041
height	annotated_credset_2688.txt	ENSG00000185883	ATP6V0C	0	-0.7138156900562441	0.3231272878116049	0.3222216021451645	0.4788204651957572
height	annotated_credset_2688.txt	ENSG00000259784	ATP6C	0	-0.7703573111908896	0.5642044721987096	0.1415054462863962	0.4786887306118236
height	annotated_credset_2688.txt	ENSG00000162066	AMDHD2	0	-0.6400538843076976	0.678279733843075	0.3051453181649629	0.4698250731328353
height	annotated_credset_2688.txt	ENSG00000205923	CEMP1	0	-0.6764415079050329	0.6498029609117053	0.2285131736161664	0.4605024246298255
height	annotated_credset_2688.txt	ENSG00000140992	PDPK1	0	-0.4546242277930113	0.9723304426792831	0.6875126191704095	0.4454098013505218
height	annotated_credset_2688.txt	ENSG00000167977	KCTD5	0	-0.8143722697590938	0.6033095840036773	0.3666494192638183	0.2450193123101458
height	annotated_credset_2688.txt	ENSG00000172382	PRSS27	0	-0.8521398554216092	0.513237775448313	0.2965910803286191	0.2034979581340901
height	annotated_credset_2688.txt	ENSG00000167978	SRRM2	0	-0.4168929233049453	0.6614291079706937	0.793157589749325	0.1481541794038174
height	annotated_credset_2688.txt	ENSG00000103363	TCEB2	0	-0.7297659488567257	0.5216014260809122	0.5413388934583859	0.1216893948314625
height	annotated_credset_2688.txt	ENSG00000103355	PRSS33	0	-0.9411272014942405	0.1057144138437477	0.1186163881833565	0.1043018164320516
height	annotated_credset_2688.txt	ENSG00000007038	PRSS21	0	-0.934073724353842	0.2787192178977639	0.1327233424641534	0.0582501792485092
height	annotated_credset_2688.txt	ENSG00000162078	ZG16B	0	-0.9726424683902806	0.0661064739813107	0.0555858543912763	0.0402150213680771
height	annotated_credset_2688.txt	ENSG00000005001	PRSS22	0	-0.9392496960064493	0.2964891726600557	0.1198840973324619	0.0089342977430741
height	annotated_credset_2689.txt	ENSG00000103249	CLCN7	0	-0.6415841698600024	0.4274262715047284	0.4485890950198122	0.0
height	annotated_credset_2689.txt	ENSG00000251692	PTX4	0	-0.8125700615455986	0.2462960575365349	0.1066173116486198	0.0181731637659579
height	annotated_credset_2689.txt	ENSG00000100726	TELO2	0	-0.5743123371711978	0.686486425884714	0.5049716399826875	0.0472968758051873
height	annotated_credset_2689.txt	ENSG00000187535	IFT140	0	-0.5701291185986161	0.6231760570880818	0.5558357120155463	0.1851490223838699
height	annotated_credset_2689.txt	ENSG00000131634	TMEM204	0	-0.6661531000247307	0.6321675420845223	0.3375313070933097	0.1084884039457232
height	annotated_credset_2689.txt	ENSG00000007545	CRAMP1L	0	-0.685921068221153	0.4690987774046897	0.3599152982975112	0.2743780224191287
height	annotated_credset_2689.txt	ENSG00000261732	LA16c-431H6.6	0	-0.7213793846386586	0.094505888749993	0.2889986654624998	0.2863212395885035
height	annotated_credset_2689.txt	ENSG00000206053	HN1L	0	-0.6483470023813265	0.4576856455762903	0.4350634299771641	0.3074290146811932
height	annotated_credset_2689.txt	ENSG00000138834	MAPK8IP3	0	-0.5762994333576528	0.4915887012237164	0.5791585680245113	0.3996943339218829
height	annotated_credset_2689.txt	ENSG00000103024	NME3	0	-0.6113129019918495	0.0	0.5091316307561181	0.4016105103565742
height	annotated_credset_2689.txt	ENSG00000074071	MRPS34	0	-0.6426743048286474	0.4982482300116037	0.4464088250825222	0.4035429600518574
height	annotated_credset_2689.txt	ENSG00000197774	EME2	0	-0.6740999758626822	0.5851472327639847	0.3778238738149287	0.4151417265387045
height	annotated_credset_2689.txt	ENSG00000162032	SPSB3	0	-0.6694709217097005	0.5111188344703489	0.3928155913204161	0.4314041382901685
height	annotated_credset_2689.txt	ENSG00000095906	NUBP2	0	-0.6089273164265867	0.5108609739280568	0.5139028018866435	0.4252894606227776
height	annotated_credset_2689.txt	ENSG00000099769	IGFALS	1	-0.6732359596905343	0.3179028089982118	0.3852855153587484	0.4331277478078562
height	annotated_credset_2689.txt	ENSG00000063854	HAGH	0	-0.6011734624974927	0.3989270759175071	0.5294105097448317	0.4768255208121442
height	annotated_credset_2689.txt	ENSG00000180185	FAHD1	0	-0.690795015870821	0.2255775235297745	0.3501674029981749	0.4944725158189654
height	annotated_credset_2689.txt	ENSG00000162039	MEIOB	0	-0.7445917162420607	0.2643126615131929	0.2401906509297069	0.5542591191284042
height	annotated_credset_2689.txt	ENSG00000162040	HS3ST6	0	-0.8636918229530994	0.4307896698824492	0.0	0.6005646821425374
height	annotated_credset_2689.txt	ENSG00000198736	MSRB1	0	-0.7168610788601019	0.2591218166835771	0.2936614881859951	0.6343127123999533
height	annotated_credset_2689.txt	ENSG00000140986	RPL3L	0	-0.7157724191133538	0.4742447769226027	0.2958388076794913	0.653677892504265
height	annotated_credset_2689.txt	ENSG00000140990	NDUFB10	0	-0.691030542329485	0.4866557169363925	0.3453225612472288	0.6596027154647508
height	annotated_credset_2689.txt	ENSG00000140988	RPS2	0	-0.6391444460254472	0.4788526327000801	0.4472021871743962	0.6635150785320434
height	annotated_credset_2689.txt	ENSG00000179580	RNF151	0	-0.7587586815334122	0.1677517363544125	0.2066833948083686	0.6690954508100015
height	annotated_credset_2689.txt	ENSG00000183751	TBL3	0	-0.652831063821876	0.4424158169414377	0.417629778607906	0.6880239650884316
height	annotated_credset_2689.txt	ENSG00000196408	NOXO1	0	-0.630655279608888	0.7166224753490928	0.387273242900276	0.6897313013455274
height	annotated_credset_2689.txt	ENSG00000269205	AC005606.1	0	-0.717146620394579	0.094505888749993	0.2889986654624998	0.6880022674076425
height	annotated_credset_2689.txt	ENSG00000127554	GFER	0	-0.5443233543142079	0.90915460981776	0.5533492305211914	0.6945549670059642
height	annotated_credset_2689.txt	ENSG00000127561	SYNGR3	0	-0.6693520056779794	0.9232360376924844	0.3032919277936483	0.7034049085578366
height	annotated_credset_2689.txt	ENSG00000167962	ZNF598	0	-0.4576118998728338	0.9288080676715754	0.4723574617840055	0.7244896298646878
height	annotated_credset_2689.txt	ENSG00000183971	NPW	0	-0.4503800425708151	0.7183938651613591	0.4710361975214658	0.7393145702638709
height	annotated_credset_2689.txt	ENSG00000065054	SLC9A3R2	0	-0.5225269299871214	0.5659198053713472	0.4453750969060771	0.7640919656200248
height	annotated_credset_2689.txt	ENSG00000065057	NTHL1	0	-0.5586335426325624	0.7497855833534204	0.5291838242442845	0.7760799342560272
height	annotated_credset_2689.txt	ENSG00000103197	TSC2	0	-0.4084156532532292	0.7794507570449183	0.5618800686248988	0.8314754694157628
height	annotated_credset_2689.txt	ENSG00000008710	PKD1	0	-0.3170344991158191	0.950378662600692	1.0	0.8954605739579011
height	annotated_credset_2689.txt	ENSG00000167964	RAB26	0	-0.5909585792359706	0.7794507570449183	0.387551133659233	0.9202325448938576
height	annotated_credset_2689.txt	ENSG00000131653	TRAF7	0	-0.5261816176722307	0.7794507570449183	0.3749928016902773	0.952730246295799
height	annotated_credset_2689.txt	ENSG00000167971	CASKIN1	0	-0.4761448716773941	0.7794507570449183	0.331883062326191	0.977677154783118
height	annotated_credset_2689.txt	ENSG00000167965	MLST8	0	-0.1823980319775882	0.9393467159217672	0.595243107158542	0.995158704973922
height	annotated_credset_2689.txt	ENSG00000182685	BRICD5	0	-0.1878268805755991	0.9726555711891296	0.4748697430008502	0.9985950751689028
height	annotated_credset_2689.txt	ENSG00000184207	PGP	0	0.1823980319775882	0.932182677377222	0.5988497080303204	1.0
height	annotated_credset_2689.txt	ENSG00000167967	E4F1	0	-0.2635473650494842	0.9549753070502436	0.5403989793600872	0.9856524085781782
height	annotated_credset_2689.txt	ENSG00000167968	DNASE1L2	0	-0.3755749769169589	1.0	0.452596874140152	0.9690401217239892
height	annotated_credset_2689.txt	ENSG00000167969	ECI1	0	-0.3796430630194092	0.9045243313844308	0.5957153558659154	0.9641866217524674
height	annotated_credset_2689.txt	ENSG00000205937	RNPS1	0	-0.5085272233398761	0.7794507570449183	0.5683557037430484	0.9455795043707266
height	annotated_credset_2689.txt	ENSG00000167970	AC009065.1	0	-0.7140203567761098	0.094505888749993	0.2889986654624998	0.944737363135098
height	annotated_credset_2689.txt	ENSG00000167972	ABCA3	0	-0.5692082121968491	0.7794507570449183	0.49565257383794	0.9147077729229216
height	annotated_credset_2689.txt	ENSG00000162063	CCNF	0	-0.5224209589317439	0.7794507570449183	0.5971540212861194	0.706528018486424
height	annotated_credset_2689.txt	ENSG00000162062	C16orf59	0	-0.5899747166189895	0.9631707877639568	0.4633965511157906	0.6649145789429433
height	annotated_credset_2689.txt	ENSG00000162068	NTN3	0	-0.7044929456583299	0.1072329882112886	0.318397754589539	0.6494292153847405
height	annotated_credset_2689.txt	ENSG00000162065	TBC1D24	0	-0.7529571721704176	0.5806066449540617	0.2157212680418042	0.6444835002698649
height	annotated_credset_2689.txt	ENSG00000260272	RP11-20I23.1	0	-0.7191924902218495	0.094505888749993	0.2889986654624998	0.6161598902097352
height	annotated_credset_2689.txt	ENSG00000185883	ATP6V0C	0	-0.604102943038354	0.3231272878116049	0.3222216021451645	0.5919696883399376
height	annotated_credset_2689.txt	ENSG00000259784	ATP6C	0	-0.6757845015738173	0.5642044721987096	0.1415054462863962	0.591840858360252
height	annotated_credset_2689.txt	ENSG00000162066	AMDHD2	0	-0.5288046487567875	0.678279733843075	0.3051453181649629	0.5831726348849887
height	annotated_credset_2689.txt	ENSG00000205923	CEMP1	0	-0.7119279405364957	0.6498029609117053	0.2285131736161664	0.5740555406384
height	annotated_credset_2689.txt	ENSG00000140992	PDPK1	0	-0.4791412004139457	0.9723304426792831	0.6875126191704095	0.5592956932815843
height	annotated_credset_2689.txt	ENSG00000167977	KCTD5	0	-0.6796872031382374	0.6033095840036773	0.3666494192638183	0.3633235964990792
height	annotated_credset_2689.txt	ENSG00000172382	PRSS27	0	-0.7175831772055989	0.513237775448313	0.2965910803286191	0.3227177430072443
height	annotated_credset_2689.txt	ENSG00000167978	SRRM2	0	-0.4302193622878791	0.6614291079706937	0.793157589749325	0.2685942343837723
height	annotated_credset_2689.txt	ENSG00000103363	TCEB2	0	-0.5952092706407155	0.5216014260809122	0.5413388934583859	0.2427129695174707
height	annotated_credset_2689.txt	ENSG00000103355	PRSS33	0	-0.8065705232782302	0.1057144138437477	0.1186163881833565	0.2257087683040279
height	annotated_credset_2689.txt	ENSG00000007038	PRSS21	0	-0.7294548260412437	0.2787192178977639	0.1327233424641534	0.1806725196160595
height	annotated_credset_2689.txt	ENSG00000162078	ZG16B	0	-0.8380857901742704	0.0661064739813107	0.0555858543912763	0.1630350173445836
height	annotated_credset_2689.txt	ENSG00000005001	PRSS22	0	-0.8059366687036775	0.2964891726600557	0.1198840973324619	0.1324439996419882
height	annotated_credset_2689.txt	ENSG00000162076	FLYWCH2	0	-0.5504800284677571	0.4798616522133964	0.6307973778043029	0.0911383959447034
height	annotated_credset_2689.txt	ENSG00000059122	FLYWCH1	0	-0.4933398382365952	0.2089623355438334	0.2589397720834601	0.0521490196716598
height	annotated_credset_2690.txt	ENSG00000261732	LA16c-431H6.6	0	-0.6965335173159716	0.094505888749993	0.2889986654624998	0.0
height	annotated_credset_2690.txt	ENSG00000206053	HN1L	0	-0.6235011350586394	0.4576856455762903	0.4350634299771641	0.0210364749917703
height	annotated_credset_2690.txt	ENSG00000138834	MAPK8IP3	0	-0.5514535660349656	0.4915887012237164	0.5791585680245113	0.1129901305661411
height	annotated_credset_2690.txt	ENSG00000103024	NME3	0	-0.5864670346691624	0.0	0.5091316307561181	0.1148998343350695
height	annotated_credset_2690.txt	ENSG00000074071	MRPS34	0	-0.6178284375059603	0.4982482300116037	0.4464088250825222	0.1168257563950292
height	annotated_credset_2690.txt	ENSG00000197774	EME2	0	-0.646996105781969	0.5851472327639847	0.3778238738149287	0.1283853433275453
height	annotated_credset_2690.txt	ENSG00000162032	SPSB3	0	-0.6446250543870132	0.5111188344703489	0.3928155913204161	0.144592822164764
height	annotated_credset_2690.txt	ENSG00000095906	NUBP2	0	-0.5840814491038996	0.5108609739280568	0.5139028018866435	0.1384987993097758
height	annotated_credset_2690.txt	ENSG00000099769	IGFALS	1	-0.6483900923678473	0.3179028089982118	0.3852855153587484	0.1463106094898228
height	annotated_credset_2690.txt	ENSG00000063854	HAGH	0	-0.5763275951748056	0.3989270759175071	0.5294105097448317	0.189860775481459
height	annotated_credset_2690.txt	ENSG00000180185	FAHD1	0	-0.665949148548134	0.2255775235297745	0.3501674029981749	0.2074481605805857
height	annotated_credset_2690.txt	ENSG00000162039	MEIOB	0	-0.7209375245823678	0.2643126615131929	0.2401906509297069	0.2670328103051074
height	annotated_credset_2690.txt	ENSG00000162040	HS3ST6	0	-0.8410328500472214	0.4307896698824492	0.0	0.3131819574344997
height	annotated_credset_2690.txt	ENSG00000198736	MSRB1	0	-0.6942021059542239	0.2591218166835771	0.2936614881859951	0.3468159899847854
height	annotated_credset_2690.txt	ENSG00000140986	RPL3L	0	-0.6931134462074758	0.4742447769226027	0.2958388076794913	0.3661157563119606
height	annotated_credset_2690.txt	ENSG00000140990	NDUFB10	0	-0.6683715694236071	0.4866557169363925	0.3453225612472288	0.3720205657715844
height	annotated_credset_2690.txt	ENSG00000140988	RPS2	0	-0.6174317564600232	0.4788526327000801	0.4472021871743962	0.3759197132403449
height	annotated_credset_2690.txt	ENSG00000179580	RNF151	0	-0.7376911526430371	0.1677517363544125	0.2066833948083686	0.3814812355398075
height	annotated_credset_2690.txt	ENSG00000183751	TBL3	0	-0.6322179607432684	0.4424158169414377	0.417629778607906	0.4003458110576444
height	annotated_credset_2690.txt	ENSG00000196408	NOXO1	0	-0.5978125551199106	0.7166224753490928	0.387273242900276	0.4020473800916719
height	annotated_credset_2690.txt	ENSG00000269205	AC005606.1	0	-0.6965335173159716	0.094505888749993	0.2889986654624998	0.4003241866696027
height	annotated_credset_2690.txt	ENSG00000127554	GFER	0	-0.510741949462529	0.90915460981776	0.5533492305211914	0.4068547518581819
height	annotated_credset_2690.txt	ENSG00000127561	SYNGR3	0	-0.6357706008263005	0.9232360376924844	0.3032919277936483	0.415674799130671
height	annotated_credset_2690.txt	ENSG00000167962	ZNF598	0	-0.409761798713019	0.9288080676715754	0.4723574617840055	0.4366882982101471
height	annotated_credset_2690.txt	ENSG00000183971	NPW	0	-0.3884820803117571	0.7183938651613591	0.4710361975214658	0.4514631613396064
height	annotated_credset_2690.txt	ENSG00000065054	SLC9A3R2	0	-0.4768122844356744	0.5659198053713472	0.4453750969060771	0.4761568609589213
height	annotated_credset_2690.txt	ENSG00000065057	NTHL1	0	-0.5268572644479063	0.7497855833534204	0.5291838242442845	0.4881043353519345
height	annotated_credset_2690.txt	ENSG00000103197	TSC2	0	-0.4072691291350404	0.7794507570449183	0.5618800686248988	0.5433127495465268
height	annotated_credset_2690.txt	ENSG00000008710	PKD1	0	-0.286372768183818	0.950378662600692	1.0	0.6070817183571082
height	annotated_credset_2690.txt	ENSG00000167964	RAB26	0	-0.5456263570854026	0.7794507570449183	0.387551133659233	0.6317700118794127
height	annotated_credset_2690.txt	ENSG00000131653	TRAF7	0	-0.5104361875138502	0.7794507570449183	0.3749928016902773	0.6641579390687982
height	annotated_credset_2690.txt	ENSG00000167971	CASKIN1	0	-0.4814203308012402	0.7794507570449183	0.331883062326191	0.6890205792196885
height	annotated_credset_2690.txt	ENSG00000167965	MLST8	0	-0.0460436759998107	0.9393467159217672	0.595243107158542	0.7064430783599976
height	annotated_credset_2690.txt	ENSG00000182685	BRICD5	0	-0.0243991412665228	0.9726555711891296	0.4748697430008502	0.7098678408160944
height	annotated_credset_2690.txt	ENSG00000184207	PGP	0	0.0243991412665228	0.932182677377222	0.5988497080303204	0.713729145605782
height	annotated_credset_2690.txt	ENSG00000167967	E4F1	0	-0.1467265240482081	0.9549753070502436	0.5403989793600872	0.7420233058340321
height	annotated_credset_2690.txt	ENSG00000167968	DNASE1L2	0	-0.3054806011409027	1.0	0.452596874140152	0.7460359813400114
height	annotated_credset_2690.txt	ENSG00000167969	ECI1	0	-0.3786354773281918	0.9045243313844308	0.5957153558659154	0.7644018444086376
height	annotated_credset_2690.txt	ENSG00000205937	RNPS1	0	-0.4988370886488723	0.7794507570449183	0.5683557037430484	0.7861776031665819
height	annotated_credset_2690.txt	ENSG00000167970	AC009065.1	0	-0.6880320472270128	0.094505888749993	0.2889986654624998	0.7779738509532799
height	annotated_credset_2690.txt	ENSG00000167972	ABCA3	0	-0.5316363955867475	0.7794507570449183	0.49565257383794	0.8839387584543891
height	annotated_credset_2690.txt	ENSG00000162063	CCNF	0	-0.1304883234587271	0.7794507570449183	0.5971540212861194	1.0
height	annotated_credset_2690.txt	ENSG00000162062	C16orf59	0	-0.517896757869453	0.9631707877639568	0.4633965511157906	0.9585271267846152
height	annotated_credset_2690.txt	ENSG00000162068	NTN3	0	-0.6732455394867659	0.1072329882112886	0.318397754589539	0.943094071344138
height	annotated_credset_2690.txt	ENSG00000162065	TBC1D24	0	-0.7215736885948313	0.5806066449540617	0.2157212680418042	0.9381650623948938
height	annotated_credset_2690.txt	ENSG00000260272	RP11-20I23.1	0	-0.6900903744250414	0.094505888749993	0.2889986654624998	0.9099371268550212
height	annotated_credset_2690.txt	ENSG00000185883	ATP6V0C	0	-0.5448271679168998	0.3231272878116049	0.3222216021451645	0.8858286372370836
height	annotated_credset_2690.txt	ENSG00000259784	ATP6C	0	-0.5993269723401194	0.5642044721987096	0.1415054462863962	0.8857002424330863
height	annotated_credset_2690.txt	ENSG00000162066	AMDHD2	0	-0.4428089458475525	0.678279733843075	0.3051453181649629	0.877061299410446
height	annotated_credset_2690.txt	ENSG00000205923	CEMP1	0	-0.6692670793554713	0.6498029609117053	0.2285131736161664	0.867975001860194
height	annotated_credset_2690.txt	ENSG00000140992	PDPK1	0	-0.4357063729205127	0.9723304426792831	0.6875126191704095	0.8532650118948597
height	annotated_credset_2690.txt	ENSG00000167977	KCTD5	0	-0.6477431974831834	0.6033095840036773	0.3666494192638183	0.6579548906269042
height	annotated_credset_2690.txt	ENSG00000172382	PRSS27	0	-0.6879199432828752	0.513237775448313	0.2965910803286191	0.6174861999312036
height	annotated_credset_2690.txt	ENSG00000167978	SRRM2	0	-0.3941174558225834	0.6614291079706937	0.793157589749325	0.5635455154855532
height	annotated_credset_2690.txt	ENSG00000103363	TCEB2	0	-0.5703634033180284	0.5216014260809122	0.5413388934583859	0.5377516751246193
height	annotated_credset_2690.txt	ENSG00000103355	PRSS33	0	-0.7817246559555431	0.1057144138437477	0.1186163881833565	0.5208049125212265
height	annotated_credset_2690.txt	ENSG00000007038	PRSS21	0	-0.7746711788151447	0.2787192178977639	0.1327233424641534	0.4759207920922708
height	annotated_credset_2690.txt	ENSG00000162078	ZG16B	0	-0.8132399228515832	0.0661064739813107	0.0555858543912763	0.4583428676629123
height	annotated_credset_2690.txt	ENSG00000005001	PRSS22	0	-0.7810908013809904	0.2964891726600557	0.1198840973324619	0.4278551835726871
height	annotated_credset_2690.txt	ENSG00000162076	FLYWCH2	0	-0.52563416114507	0.4798616522133964	0.6307973778043029	0.3866891063626432
height	annotated_credset_2690.txt	ENSG00000059122	FLYWCH1	0	-0.7115629640054913	0.2089623355438334	0.2589397720834601	0.3478314325760457
height	annotated_credset_2690.txt	ENSG00000131650	KREMEN2	0	-0.6685801119096292	0.3547880778738838	0.341713409128883	0.2775427107709058
height	annotated_credset_2691.txt	ENSG00000138834	MAPK8IP3	0	-0.5761419851576132	0.4915887012237164	0.5791585680245113	0.0248967904727574
height	annotated_credset_2691.txt	ENSG00000103024	NME3	0	-0.5293387805130013	0.0	0.5091316307561181	0.0268188341234161
height	annotated_credset_2691.txt	ENSG00000074071	MRPS34	0	-0.5461468748628607	0.4982482300116037	0.4464088250825222	0.0287572008624031
height	annotated_credset_2691.txt	ENSG00000197774	EME2	0	-0.5840824459899742	0.5851472327639847	0.3778238738149287	0.0403914820684073
height	annotated_credset_2691.txt	ENSG00000162032	SPSB3	0	-0.62856606941115	0.5111188344703489	0.3928155913204161	0.0567036883378335
height	annotated_credset_2691.txt	ENSG00000095906	NUBP2	0	-0.5242077454047392	0.5108609739280568	0.5139028018866435	0.0505702878984703
height	annotated_credset_2691.txt	ENSG00000099769	IGFALS	1	-0.6730785114904947	0.3179028089982118	0.3852855153587484	0.0584325754432738
height	annotated_credset_2691.txt	ENSG00000063854	HAGH	0	-0.5768456751899397	0.3989270759175071	0.5294105097448317	0.1022641483768729
height	annotated_credset_2691.txt	ENSG00000180185	FAHD1	0	-0.6906375676707814	0.2255775235297745	0.3501674029981749	0.1199651774115662
height	annotated_credset_2691.txt	ENSG00000162039	MEIOB	0	-0.6670883603538802	0.2643126615131929	0.2401906509297069	0.1799348436724228
height	annotated_credset_2691.txt	ENSG00000162040	HS3ST6	0	-0.7615657287035603	0.4307896698824492	0.0	0.2263821915106338
height	annotated_credset_2691.txt	ENSG00000198736	MSRB1	0	-0.7188905250768713	0.2591218166835771	0.2936614881859951	0.2602335561888309
height	annotated_credset_2691.txt	ENSG00000140986	RPL3L	0	-0.7178018653301232	0.4742447769226027	0.2958388076794913	0.2796580312995219
height	annotated_credset_2691.txt	ENSG00000140990	NDUFB10	0	-0.6930599885462545	0.4866557169363925	0.3453225612472288	0.285600995708388
height	annotated_credset_2691.txt	ENSG00000140988	RPS2	0	-0.6421201755826708	0.4788526327000801	0.4472021871743962	0.2895253381939863
height	annotated_credset_2691.txt	ENSG00000179580	RNF151	0	-0.7623795717656846	0.1677517363544125	0.2066833948083686	0.2951227972332365
height	annotated_credset_2691.txt	ENSG00000183751	TBL3	0	-0.6569063798659159	0.4424158169414377	0.417629778607906	0.3141092694737844
height	annotated_credset_2691.txt	ENSG00000196408	NOXO1	0	-0.6318775597261092	0.7166224753490928	0.387273242900276	0.3158218334908965
height	annotated_credset_2691.txt	ENSG00000269205	AC005606.1	0	-0.721221936438619	0.094505888749993	0.2889986654624998	0.3140875053560134
height	annotated_credset_2691.txt	ENSG00000127554	GFER	0	-0.5454668370910359	0.90915460981776	0.5533492305211914	0.3206602689228802
height	annotated_credset_2691.txt	ENSG00000127561	SYNGR3	0	-0.5130812309284097	0.9232360376924844	0.3032919277936483	0.3295373084587604
height	annotated_credset_2691.txt	ENSG00000167962	ZNF598	0	-0.4285484639332312	0.9288080676715754	0.4723574617840055	0.3506865899028096
height	annotated_credset_2691.txt	ENSG00000183971	NPW	0	-0.4399461575650504	0.7183938651613591	0.4710361975214658	0.3655569233699016
height	annotated_credset_2691.txt	ENSG00000065054	SLC9A3R2	0	-0.5207721965163908	0.5659198053713472	0.4453750969060771	0.3904101856071169
height	annotated_credset_2691.txt	ENSG00000065057	NTHL1	0	-0.4108723442036409	0.7497855833534204	0.5291838242442845	0.4024348606756398
height	annotated_credset_2691.txt	ENSG00000103197	TSC2	0	-0.3819043689936193	0.7794507570449183	0.5618800686248988	0.4580000136025736
height	annotated_credset_2691.txt	ENSG00000008710	PKD1	0	-0.3221414523516316	0.950378662600692	1.0	0.5221810366521346
height	annotated_credset_2691.txt	ENSG00000167964	RAB26	0	-0.4683352821132015	0.7794507570449183	0.387551133659233	0.5470288578599071
height	annotated_credset_2691.txt	ENSG00000131653	TRAF7	0	-0.4493414230618212	0.7794507570449183	0.3749928016902773	0.5796260652515456
height	annotated_credset_2691.txt	ENSG00000167971	CASKIN1	0	-0.4958900104143052	0.7794507570449183	0.331883062326191	0.6046493596588475
height	annotated_credset_2691.txt	ENSG00000167965	MLST8	0	-0.3407124661208408	0.9393467159217672	0.595243107158542	0.6221844372955363
height	annotated_credset_2691.txt	ENSG00000182685	BRICD5	0	-0.3834041120745036	0.9726555711891296	0.4748697430008502	0.6256313294475315
height	annotated_credset_2691.txt	ENSG00000184207	PGP	0	-0.3389091656849515	0.932182677377222	0.5988497080303204	0.6295175847270303
height	annotated_credset_2691.txt	ENSG00000167967	E4F1	0	-0.3505612926009399	0.9549753070502436	0.5403989793600872	0.6579945725731309
height	annotated_credset_2691.txt	ENSG00000167968	DNASE1L2	0	-0.3894182425421452	1.0	0.452596874140152	0.6620331766770273
height	annotated_credset_2691.txt	ENSG00000167969	ECI1	0	-0.3522061782310822	0.9045243313844308	0.5957153558659154	0.6805177139514796
height	annotated_credset_2691.txt	ENSG00000205937	RNPS1	0	-0.3553214386339466	0.7794507570449183	0.5683557037430484	0.7024341805469595
height	annotated_credset_2691.txt	ENSG00000167970	AC009065.1	0	-0.7168764598112691	0.094505888749993	0.2889986654624998	0.6941774183675551
height	annotated_credset_2691.txt	ENSG00000167972	ABCA3	0	-0.3543597807013688	0.7794507570449183	0.49565257383794	0.8008270364753012
height	annotated_credset_2691.txt	ENSG00000162063	CCNF	0	0.1617065233907627	0.7794507570449183	0.5971540212861194	0.9614843128319878
height	annotated_credset_2691.txt	ENSG00000162062	C16orf59	0	-0.3057236500260055	0.9631707877639568	0.4633965511157906	0.9697941250484592
height	annotated_credset_2691.txt	ENSG00000162068	NTN3	0	-0.6043531761959308	0.1072329882112886	0.318397754589539	0.982284008134339
height	annotated_credset_2691.txt	ENSG00000162065	TBC1D24	0	-0.35010913454243	0.5806066449540617	0.2157212680418042	1.0
height	annotated_credset_2691.txt	ENSG00000260272	RP11-20I23.1	0	-0.6546408660154928	0.094505888749993	0.2889986654624998	0.9879440390121812
height	annotated_credset_2691.txt	ENSG00000185883	ATP6V0C	0	-0.5286000382381252	0.3231272878116049	0.3222216021451645	0.9636797682121456
height	annotated_credset_2691.txt	ENSG00000259784	ATP6C	0	-0.5925624376473068	0.5642044721987096	0.1415054462863962	0.96355054376288
height	annotated_credset_2691.txt	ENSG00000162066	AMDHD2	0	-0.1617065233907627	0.678279733843075	0.3051453181649629	0.9548557787133326
height	annotated_credset_2691.txt	ENSG00000205923	CEMP1	0	-0.3450800354692381	0.6498029609117053	0.2285131736161664	0.945710768477396
height	annotated_credset_2691.txt	ENSG00000140992	PDPK1	0	-0.2287679833998191	0.9723304426792831	0.6875126191704095	0.9309057273636172
height	annotated_credset_2691.txt	ENSG00000167977	KCTD5	0	-0.6322824643269308	0.6033095840036773	0.3666494192638183	0.7343335759125627
height	annotated_credset_2691.txt	ENSG00000172382	PRSS27	0	-0.6055397641351065	0.513237775448313	0.2965910803286191	0.6936033897613428
height	annotated_credset_2691.txt	ENSG00000167978	SRRM2	0	-0.2400713936105446	0.6614291079706937	0.793157589749325	0.6393141582387387
height	annotated_credset_2691.txt	ENSG00000103363	TCEB2	0	-0.4789468619990865	0.5216014260809122	0.5413388934583859	0.6133536465099196
height	annotated_credset_2691.txt	ENSG00000103355	PRSS33	0	-0.6942591277248276	0.1057144138437477	0.1186163881833565	0.5962973794641946
height	annotated_credset_2691.txt	ENSG00000007038	PRSS21	0	-0.7771339199707207	0.2787192178977639	0.1327233424641534	0.5511232325155919
height	annotated_credset_2691.txt	ENSG00000162078	ZG16B	0	-0.816954719175311	0.0661064739813107	0.0555858543912763	0.5334317252824234
height	annotated_credset_2691.txt	ENSG00000005001	PRSS22	0	-0.7187483328998782	0.2964891726600557	0.1198840973324619	0.5027470397399187
height	annotated_credset_2691.txt	ENSG00000162076	FLYWCH2	0	-0.4696233152645132	0.4798616522133964	0.6307973778043029	0.4613149607905816
height	annotated_credset_2691.txt	ENSG00000059122	FLYWCH1	0	-0.7362513831281389	0.2089623355438334	0.2589397720834601	0.4222062014133074
height	annotated_credset_2691.txt	ENSG00000131650	KREMEN2	0	-0.6948645646054274	0.3547880778738838	0.341713409128883	0.3514632968557651
height	annotated_credset_2691.txt	ENSG00000127564	PKMYT1	0	-0.651098642747283	0.2760621331793644	0.4292452528451718	0.3459134468241391
height	annotated_credset_2691.txt	ENSG00000162073	PAQR4	0	-0.7300145504065941	0.3148309051465601	0.2714134375265495	0.3442525725867334
height	annotated_credset_2691.txt	ENSG00000213937	CLDN9	0	-0.7503113467356389	0.1522251683100605	0.2308198448684598	0.2854744917738436
height	annotated_credset_2691.txt	ENSG00000184697	CLDN6	0	-0.851897442826594	0.1813308967380641	0.0276476526865498	0.282405751168121
height	annotated_credset_2691.txt	ENSG00000006327	TNFRSF12A	0	-0.5876295122249425	0.2461054649617974	0.5078428356748258	0.2773279104406553
height	annotated_credset_2691.txt	ENSG00000103145	HCFC1R1	0	-0.675024130956808	0.191722676592429	0.3813942764261217	0.2716488359597636
height	annotated_credset_2691.txt	ENSG00000131652	THOC6	0	-0.6055078041840208	0.259424522537572	0.520426929971696	0.269734953853269
height	annotated_credset_2691.txt	ENSG00000162069	CCDC64B	0	-0.7774382793662424	0.2748961550750879	0.176565979607253	0.2647632131999374
height	annotated_credset_2691.txt	ENSG00000008516	MMP25	0	-0.72055944582729	0.1896407329966198	0.2419829684701309	0.2389196836041379
height	annotated_credset_2691.txt	ENSG00000008517	IL32	0	-0.730951279543527	0.3763810954588517	0.2695399792526837	0.2135971325774836
height	annotated_credset_2691.txt	ENSG00000130182	ZSCAN10	0	-0.76302319634645	0.505714974410144	0.2053961456468378	0.1815045806666621
height	annotated_credset_2691.txt	ENSG00000122386	ZNF205	0	-0.6847663117603001	0.4848170591565718	0.3619099148191376	0.1493072889390672
height	annotated_credset_2691.txt	ENSG00000085644	ZNF213	0	-0.6432332790603172	0.5358958691862258	0.4449759802191033	0.125887737960022
height	annotated_credset_2691.txt	ENSG00000228146	CASP16	0	-0.7655969128835497	0.4916896031750481	0.2002487125726385	0.1062429011568988
height	annotated_credset_2691.txt	ENSG00000168124	OR1F1	0	-0.8270003699434723	0.2055462439248617	0.0774417984527932	0.0245907325666016
height	annotated_credset_2691.txt	ENSG00000010539	ZNF200	0	-0.7653780265639137	0.2677881731701712	0.1980132168937341	0.0
height	annotated_credset_2774.txt	ENSG00000103160	HSDL1	0	-0.9283839223137011	0.2086947415074503	0.2477286246327046	0.0
height	annotated_credset_2774.txt	ENSG00000154099	DNAAF1	0	-0.9917215121085794	0.0793162565258874	0.123136865796427	0.0487357079909123
height	annotated_credset_2774.txt	ENSG00000103168	TAF1C	0	-0.8156117825327511	0.0	0.4753563249480838	0.0607773875683667
height	annotated_credset_2774.txt	ENSG00000140955	ADAD2	0	-0.9720150177990788	0.1746961914796486	0.1625498544154286	0.0754448384037303
height	annotated_credset_2774.txt	ENSG00000168418	KCNG4	0	-0.9696557024731074	0.1207243612108714	0.1672684850673712	0.1372527940169371
height	annotated_credset_2774.txt	ENSG00000103175	WFDC1	0	-0.8764772037200854	0.2400085864275427	0.2561141910695085	0.2680246213856903
height	annotated_credset_2774.txt	ENSG00000064270	ATP2C2	0	-1.003186637936604	0.0364118916235464	0.1002066141403777	0.4630240620165914
height	annotated_credset_2774.txt	ENSG00000140950	TLDC1	0	-0.729619275808336	0.1384295285160234	0.3234866535672019	0.5934359163217949
height	annotated_credset_2774.txt	ENSG00000103187	COTL1	0	-0.7512696357680972	0.1958035281885357	0.1867256122212879	0.6863960569749398
height	annotated_credset_2774.txt	ENSG00000135686	KLHL36	0	-0.7516961568393252	0.0714901096968192	0.4656108770780384	0.7584037332234854
height	annotated_credset_2774.txt	ENSG00000103194	USP10	0	-0.3453817416425295	0.8031486267791235	0.7006928725259512	0.9213147685483616
height	annotated_credset_2774.txt	ENSG00000103196	CRISPLD2	1	0.3453817416425295	1.0	1.0	1.0
height	annotated_credset_2774.txt	ENSG00000153786	ZDHHC7	0	-0.6251158161687707	0.185816888068048	0.4971526676568183	0.7967174598705495
height	annotated_credset_2774.txt	ENSG00000135709	KIAA0513	0	-0.7065568098113364	0.3121137481781325	0.3919655923284739	0.7189342480580343
height	annotated_credset_2774.txt	ENSG00000153789	FAM92B	0	-0.9299443911318236	0.1824262906690875	0.0	0.6164725603323225
height	annotated_credset_2774.txt	ENSG00000262601	CTC-786C10.1	0	-0.8604515200607028	0.0049580254456813	0.3837699780965261	0.5106332221272547
height	annotated_credset_2774.txt	ENSG00000261567	RP11-680G10.1	0	-0.86140495595853	0.0049580254456813	0.3837699780965261	0.2403819931629945
height	annotated_credset_2775.txt	ENSG00000064270	ATP2C2	0	-0.8483271546945692	0.0316105922988358	0.1002066141403777	0.1656071438583226
height	annotated_credset_2775.txt	ENSG00000140950	TLDC1	0	-0.5375344865322129	0.1341365555258353	0.3234866535672019	0.301261628506866
height	annotated_credset_2775.txt	ENSG00000103187	COTL1	0	-0.4949479671432193	0.1917964343447265	0.1867256122212879	0.3979588194205551
height	annotated_credset_2775.txt	ENSG00000135686	KLHL36	0	-0.667200195173218	0.066863595659809	0.4656108770780384	0.4728612450035481
height	annotated_credset_2775.txt	ENSG00000103194	USP10	0	-0.1912623096700259	0.8021677695465594	0.7006928725259512	0.6423213961400919
height	annotated_credset_2775.txt	ENSG00000103196	CRISPLD2	1	0.1912623096700259	1.0	1.0	0.8549785154866264
height	annotated_credset_2775.txt	ENSG00000153786	ZDHHC7	0	-0.4912617250013207	0.181760033493435	0.4971526676568183	0.9920235771264806
height	annotated_credset_2775.txt	ENSG00000135709	KIAA0513	0	-0.339262200264675	0.3086861967506716	0.3919655923284739	1.0
height	annotated_credset_2775.txt	ENSG00000153789	FAM92B	0	-0.768064434409564	0.1783525416632747	0.0	0.8934192944444864
height	annotated_credset_2775.txt	ENSG00000262601	CTC-786C10.1	0	-0.3816600447646823	0.0	0.3837699780965261	0.7833251549489292
height	annotated_credset_2775.txt	ENSG00000261567	RP11-680G10.1	0	-0.7066788679115024	0.0	0.3837699780965261	0.5022096736447159
height	annotated_credset_2775.txt	ENSG00000131149	GSE1	0	-0.2414051530505359	0.3401211811087722	0.8087087299543844	0.1187878879385186
height	annotated_credset_2775.txt	ENSG00000131153	GINS2	0	-0.6887108515782603	0.1149406305604335	0.4225895642679542	0.0209658546160059
height	annotated_credset_2775.txt	ENSG00000154102	C16orf74	0	-0.8296340573220606	0.0580576133601591	0.0873974725435371	0.0
height	annotated_credset_2781.txt	ENSG00000154118	JPH3	0	-0.642550562251826	0.2030983101103316	0.0	0.1425059019901591
height	annotated_credset_2781.txt	ENSG00000226180	AC010536.1	0	-0.5019415547585225	0.0	0.2781988013101544	0.1385845094175772
height	annotated_credset_2781.txt	ENSG00000104731	KLHDC4	0	-0.3763061909225834	0.1220631049708325	0.5324887426584852	0.2749158504987026
height	annotated_credset_2781.txt	ENSG00000205047	FLJ00104	0	-0.5640679154955098	0.1134578816754939	0.1569652935126324	0.1571999006394355
height	annotated_credset_2781.txt	ENSG00000103257	SLC7A5	0	-0.3256567590217728	0.1335474791315277	0.0691768867793204	0.4769310051487442
height	annotated_credset_2781.txt	ENSG00000174990	CA5A	0	-0.2730174470637373	0.1175080304674323	0.2306545844868951	0.6077891830772965
height	annotated_credset_2781.txt	ENSG00000172530	BANP	0	-0.0352140624951305	0.2200831515958875	0.5072967578294311	0.8825970172740258
height	annotated_credset_2781.txt	ENSG00000225614	ZNF469	0	0.0352140624951305	0.3318758527335819	0.0975076564000412	1.0
height	annotated_credset_2781.txt	ENSG00000179588	ZFPM1	0	-0.1856023117502939	0.1404338063878474	0.654767215190686	0.9495508648925082
height	annotated_credset_2781.txt	ENSG00000158545	ZC3H18	0	-0.2903149180913414	0.2450716027631254	0.6999198776459205	0.7210521590106145
height	annotated_credset_2781.txt	ENSG00000124391	IL17C	0	-0.6156328408890143	0.3260316062009175	0.0538354427256235	0.5879121951600373
height	annotated_credset_2781.txt	ENSG00000051523	CYBA	0	-0.142550562251826	0.5119624421215475	1.0	0.5787538208690696
height	annotated_credset_2781.txt	ENSG00000167508	MVD	0	-0.1873660484121005	0.4802917826026235	0.472892631118782	0.5618658723683337
height	annotated_credset_2781.txt	ENSG00000185669	SNAI3	0	-0.3625931599023592	0.6873972691039181	0.4690893661994832	0.5116099766160861
height	annotated_credset_2781.txt	ENSG00000158717	RNF166	0	-0.1300478785424609	0.7899294178313978	0.9265613824333786	0.4748886433816496
height	annotated_credset_2781.txt	ENSG00000174177	CTU2	0	-0.3223148108490882	0.6563389662988945	0.5496460643060251	0.4554319777950413
height	annotated_credset_2781.txt	ENSG00000103335	PIEZO1	1	-0.0981491586683037	1.0	0.9706737921981728	0.43809899320344
height	annotated_credset_2781.txt	ENSG00000167513	CDT1	0	-0.1624968734048856	0.5303009142378309	0.9601073776938808	0.2665844260791149
height	annotated_credset_2781.txt	ENSG00000198931	APRT	0	-0.3907735020081767	0.3615697818076341	0.5035541204872984	0.2546270090061251
height	annotated_credset_2781.txt	ENSG00000141012	GALNS	0	-0.3827600194985437	0.4712246059967986	0.5195810855065646	0.24604835278089
height	annotated_credset_2781.txt	ENSG00000269422	AC092384.1	0	-0.5034511615967489	0.0	0.2781988013101544	0.2182843468314601
height	annotated_credset_2781.txt	ENSG00000167515	TRAPPC2L	0	-0.479947925522837	0.0471224605996798	0.3252052734579779	0.163119390690938
height	annotated_credset_2781.txt	ENSG00000205022	PABPN1L	0	-0.5184758523986975	0.3236896103477542	0.248149419706257	0.1525673507469969
height	annotated_credset_2781.txt	ENSG00000129993	CBFA2T3	0	-0.3469924417873858	0.5144870706788566	0.5911162409288803	0.1267396421753676
height	annotated_credset_2781.txt	ENSG00000205018	RP11-830F9.6	0	-0.1518496801590657	0.0	0.2781988013101544	0.0
height	annotated_credset_2782.txt	ENSG00000103257	SLC7A5	0	-0.7832100609700179	0.1335474791315277	0.0162143508079516	0.0
height	annotated_credset_2782.txt	ENSG00000174990	CA5A	0	-0.3907123768500445	0.1175080304674323	0.1868799041370096	0.1132252459028988
height	annotated_credset_2782.txt	ENSG00000172530	BANP	0	-0.1731973802110832	0.2200831515958875	0.4792626310269928	0.3510031600960525
height	annotated_credset_2782.txt	ENSG00000225614	ZNF469	0	-0.1720416764482871	0.3318758527335819	0.046157101678195	1.0
height	annotated_credset_2782.txt	ENSG00000179588	ZFPM1	0	-0.0425645314406343	0.1404338063878474	0.635123951584248	0.9585746542212916
height	annotated_credset_2782.txt	ENSG00000158545	ZC3H18	0	-0.2682586301985691	0.2450716027631254	0.6828457375125923	0.7608657867166757
height	annotated_credset_2782.txt	ENSG00000124391	IL17C	0	-0.5906329273682563	0.3260316062009175	0.0	0.6456662219274165
height	annotated_credset_2782.txt	ENSG00000051523	CYBA	0	-0.1629521965485542	0.5119624421215475	1.0	0.6377419240533334
height	annotated_credset_2782.txt	ENSG00000167508	MVD	0	-0.3889272024432787	0.4802917826026235	0.4429009575251263	0.6231295998405102
height	annotated_credset_2782.txt	ENSG00000185669	SNAI3	0	-0.2364309478325689	0.6873972691039181	0.4388812921402223	0.5796456063699186
height	annotated_credset_2782.txt	ENSG00000158717	RNF166	0	-0.2296812672945115	0.7899294178313978	0.9223828275937788	0.5478724145742826
height	annotated_credset_2782.txt	ENSG00000174177	CTU2	0	-0.4228890418806387	0.6563389662988945	0.5240215539342196	0.5310375038307062
height	annotated_credset_2782.txt	ENSG00000103335	PIEZO1	1	0.0425645314406343	1.0	0.969005171905501	0.5160401114347435
height	annotated_credset_2782.txt	ENSG00000167513	CDT1	0	-0.1249976469210506	0.5303009142378309	0.9578375431636986	0.3676368603273955
height	annotated_credset_2782.txt	ENSG00000198931	APRT	0	-0.5506243549057187	0.3615697818076341	0.4753070428437765	0.3572906862488292
height	annotated_credset_2782.txt	ENSG00000141012	GALNS	0	-0.5726616465055373	0.4712246059967986	0.4922459198034409	0.3498679903501517
height	annotated_credset_2782.txt	ENSG00000269422	AC092384.1	0	-0.7002199461377714	0.0	0.2371293205389728	0.3258451401879699
height	annotated_credset_2782.txt	ENSG00000167515	TRAPPC2L	0	-0.6515449418010485	0.0471224605996798	0.2868103953440103	0.2781135744340622
height	annotated_credset_2782.txt	ENSG00000205022	PABPN1L	0	-0.71609952087605	0.3236896103477542	0.2053701710624156	0.2689834051443578
height	annotated_credset_2782.txt	ENSG00000129993	CBFA2T3	0	-0.5333399787767762	0.5144870706788566	0.567851325726051	0.2466359393579412
height	annotated_credset_2782.txt	ENSG00000205018	RP11-830F9.6	0	-0.7002199461377714	0.0	0.2371293205389728	0.1369742630446236
height	annotated_credset_2783.txt	ENSG00000172530	BANP	0	-0.6076822747932069	0.2200831515958875	0.3587304644401008	0.0
height	annotated_credset_2783.txt	ENSG00000225614	ZNF469	0	-0.7674175808997319	0.3318758527335819	0.0345488203132934	0.6024115252114
height	annotated_credset_2783.txt	ENSG00000179588	ZFPM1	0	-0.5402915969918834	0.1404338063878474	0.4753934385425037	0.7487556213683452
height	annotated_credset_2783.txt	ENSG00000158545	ZC3H18	0	-0.5255913612900182	0.2450716027631254	0.5111134328039004	0.8931096239042322
height	annotated_credset_2783.txt	ENSG00000124391	IL17C	0	-0.7811480776919683	0.3260316062009175	0.0	0.9060429519671368
height	annotated_credset_2783.txt	ENSG00000051523	CYBA	0	-0.2490925307489352	0.5119624421215475	0.7485049766375308	0.9222784063439744
height	annotated_credset_2783.txt	ENSG00000167508	MVD	0	-0.4125098368379781	0.4802917826026235	0.3315135708650847	0.9405358809775024
height	annotated_credset_2783.txt	ENSG00000185669	SNAI3	0	-0.3278201682193741	0.6873972691039181	0.3285048313200664	0.976007893480581
height	annotated_credset_2783.txt	ENSG00000158717	RNF166	0	0.2490925307489352	0.7899294178313978	0.6904081368189409	1.0
height	annotated_credset_2783.txt	ENSG00000174177	CTU2	0	-0.2659340690692325	0.6563389662988945	0.3922327409850956	0.9936313963494172
height	annotated_credset_2783.txt	ENSG00000103335	PIEZO1	1	-0.2778684543546591	1.0	0.7253051935587735	0.98013099042505
height	annotated_credset_2783.txt	ENSG00000167513	CDT1	0	-0.4226749937578212	0.5303009142378309	0.7169461678682941	0.8465408250450773
height	annotated_credset_2783.txt	ENSG00000198931	APRT	0	-0.6032632341922508	0.3615697818076341	0.3557696869994348	0.8372273693364429
height	annotated_credset_2783.txt	ENSG00000141012	GALNS	0	-0.596923817340771	0.4712246059967986	0.3684485207023945	0.8305455805934705
height	annotated_credset_2783.txt	ENSG00000269422	AC092384.1	0	-0.6924018394269196	0.0	0.1774924765300973	0.8089206060587633
height	annotated_credset_2783.txt	ENSG00000167515	TRAPPC2L	0	-0.6738085735587835	0.0471224605996798	0.2146790082663694	0.7659534357620887
height	annotated_credset_2783.txt	ENSG00000205022	PABPN1L	0	-0.7042877801454087	0.3236896103477542	0.1537205950931191	0.7577346075608354
height	annotated_credset_2783.txt	ENSG00000129993	CBFA2T3	0	-0.5688664862044063	0.5144870706788566	0.4250395432961686	0.7376177864807422
height	annotated_credset_2783.txt	ENSG00000205018	RP11-830F9.6	0	-0.693742109469339	0.0	0.1774924765300973	0.638902149422736
height	annotated_credset_2783.txt	ENSG00000176715	ACSF3	0	-0.5834381452868599	0.3742896124963742	0.407218723452795	0.4130044788508843
height	annotated_credset_2783.txt	ENSG00000129910	CDH15	0	-0.7260020881413334	0.285830925088362	0.1220908377438479	0.2862222884404294
height	annotated_credset_2783.txt	ENSG00000259803	SLC22A31	0	-0.754539299231714	0.3635572553527497	0.0650164155630865	0.2493835118691068
height	annotated_credset_2783.txt	ENSG00000170100	ZNF778	0	-0.7713971377443973	0.1127273508589108	0.0313007385377198	0.2163744112576358
height	annotated_credset_2783.txt	ENSG00000167522	ANKRD11	1	-0.2856451289309819	0.4365458784095915	1.0	0.1404802374125438
height	annotated_credset_2783.txt	ENSG00000268218	AC137932.1	0	-0.6983012687482086	0.0	0.1774924765300973	0.1397596076368512
height	annotated_credset_2784.txt	ENSG00000172530	BANP	0	-0.8389064872628822	0.2200831515958875	0.3587304644401008	0.0
height	annotated_credset_2784.txt	ENSG00000225614	ZNF469	0	-0.9996496483079144	0.3318758527335819	0.0345488203132934	0.5653680921599271
height	annotated_credset_2784.txt	ENSG00000179588	ZFPM1	0	-0.7319223512858994	0.1404338063878474	0.4753934385425037	0.7027132108710711
height	annotated_credset_2784.txt	ENSG00000158545	ZC3H18	0	-0.7247814746576731	0.2450716027631254	0.5111134328039004	0.8381906106115954
height	annotated_credset_2784.txt	ENSG00000124391	IL17C	0	-0.9161324253354411	0.3260316062009175	0.0	0.850328643677342
height	annotated_credset_2784.txt	ENSG00000051523	CYBA	0	-0.5167340486881234	0.5119624421215475	0.7485049766375308	0.8655657490151941
height	annotated_credset_2784.txt	ENSG00000167508	MVD	0	-0.7291864271038265	0.4802917826026235	0.3315135708650847	0.8827005367296118
height	annotated_credset_2784.txt	ENSG00000185669	SNAI3	0	-0.4520132737401968	0.6873972691039181	0.3285048313200664	0.9159913075642184
height	annotated_credset_2784.txt	ENSG00000158717	RNF166	0	-0.3285767057342593	0.7899294178313978	0.6904081368189409	0.9444251529779012
height	annotated_credset_2784.txt	ENSG00000174177	CTU2	0	-0.5083706304768961	0.6563389662988945	0.3922327409850956	0.9572166736590364
height	annotated_credset_2784.txt	ENSG00000103335	PIEZO1	1	0.3285767057342593	1.0	0.7253051935587735	1.0
height	annotated_credset_2784.txt	ENSG00000167513	CDT1	0	-0.5453772679035219	0.5303009142378309	0.7169461678682941	0.917469228531474
height	annotated_credset_2784.txt	ENSG00000198931	APRT	0	-0.7529584253988035	0.3615697818076341	0.3557696869994348	0.908728474968436
height	annotated_credset_2784.txt	ENSG00000141012	GALNS	0	-0.7374240384164034	0.4712246059967986	0.3684485207023945	0.9024575621526424
height	annotated_credset_2784.txt	ENSG00000269422	AC092384.1	0	-0.9255802497802008	0.0	0.1774924765300973	0.8821623485253732
height	annotated_credset_2784.txt	ENSG00000167515	TRAPPC2L	0	-0.8453587018419049	0.0471224605996798	0.2146790082663694	0.841837311437783
height	annotated_credset_2784.txt	ENSG00000205022	PABPN1L	0	-0.8665145498927634	0.3236896103477542	0.1537205950931191	0.8341238746500286
height	annotated_credset_2784.txt	ENSG00000129993	CBFA2T3	0	-0.7036063951996554	0.5144870706788566	0.4250395432961686	0.8152440752464833
height	annotated_credset_2784.txt	ENSG00000205018	RP11-830F9.6	0	-0.9259104595122564	0.0	0.1774924765300973	0.7225986508910123
height	annotated_credset_2784.txt	ENSG00000176715	ACSF3	0	-0.7276438679188886	0.3742896124963742	0.407218723452795	0.5105918587072783
height	annotated_credset_2784.txt	ENSG00000129910	CDH15	0	-0.8504199031729593	0.285830925088362	0.1220908377438479	0.3916057468677649
height	annotated_credset_2784.txt	ENSG00000259803	SLC22A31	0	-0.9002714968164406	0.3635572553527497	0.0650164155630865	0.3570322568929082
height	annotated_credset_2784.txt	ENSG00000170100	ZNF778	0	-0.8949490761013712	0.1127273508589108	0.0313007385377198	0.3260529488026895
height	annotated_credset_2784.txt	ENSG00000167522	ANKRD11	1	-0.5173777094159465	0.4365458784095915	1.0	0.2548256523830268
height	annotated_credset_2784.txt	ENSG00000268218	AC137932.1	0	-0.929525481217884	0.0	0.1774924765300973	0.2541493355059652
height	annotated_credset_2785.txt	ENSG00000172530	BANP	0	-0.6471615571211811	0.2200831515958875	0.3587304644401008	0.0
height	annotated_credset_2785.txt	ENSG00000225614	ZNF469	0	-0.8092523791845847	0.3318758527335819	0.0345488203132934	0.5349583836801922
height	annotated_credset_2785.txt	ENSG00000179588	ZFPM1	0	-0.5858701630150784	0.1404338063878474	0.4753934385425037	0.6649160585666165
height	annotated_credset_2785.txt	ENSG00000158545	ZC3H18	0	-0.5657959129356191	0.2450716027631254	0.5111134328039004	0.7931064743247895
height	annotated_credset_2785.txt	ENSG00000124391	IL17C	0	-0.8213526293375694	0.3260316062009175	0.0	0.8045916335333707
height	annotated_credset_2785.txt	ENSG00000051523	CYBA	0	-0.4083260082902272	0.5119624421215475	0.7485049766375308	0.8190091738164832
height	annotated_credset_2785.txt	ENSG00000167508	MVD	0	-0.6004926611123634	0.4802917826026235	0.3315135708650847	0.8352223249785674
height	annotated_credset_2785.txt	ENSG00000185669	SNAI3	0	-0.6204759012767183	0.6873972691039181	0.3285048313200664	0.8667224701125295
height	annotated_credset_2785.txt	ENSG00000158717	RNF166	0	-0.4059316667783187	0.7899294178313978	0.6904081368189409	0.8936269314630179
height	annotated_credset_2785.txt	ENSG00000174177	CTU2	0	-0.5582461813494466	0.6563389662988945	0.3922327409850956	0.9057304288539816
height	annotated_credset_2785.txt	ENSG00000103335	PIEZO1	1	0.3265267893412314	1.0	0.7253051935587735	1.0
height	annotated_credset_2785.txt	ENSG00000167513	CDT1	0	-0.3777216741570844	0.5303009142378309	0.7169461678682941	0.9807847529964578
height	annotated_credset_2785.txt	ENSG00000198931	APRT	0	-0.5647654552485575	0.3615697818076341	0.3557696869994348	0.9725141422862464
height	annotated_credset_2785.txt	ENSG00000141012	GALNS	0	-0.5966242114431898	0.4712246059967986	0.3684485207023945	0.9665805258854338
height	annotated_credset_2785.txt	ENSG00000269422	AC092384.1	0	-0.728373924851665	0.0	0.1774924765300973	0.9473769400640092
height	annotated_credset_2785.txt	ENSG00000167515	TRAPPC2L	0	-0.7140131252043846	0.0471224605996798	0.2146790082663694	0.9092208839275427
height	annotated_credset_2785.txt	ENSG00000205022	PABPN1L	0	-0.7444923317910098	0.3236896103477542	0.1537205950931191	0.901922333242038
height	annotated_credset_2785.txt	ENSG00000129993	CBFA2T3	0	-0.608832857689485	0.5144870706788566	0.4250395432961686	0.8840580301213203
height	annotated_credset_2785.txt	ENSG00000205018	RP11-830F9.6	0	-0.5280076066258045	0.0	0.1774924765300973	0.7963957669765711
height	annotated_credset_2785.txt	ENSG00000176715	ACSF3	0	-0.6210632463251611	0.3742896124963742	0.407218723452795	0.5957922797112325
height	annotated_credset_2785.txt	ENSG00000129910	CDH15	0	-0.6698538241588827	0.285830925088362	0.1220908377438479	0.4832061275163344
height	annotated_credset_2785.txt	ENSG00000259803	SLC22A31	0	-0.7940185815596882	0.3635572553527497	0.0650164155630865	0.4504922574348569
height	annotated_credset_2785.txt	ENSG00000170100	ZNF778	0	-0.7016714125192709	0.1127273508589108	0.0313007385377198	0.4211792473564845
height	annotated_credset_2785.txt	ENSG00000167522	ANKRD11	1	-0.3265267893412314	0.4365458784095915	1.0	0.3537830856434987
height	annotated_credset_2785.txt	ENSG00000268218	AC137932.1	0	-0.7377805510761828	0.0	0.1774924765300973	0.3531431461272336
height	annotated_credset_2785.txt	ENSG00000197912	SPG7	0	-0.4083559560647593	0.741757356337892	0.447154330584927	0.0523270207314904
height	annotated_credset_2786.txt	ENSG00000179588	ZFPM1	0	-0.4408565074749305	0.1404338063878474	0.4753934385425037	0.0530710163551242
height	annotated_credset_2786.txt	ENSG00000158545	ZC3H18	0	-0.4229965103442322	0.2450716027631254	0.5111134328039004	0.183011527002856
height	annotated_credset_2786.txt	ENSG00000124391	IL17C	0	-0.5256093771825837	0.3260316062009175	0.0	0.1946534851290304
height	annotated_credset_2786.txt	ENSG00000051523	CYBA	0	-0.3043007384274169	0.5119624421215475	0.7485049766375308	0.2092678580959301
height	annotated_credset_2786.txt	ENSG00000167508	MVD	0	-0.3726109659642137	0.4802917826026235	0.3315135708650847	0.2257023561724821
height	annotated_credset_2786.txt	ENSG00000185669	SNAI3	0	-0.2686573145727825	0.6873972691039181	0.3285048313200664	0.2576325509532392
height	annotated_credset_2786.txt	ENSG00000158717	RNF166	0	-0.2772565384407769	0.7899294178313978	0.6904081368189409	0.2849043202653824
height	annotated_credset_2786.txt	ENSG00000174177	CTU2	0	-0.4306852426366913	0.6563389662988945	0.3922327409850956	0.2971730583165348
height	annotated_credset_2786.txt	ENSG00000103335	PIEZO1	1	0.091515236885011	1.0	0.7253051935587735	0.3927296265732792
height	annotated_credset_2786.txt	ENSG00000167513	CDT1	0	-0.1761191900532462	0.5303009142378309	0.7169461678682941	0.4256383096648643
height	annotated_credset_2786.txt	ENSG00000198931	APRT	0	-0.500668383246465	0.3615697818076341	0.3557696869994348	0.4293141412772899
height	annotated_credset_2786.txt	ENSG00000141012	GALNS	0	-0.4943289663949851	0.4712246059967986	0.3684485207023945	0.4909329030721795
height	annotated_credset_2786.txt	ENSG00000269422	AC092384.1	0	-0.5898069884811338	0.0	0.1774924765300973	0.4514745066160863
height	annotated_credset_2786.txt	ENSG00000167515	TRAPPC2L	0	-0.5712137226129975	0.0471224605996798	0.2146790082663694	0.4987553354983242
height	annotated_credset_2786.txt	ENSG00000205022	PABPN1L	0	-0.6016929291996228	0.3236896103477542	0.1537205950931191	0.5041938145853605
height	annotated_credset_2786.txt	ENSG00000129993	CBFA2T3	0	-0.304357405865615	0.5144870706788566	0.4250395432961686	0.6554749500149852
height	annotated_credset_2786.txt	ENSG00000205018	RP11-830F9.6	0	-0.5869172360931333	0.0	0.1774924765300973	0.620331481732376
height	annotated_credset_2786.txt	ENSG00000176715	ACSF3	0	-0.4677064902372226	0.3742896124963742	0.407218723452795	0.8999492280890465
height	annotated_credset_2786.txt	ENSG00000129910	CDH15	0	-0.6043503209586699	0.285830925088362	0.1220908377438479	0.9542053785381248
height	annotated_credset_2786.txt	ENSG00000259803	SLC22A31	0	-0.3872684734400419	0.3635572553527497	0.0650164155630865	0.9626518538590072
height	annotated_credset_2786.txt	ENSG00000170100	ZNF778	0	-0.1554676548787507	0.1127273508589108	0.0313007385377198	1.0
height	annotated_credset_2786.txt	ENSG00000167522	ANKRD11	1	-0.1692955525289582	0.4365458784095915	1.0	0.960927524807758
height	annotated_credset_2786.txt	ENSG00000268218	AC137932.1	0	-0.5766495015655454	0.0	0.1774924765300973	0.9602788486408592
height	annotated_credset_2786.txt	ENSG00000197912	SPG7	0	-0.2096426283024738	0.741757356337892	0.447154330584927	0.6553558891995418
height	annotated_credset_2786.txt	ENSG00000167526	RPL13	0	-0.091515236885011	0.6281168419582523	0.4670649953015663	0.5599156447280008
height	annotated_credset_2786.txt	ENSG00000178773	CPNE7	0	-0.5365427804296047	0.5491013396646005	0.2729725756775888	0.5392360127490868
height	annotated_credset_2786.txt	ENSG00000015413	DPEP1	0	-0.4662423195888984	0.6563389662988945	0.321118587080681	0.4878619551428114
height	annotated_credset_2786.txt	ENSG00000131165	CHMP1A	0	-0.2838333821998976	0.798244577420152	0.6772544493006992	0.4452696590618281
height	annotated_credset_2786.txt	ENSG00000167523	SPATA33	0	-0.4604334242702418	0.8117271682262067	0.3240543651600109	0.4269712433917826
height	annotated_credset_2786.txt	ENSG00000185324	CDK10	0	-0.4780499022991572	0.485802993027728	0.4010066488940503	0.3955843491136812
height	annotated_credset_2786.txt	ENSG00000260259	RP11-368I7.4	0	-0.5898069884811338	0.0	0.1774924765300973	0.3930074351426472
height	annotated_credset_2786.txt	ENSG00000158792	SPATA2L	0	-0.4983883852922911	0.4550562401297767	0.3603296829077824	0.3742273021503478
height	annotated_credset_2786.txt	ENSG00000075399	VPS9D1	0	-0.4654519315440478	0.5972626580578624	0.4151542734487027	0.3594596554900037
height	annotated_credset_2786.txt	ENSG00000158805	ZNF276	0	-0.429644150066406	0.6242385827702159	0.4471623115321602	0.3413049339075623
height	annotated_credset_2786.txt	ENSG00000187741	FANCA	0	-0.4327538538388219	0.4630705929117024	0.491598745814721	0.3178362681140083
height	annotated_credset_2786.txt	ENSG00000204991	SPIRE2	0	-0.5722675183161668	0.3142679114338816	0.2125714168600309	0.2074928939852392
height	annotated_credset_2786.txt	ENSG00000141002	TCF25	0	-0.3244657853857534	0.2178271005446752	0.7081748827208579	0.1316593656385012
height	annotated_credset_2786.txt	ENSG00000258839	MC1R	0	-0.4963044943111884	0.5438157343446173	0.3623211800799488	0.078934583608747
height	annotated_credset_2786.txt	ENSG00000198211	TUBB3	0	-0.6156066985050056	0.4926033754820967	0.1258930564823533	0.06929202607295
height	annotated_credset_2786.txt	ENSG00000258947	TUBB3	0	-0.6762278665298506	0.4268233726888906	0.0046507204326635	0.0662443429006225
height	annotated_credset_2786.txt	ENSG00000140995	DEF8	0	-0.4475953600657879	0.4279084258135213	0.4619157333607886	0.0299335312206196
height	annotated_credset_2786.txt	ENSG00000177946	CENPBD1	0	-0.5799320676906906	0.1829120247521029	0.1938016995959686	0.0
height	annotated_credset_2788.txt	ENSG00000129993	CBFA2T3	0	-0.6781674821393845	0.6338177294264009	0.4460958009574944	0.0387915143388316
height	annotated_credset_2788.txt	ENSG00000205018	RP11-830F9.6	0	-0.824855035202661	0.0	0.2076144269018642	0.0
height	annotated_credset_2788.txt	ENSG00000176715	ACSF3	0	-0.7154033480935119	0.4611027290293549	0.4289276169084314	0.3086432941097644
height	annotated_credset_2788.txt	ENSG00000129910	CDH15	0	-0.8527463003929696	0.3521268429550809	0.1542417123095161	0.3685314708028063
height	annotated_credset_2788.txt	ENSG00000259803	SLC22A31	0	-0.8802384189684676	0.4478810979644776	0.0992574751585201	0.3778547272864227
height	annotated_credset_2788.txt	ENSG00000170100	ZNF778	0	-0.8502794471265013	0.1388734482119696	0.0667765369302214	0.4190797747093609
height	annotated_credset_2788.txt	ENSG00000167522	ANKRD11	1	-0.3731849275056744	0.5377987770983881	1.0	0.8142547318793135
height	annotated_credset_2788.txt	ENSG00000268218	AC137932.1	0	-0.8238912877012877	0.0	0.2076144269018642	0.4856794271892965
height	annotated_credset_2788.txt	ENSG00000197912	SPG7	0	-0.4483302175548411	0.9138013181926468	0.4674006983593081	0.9157758107021272
height	annotated_credset_2788.txt	ENSG00000167526	RPL13	0	-0.6174355066833963	0.7738029063765585	0.4865821927798103	0.9260084321246836
height	annotated_credset_2788.txt	ENSG00000178773	CPNE7	0	-0.4876725233079109	0.6764604674554647	0.2995978445893746	0.9754102111331394
height	annotated_credset_2788.txt	ENSG00000015413	DPEP1	0	0.0479777989206986	0.8085708991767914	0.345980648088952	1.0
height	annotated_credset_2788.txt	ENSG00000131165	CHMP1A	0	-0.0479777989206986	0.983390243256836	0.6890740681898493	0.953313402415234
height	annotated_credset_2788.txt	ENSG00000167523	SPATA33	0	-0.6386274044844746	1.0	0.3488089118184617	0.9331155309890456
height	annotated_credset_2788.txt	ENSG00000185324	CDK10	0	-0.5401326867842435	0.5984806373911433	0.4229430415472318	0.8984705395030215
height	annotated_credset_2788.txt	ENSG00000260259	RP11-368I7.4	0	-0.816330021279016	0.0	0.2076144269018642	0.8956261305661047
height	annotated_credset_2788.txt	ENSG00000158792	SPATA2L	0	-0.7302509290467557	0.5606024510971704	0.383755751358145	0.8748965374480445
height	annotated_credset_2788.txt	ENSG00000075399	VPS9D1	0	-0.5972036211285863	0.7357923714232775	0.4365725504220231	0.8585959443315986
height	annotated_credset_2788.txt	ENSG00000158805	ZNF276	0	-0.6521589995635102	0.7690251197755367	0.467408387027517	0.8385566830691789
height	annotated_credset_2788.txt	ENSG00000187741	FANCA	0	-0.473638106615464	0.5704756610815532	0.5102174658999888	0.8126518668932978
height	annotated_credset_2788.txt	ENSG00000204991	SPIRE2	0	-0.8052456474609101	0.38715953307393	0.2414087028736473	0.6908543668489057
height	annotated_credset_2788.txt	ENSG00000141002	TCF25	0	-0.520991415854368	0.2683501416130655	0.7188621304956061	0.607148985849775
height	annotated_credset_2788.txt	ENSG00000258839	MC1R	0	-0.7012661389351162	0.6699489134175072	0.385674315727542	0.5489511403306097
height	annotated_credset_2788.txt	ENSG00000198211	TUBB3	0	-0.8445607200839576	0.6068583075253449	0.1579046858242687	0.5383076430552434
height	annotated_credset_2788.txt	ENSG00000258947	TUBB3	0	-0.9056269758949116	0.5258212234310067	0.0411024983753345	0.534943597010361
height	annotated_credset_2788.txt	ENSG00000140995	DEF8	0	-0.6879535380005951	0.5271579448900183	0.481621507609707	0.4948635639125331
height	annotated_credset_2788.txt	ENSG00000177946	CENPBD1	0	-0.8182039705390511	0.225336827337939	0.223326372017353	0.461822800940054
height	annotated_credset_2788.txt	ENSG00000003249	DBNDD1	0	-0.8319942928954253	0.6750178670690066	0.1257844178716214	0.4088515379603108
height	annotated_credset_2788.txt	ENSG00000141013	GAS8	0	-0.5892815108227498	0.5160009529103471	0.1594192915949143	0.3865494383614592
height	annotated_credset_2788.txt	ENSG00000221819	C16orf3	0	-0.882361539406004	0.1871542391275576	0.0	0.3725328316032809
height	annotated_credset_2788.txt	ENSG00000126856	PRDM7	0	-0.912941334719999	0.5131157521374309	0.0338516436554572	0.3307534038936467
height	annotated_credset_2790.txt	ENSG00000129993	CBFA2T3	0	-0.5077509242238003	0.6338177294264009	0.4460958009574944	0.0
height	annotated_credset_2790.txt	ENSG00000176715	ACSF3	0	-0.5657938775993452	0.4611027290293549	0.4289276169084314	0.2434085332332409
height	annotated_credset_2790.txt	ENSG00000129910	CDH15	0	-0.7031368298988028	0.3521268429550809	0.1542417123095161	0.2974281630435043
height	annotated_credset_2790.txt	ENSG00000259803	SLC22A31	0	-0.7306289484743007	0.4478810979644776	0.0992574751585201	0.3058378173639641
height	annotated_credset_2790.txt	ENSG00000170100	ZNF778	0	-0.61141118661616	0.1388734482119696	0.0667765369302214	0.3430231504909352
height	annotated_credset_2790.txt	ENSG00000167522	ANKRD11	1	-0.1274510463822351	0.5377987770983881	1.0	0.6994742243986123
height	annotated_credset_2790.txt	ENSG00000268218	AC137932.1	0	-0.6764504726026288	0.0	0.2076144269018642	0.403096586870512
height	annotated_credset_2790.txt	ENSG00000197912	SPG7	0	-0.2586131392191826	0.9138013181926468	0.4674006983593081	0.7910470756486342
height	annotated_credset_2790.txt	ENSG00000167526	RPL13	0	-0.1602547442657065	0.7738029063765585	0.4865821927798103	0.8002769846516793
height	annotated_credset_2790.txt	ENSG00000178773	CPNE7	0	-0.5734713589355702	0.6764604674554647	0.2995978445893746	0.8448377971753854
height	annotated_credset_2790.txt	ENSG00000015413	DPEP1	0	-0.2831395686970119	0.8085708991767914	0.345980648088952	0.9009543903685372
height	annotated_credset_2790.txt	ENSG00000131165	CHMP1A	0	0.061010152484723	0.983390243256836	0.6890740681898493	0.9274069226072612
height	annotated_credset_2790.txt	ENSG00000167523	SPATA33	0	-0.061010152484723	1.0	0.3488089118184617	0.9457018721472504
height	annotated_credset_2790.txt	ENSG00000185324	CDK10	0	-0.2141155214734873	0.5984806373911433	0.4229430415472318	0.9798909593489638
height	annotated_credset_2790.txt	ENSG00000260259	RP11-368I7.4	0	-0.3400190885160199	0.0	0.2076144269018642	0.9665447888906192
height	annotated_credset_2790.txt	ENSG00000158792	SPATA2L	0	-0.2561388712341685	0.5606024510971704	0.383755751358145	0.987168335195622
height	annotated_credset_2790.txt	ENSG00000075399	VPS9D1	0	-0.1989444342571611	0.7357923714232775	0.4365725504220231	1.0
height	annotated_credset_2790.txt	ENSG00000158805	ZNF276	0	-0.2088714837965162	0.7690251197755367	0.467408387027517	0.9873588055171136
height	annotated_credset_2790.txt	ENSG00000187741	FANCA	0	-0.2502973925109151	0.5704756610815532	0.5102174658999888	0.9639924474578844
height	annotated_credset_2790.txt	ENSG00000204991	SPIRE2	0	-0.4252702449789809	0.38715953307393	0.2414087028736473	0.8541300968650999
height	annotated_credset_2790.txt	ENSG00000141002	TCF25	0	-0.1971911857013877	0.2683501416130655	0.7188621304956061	0.7786271521373562
height	annotated_credset_2790.txt	ENSG00000258839	MC1R	0	-0.0903050353690499	0.6699489134175072	0.385674315727542	0.7261322150012008
height	annotated_credset_2790.txt	ENSG00000198211	TUBB3	0	-0.4132561221026081	0.6068583075253449	0.1579046858242687	0.7165316925867551
height	annotated_credset_2790.txt	ENSG00000258947	TUBB3	0	-0.6360737674170409	0.5258212234310067	0.0411024983753345	0.7134972952809119
height	annotated_credset_2790.txt	ENSG00000140995	DEF8	0	-0.2986296238228039	0.5271579448900183	0.481621507609707	0.6773447745283588
height	annotated_credset_2790.txt	ENSG00000177946	CENPBD1	0	-0.527871390799584	0.225336827337939	0.223326372017353	0.6475417335446558
height	annotated_credset_2790.txt	ENSG00000003249	DBNDD1	0	-0.6538905835478039	0.6750178670690066	0.1257844178716214	0.5997612170094062
height	annotated_credset_2790.txt	ENSG00000141013	GAS8	0	-0.634419309482178	0.5160009529103471	0.1594192915949143	0.579644539046466
height	annotated_credset_2790.txt	ENSG00000221819	C16orf3	0	-0.7787424167740808	0.1871542391275576	0.0	0.5670014440303374
height	annotated_credset_2790.txt	ENSG00000126856	PRDM7	0	-0.7351459005951559	0.5131157521374309	0.0338516436554572	0.5293160553078367
height	annotated_credset_2822.txt	ENSG00000109084	TMEM97	0	-0.5552298318287094	0.4675722381763196	0.5441595295610622	0.0
height	annotated_credset_2822.txt	ENSG00000109083	IFT20	0	-0.4436421301470328	0.2622048844951587	0.7673349329244156	0.0091867289010874
height	annotated_credset_2822.txt	ENSG00000109079	TNFAIP1	0	-0.5359327641756286	0.4625657577066762	0.5827536648672236	0.0247318400850663
height	annotated_credset_2822.txt	ENSG00000004142	POLDIP2	0	-0.5246033457840442	0.5262903758672394	0.6054125016503926	0.0389140552364219
height	annotated_credset_2822.txt	ENSG00000244045	TMEM199	0	-0.623412051127106	0.3625505095428092	0.4077950909642689	0.071530451280515
height	annotated_credset_2822.txt	ENSG00000109072	VTN	0	-0.5538337958751696	0.3734529467076673	0.546951601468142	0.0599174975609558
height	annotated_credset_2822.txt	ENSG00000273171	CTB-96E2.2	0	-0.6435473405024106	0.0	0.3675245122136598	0.0530665835435026
height	annotated_credset_2822.txt	ENSG00000004139	SARM1	0	-0.6256106593633308	0.4724135302040713	0.4033978744918196	0.0976400308203419
height	annotated_credset_2822.txt	ENSG00000076351	SLC46A1	0	-0.6147367442787834	0.5173702000050827	0.4251457046609141	0.1059388531972056
height	annotated_credset_2822.txt	ENSG00000258472	RP11-192H23.4	0	-0.6435473405024106	0.0	0.3675245122136598	0.385265069784325
height	annotated_credset_2822.txt	ENSG00000007216	SLC13A2	0	-0.6967925968225104	0.4992884190195431	0.2610339995734602	0.2281730850973391
height	annotated_credset_2822.txt	ENSG00000109101	FOXN1	0	-0.8195066966666378	0.2737299550179166	0.0156057998852055	0.283653748841201
height	annotated_credset_2822.txt	ENSG00000109103	UNC119	0	-0.6343482887098473	0.2775038755749828	0.3859226157987865	0.3022377133573257
height	annotated_credset_2822.txt	ENSG00000087111	PIGS	0	-0.5693055810558281	0.3700729370504968	0.5160080311068251	0.3281516296053404
height	annotated_credset_2822.txt	ENSG00000109107	ALDOC	0	-0.8273095966092405	0.1676535617169432	0.0	0.3354276052567305
height	annotated_credset_2822.txt	ENSG00000076382	SPAG5	0	-0.4162873188019957	0.7619634552339323	0.7165162009697144	0.3651346905618775
height	annotated_credset_2822.txt	ENSG00000167524	SGK494	0	-0.5512322523013518	0.5043203130956314	0.5521546886157777	0.3852691179903625
height	annotated_credset_2822.txt	ENSG00000007202	KIAA0100	0	-0.5119425763132293	0.627525477140461	0.5814014218786434	0.4274433284889801
height	annotated_credset_2822.txt	ENSG00000132581	SDF2	0	-0.5339566056305018	0.4473938346590765	0.5867059819574774	0.4500255711681368
height	annotated_credset_2822.txt	ENSG00000109111	SUPT6H	0	-0.4820377839153826	0.3681669165671301	0.690543625387716	0.5046628586541874
height	annotated_credset_2822.txt	ENSG00000167525	PROCA1	0	-0.5398171857811069	0.3371623167043635	0.5749848216562674	0.517043622118858
height	annotated_credset_2822.txt	ENSG00000109113	RAB34	0	-0.276909816335803	0.6692164985133041	1.0	0.5259159403510334
height	annotated_credset_2822.txt	ENSG00000198242	RPL23A	0	-0.5609000372788391	0.4805840046761035	0.532819118660803	0.5339178942851476
height	annotated_credset_2822.txt	ENSG00000160606	TLCD1	0	-0.362158319522299	0.2269562123560954	0.640772753758844	0.538743355881841
height	annotated_credset_2822.txt	ENSG00000160602	NEK8	0	-0.3003125428642628	0.3279371775648682	0.7610124828866839	0.5596860751158125
height	annotated_credset_2822.txt	ENSG00000076604	TRAF4	0	-0.3454301183169719	0.4589316119850568	0.960691701564396	0.5698079396115612
height	annotated_credset_2822.txt	ENSG00000173065	FAM222B	0	-0.493476925606324	0.3358789295788965	0.6445315872756083	0.7105181838668194
height	annotated_credset_2822.txt	ENSG00000132591	ERAL1	0	-0.5842112541458733	0.2815192253932755	0.4630629301965097	0.7183919446097462
height	annotated_credset_2822.txt	ENSG00000132589	FLOT2	0	-0.6012498082081952	0.1913644565300261	0.4365414260528841	0.7677962510913289
height	annotated_credset_2822.txt	ENSG00000167536	DHRS13	0	-0.5731264883591782	0.1116813642023939	0.4901491297081325	0.7750722267427189
height	annotated_credset_2822.txt	ENSG00000109118	PHF12	0	-0.392518761293217	0.3743170093267936	0.7455358217856112	0.8407881047513794
height	annotated_credset_2822.txt	ENSG00000179761	PIPOX	0	-0.4268176562426617	0.5639406338153448	0.5427319752918734	0.983075799959248
height	annotated_credset_2822.txt	ENSG00000063015	SEZ6	0	-0.406478110189953	0.3967826374240768	0.3496581014701668	0.9145585633726414
height	annotated_credset_2822.txt	ENSG00000196535	MYO18A	0	-0.0093361990623044	0.4520699382449363	0.7427165952800294	1.0
height	annotated_credset_2822.txt	ENSG00000221995	TIAF1	0	-0.117177320008651	0.4092480113852957	0.3535383454680248	0.9999878553818876
height	annotated_credset_2822.txt	ENSG00000108255	CRYBA1	0	-0.7322814626616474	0.2316958499580675	0.1744781171459795	0.7660771129274062
height	annotated_credset_2822.txt	ENSG00000108256	NUFIP2	0	-0.5145824291206178	0.403466415919083	0.6104455277949333	0.7539689286692602
height	annotated_credset_2822.txt	ENSG00000160551	TAOK1	0	-0.4711682404373858	0.4655391496607283	0.7047347377572225	0.5723016345306577
height	annotated_credset_2822.txt	ENSG00000168792	ABHD15	1	0.0093361990623044	1.0	0.6276706730691639	0.3427912920389329
height	annotated_credset_2822.txt	ENSG00000167543	TP53I13	0	-0.3687906773716234	0.5072937050496836	0.9170378384752342	0.3353628339601305
height	annotated_credset_2822.txt	ENSG00000108262	GIT1	0	-0.4683037222165971	0.7976314518793362	0.6087569117491541	0.3253543192334317
height	annotated_credset_2822.txt	ENSG00000198720	ANKRD13B	0	-0.4830798238114402	0.9691860021855702	0.579204708559468	0.3033590664297116
height	annotated_credset_2822.txt	ENSG00000167549	CORO6	0	-0.4901078447562546	0.9399984751836132	0.5651486666698393	0.2696415583434201
height	annotated_credset_2822.txt	ENSG00000141298	SSH2	0	-0.3114586318228816	0.9365041042974408	0.9073573422466682	0.2545525450396657
height	annotated_credset_2823.txt	ENSG00000268206	AC061975.10	0	-0.5072232607109384	0.0	0.3675245122136598	0.0
height	annotated_credset_2823.txt	ENSG00000109084	TMEM97	0	-0.4189057520372372	0.4675722381763196	0.5441595295610622	0.0198327555196668
height	annotated_credset_2823.txt	ENSG00000109083	IFT20	0	-0.3073180503555606	0.2622048844951587	0.7673349329244156	0.0299210250637412
height	annotated_credset_2823.txt	ENSG00000109079	TNFAIP1	0	-0.039677573048402	0.4625657577066762	0.5827536648672236	0.0469916574297426
height	annotated_credset_2823.txt	ENSG00000004142	POLDIP2	0	-0.388279265992572	0.5262903758672394	0.6054125016503926	0.0625656458122664
height	annotated_credset_2823.txt	ENSG00000244045	TMEM199	0	-0.4870879713356337	0.3625505095428092	0.4077950909642689	0.0983828554406188
height	annotated_credset_2823.txt	ENSG00000109072	VTN	0	-0.4175097160836973	0.3734529467076673	0.546951601468142	0.0856302632408091
height	annotated_credset_2823.txt	ENSG00000273171	CTB-96E2.2	0	-0.5072232607109384	0.0	0.3675245122136598	0.0781070340288135
height	annotated_credset_2823.txt	ENSG00000004139	SARM1	0	-0.4892865795718586	0.4724135302040713	0.4033978744918196	0.1270547014171605
height	annotated_credset_2823.txt	ENSG00000076351	SLC46A1	0	-0.4784126644873112	0.5173702000050827	0.4251457046609141	0.1361679296333852
height	annotated_credset_2823.txt	ENSG00000258472	RP11-192H23.4	0	-0.5072232607109384	0.0	0.3675245122136598	0.4429058549599723
height	annotated_credset_2823.txt	ENSG00000007216	SLC13A2	0	-0.5604685170310382	0.4992884190195431	0.2610339995734602	0.2703976312168807
height	annotated_credset_2823.txt	ENSG00000109101	FOXN1	0	-0.6831826168751656	0.2737299550179166	0.0156057998852055	0.3313228959502268
height	annotated_credset_2823.txt	ENSG00000109103	UNC119	0	-0.498024208918375	0.2775038755749828	0.3859226157987865	0.3517305998516652
height	annotated_credset_2823.txt	ENSG00000087111	PIGS	0	-0.4329815012643558	0.3700729370504968	0.5160080311068251	0.3801875810979057
height	annotated_credset_2823.txt	ENSG00000109107	ALDOC	0	-0.6909855168177683	0.1676535617169432	0.0	0.3881775854136591
height	annotated_credset_2823.txt	ENSG00000076382	SPAG5	0	-0.2781112034880626	0.7619634552339323	0.7165162009697144	0.4207999787762911
height	annotated_credset_2823.txt	ENSG00000167524	SGK494	0	-0.4149081725098795	0.5043203130956314	0.5521546886157777	0.442910300437151
height	annotated_credset_2823.txt	ENSG00000007202	KIAA0100	0	-0.32515756188278	0.627525477140461	0.5814014218786434	0.489223281684287
height	annotated_credset_2823.txt	ENSG00000132581	SDF2	0	-0.3405702575818885	0.4473938346590765	0.5867059819574774	0.5140216352125017
height	annotated_credset_2823.txt	ENSG00000109111	SUPT6H	0	-0.28726336289924	0.3681669165671301	0.690543625387716	0.5740207588669631
height	annotated_credset_2823.txt	ENSG00000167525	PROCA1	0	-0.3450427647649643	0.3371623167043635	0.5749848216562674	0.5876165099049894
height	annotated_credset_2823.txt	ENSG00000109113	RAB34	0	-0.0950634043528635	0.6692164985133041	1.0	0.5973595140548557
height	annotated_credset_2823.txt	ENSG00000198242	RPL23A	0	-0.2815326778395397	0.4805840046761035	0.532819118660803	0.6061467406113129
height	annotated_credset_2823.txt	ENSG00000160606	TLCD1	0	-0.1156633985137858	0.2269562123560954	0.640772753758844	0.6114457494082591
height	annotated_credset_2823.txt	ENSG00000160602	NEK8	0	-0.0545161882925171	0.3279371775648682	0.7610124828866839	0.6344436846791222
height	annotated_credset_2823.txt	ENSG00000076604	TRAF4	0	-0.1421523794678825	0.4589316119850568	0.960691701564396	0.6455588594514639
height	annotated_credset_2823.txt	ENSG00000173065	FAM222B	0	-0.3614239954501668	0.3358789295788965	0.6445315872756083	0.8000777188783005
height	annotated_credset_2823.txt	ENSG00000132591	ERAL1	0	-0.452158323989716	0.2815192253932755	0.4630629301965097	0.8087241719907674
height	annotated_credset_2823.txt	ENSG00000132589	FLOT2	0	-0.4654190760615289	0.1913644565300261	0.4365414260528841	0.8629767754789655
height	annotated_credset_2823.txt	ENSG00000167536	DHRS13	0	-0.3831802819884213	0.1116813642023939	0.4901491297081325	0.8709667797947189
height	annotated_credset_2823.txt	ENSG00000109118	PHF12	0	-0.2880567019942985	0.3743170093267936	0.7455358217856112	0.9431316926614088
height	annotated_credset_2823.txt	ENSG00000179761	PIPOX	0	0.0167222333708929	0.5639406338153448	0.5427319752918734	1.0
height	annotated_credset_2823.txt	ENSG00000063015	SEZ6	0	-0.0167222333708929	0.3967826374240768	0.3496581014701668	1.0
height	annotated_credset_2823.txt	ENSG00000196535	MYO18A	0	-0.3123314914479562	0.4520699382449363	0.7427165952800294	0.8764723252548551
height	annotated_credset_2823.txt	ENSG00000221995	TIAF1	0	-0.5069206163539586	0.4092480113852957	0.3535383454680248	0.8764589888233192
height	annotated_credset_2823.txt	ENSG00000108255	CRYBA1	0	-0.600833340836026	0.2316958499580675	0.1744781171459795	0.6195933901382374
height	annotated_credset_2823.txt	ENSG00000108256	NUFIP2	0	-0.3828496355115491	0.403466415919083	0.6104455277949333	0.6062969678969067
height	annotated_credset_2823.txt	ENSG00000160551	TAOK1	0	-0.338618147939157	0.4655391496607283	0.7047347377572225	0.4068017340279802
height	annotated_credset_2823.txt	ENSG00000168792	ABHD15	1	-0.3092986368566726	1.0	0.6276706730691639	0.1547683690360869
height	annotated_credset_2823.txt	ENSG00000167543	TP53I13	0	-0.2324665975801512	0.5072937050496836	0.9170378384752342	0.1466109184132711
height	annotated_credset_2823.txt	ENSG00000108262	GIT1	0	-0.3300622802119901	0.7976314518793362	0.6087569117491541	0.1356202170019315
height	annotated_credset_2823.txt	ENSG00000198720	ANKRD13B	0	-0.3448383818068332	0.9691860021855702	0.579204708559468	0.1114664576646205
height	annotated_credset_2823.txt	ENSG00000167549	CORO6	0	-0.3518664027516476	0.9399984751836132	0.5651486666698393	0.0744400782436764
height	annotated_credset_2823.txt	ENSG00000141298	SSH2	0	-0.1729523067768927	0.9365041042974408	0.9073573422466682	0.0578703029731359
height	annotated_credset_2824.txt	ENSG00000132581	SDF2	0	-0.6898634698817401	0.377918977412032	0.4993542550154218	0.0
height	annotated_credset_2824.txt	ENSG00000109111	SUPT6H	0	-0.6269713494019971	0.2887314776802382	0.6251384959749079	0.0550810295087617
height	annotated_credset_2824.txt	ENSG00000167525	PROCA1	0	-0.696962712521249	0.2538289116264167	0.4851557697364039	0.0675623445431625
height	annotated_credset_2824.txt	ENSG00000109113	RAB34	0	-0.4204508985979471	0.6276296723307048	1.0	0.0765067201672699
height	annotated_credset_2824.txt	ENSG00000198242	RPL23A	0	-0.7225015285546217	0.4152818882860408	0.4340781376696588	0.0845736627453622
height	annotated_credset_2824.txt	ENSG00000160606	TLCD1	0	-0.6571164446820899	0.1297674545015012	0.5648483054147225	0.0894383147958273
height	annotated_credset_2824.txt	ENSG00000160602	NEK8	0	-0.5842899505423202	0.2434439677923698	0.7105012936942616	0.1105511223526557
height	annotated_credset_2824.txt	ENSG00000076604	TRAF4	0	-0.4633487478770592	0.3909073093697655	0.9523836990247836	0.1207551925513522
height	annotated_credset_2824.txt	ENSG00000173065	FAM222B	0	-0.6548398039322594	0.252384174261074	0.5694015869143833	0.2626082286851047
height	annotated_credset_2824.txt	ENSG00000132591	ERAL1	0	-0.764751279841123	0.1911902490240871	0.3495786350966561	0.2705459369385901
height	annotated_credset_2824.txt	ENSG00000132589	FLOT2	0	-0.7808147571967653	0.0897010251913562	0.3174516803853714	0.3203514852807681
height	annotated_credset_2824.txt	ENSG00000167536	DHRS13	0	-0.7483457792273903	0.0	0.3823896363241215	0.327686553473192
height	annotated_credset_2824.txt	ENSG00000109118	PHF12	0	-0.5936638153801403	0.2956547735696028	0.6917535640186215	0.393936149350611
height	annotated_credset_2824.txt	ENSG00000179761	PIPOX	0	-0.7158511819271813	0.509118295381561	0.446086125388651	0.5373794478576839
height	annotated_credset_2824.txt	ENSG00000063015	SEZ6	0	-0.8334380288430248	0.3209448296282733	0.2122051370928526	0.4683057418972767
height	annotated_credset_2824.txt	ENSG00000196535	MYO18A	0	-0.0750480808190559	0.383182970980805	0.6883384801012393	0.7049705200078793
height	annotated_credset_2824.txt	ENSG00000221995	TIAF1	0	-0.7097018013229952	0.3349773777015516	0.2169054897769548	0.584043921931259
height	annotated_credset_2824.txt	ENSG00000108255	CRYBA1	0	-0.7377732719881449	0.1351029697220239	0.0	0.8057488066976319
height	annotated_credset_2824.txt	ENSG00000108256	NUFIP2	0	-0.6059768862621915	0.3284689073923349	0.5281112708262964	0.8596517633105036
height	annotated_credset_2824.txt	ENSG00000160551	TAOK1	0	-0.0308084254244005	0.3983455611517275	0.6423289698608872	1.0
height	annotated_credset_2824.txt	ENSG00000168792	ABHD15	1	0.0308084254244005	1.0	0.5489770354195732	0.7779085327875482
height	annotated_credset_2824.txt	ENSG00000167543	TP53I13	0	-0.2832091045206655	0.4453495906815871	0.8995033768966287	0.7704197437669077
height	annotated_credset_2824.txt	ENSG00000108262	GIT1	0	-0.2315613103878016	0.7721892348470653	0.52606575745972	0.7603299439183899
height	annotated_credset_2824.txt	ENSG00000198720	ANKRD13B	0	-0.3628820923971245	0.9653119989014276	0.4902675505272554	0.7381560545384735
height	annotated_credset_2824.txt	ENSG00000167549	CORO6	0	-0.4931982078394383	0.9324549520876456	0.473240694932545	0.7041647064442421
height	annotated_credset_2824.txt	ENSG00000141298	SSH2	0	-0.0600347204420319	0.9285212612414157	0.8877768600960101	0.6889531462573572
height	annotated_credset_2824.txt	ENSG00000176927	EFCAB5	0	-0.4414502906454653	0.8405067165983159	0.3232808904349927	0.2764072541633561
height	annotated_credset_2824.txt	ENSG00000126653	NSRP1	0	-0.5674291293815397	0.843410495659351	0.6370808452183984	0.0229433742151715
height	annotated_credset_2825.txt	ENSG00000173065	FAM222B	0	-0.6834747693628168	0.252384174261074	0.6330177312717515	0.0
height	annotated_credset_2825.txt	ENSG00000132591	ERAL1	0	-0.8056660570576653	0.1911902490240871	0.3886351558820549	0.008244599681237
height	annotated_credset_2825.txt	ENSG00000132589	FLOT2	0	-0.8235242194261743	0.0897010251913562	0.3529188311450365	0.0599757536708603
height	annotated_credset_2825.txt	ENSG00000167536	DHRS13	0	-0.7874276590314864	0.0	0.4251119519344127	0.0675944137361954
height	annotated_credset_2825.txt	ENSG00000109118	PHF12	0	-0.615463920128229	0.2956547735696028	0.7690394297409271	0.1364053827981055
height	annotated_credset_2825.txt	ENSG00000179761	PIPOX	0	-0.7520211832468768	0.509118295381561	0.4959249035036312	0.2853945539014548
height	annotated_credset_2825.txt	ENSG00000063015	SEZ6	0	-0.8820268031827965	0.3209448296282733	0.2359136636317924	0.2136502876778911
height	annotated_credset_2825.txt	ENSG00000196535	MYO18A	0	-0.6173622364687216	0.383182970980805	0.765242797059942	0.4594651112844337
height	annotated_credset_2825.txt	ENSG00000221995	TIAF1	0	-0.8794140544122921	0.3349773777015516	0.2411391611728009	0.3338631919246724
height	annotated_credset_2825.txt	ENSG00000108255	CRYBA1	0	-0.9986143374942676	0.1351029697220239	0.0	0.5641397357206642
height	annotated_credset_2825.txt	ENSG00000108256	NUFIP2	0	-0.6383555505756564	0.3284689073923349	0.5871142725982086	0.6201267139159234
height	annotated_credset_2825.txt	ENSG00000160551	TAOK1	0	-0.4783780023325787	0.3983455611517275	0.7140928943224011	0.98436705212113
height	annotated_credset_2825.txt	ENSG00000168792	ABHD15	1	0.2811389828227892	1.0	0.6103112556548655	1.0
height	annotated_credset_2825.txt	ENSG00000167543	TP53I13	0	-0.2811389828227892	0.4453495906815871	1.0	0.9956424429448268
height	annotated_credset_2825.txt	ENSG00000108262	GIT1	0	-0.5317336350378302	0.7721892348470653	0.5848402251414513	0.9851625464862604
height	annotated_credset_2825.txt	ENSG00000198720	ANKRD13B	0	-0.6453754746967453	0.9653119989014276	0.5450424791274543	0.9621313597160523
height	annotated_credset_2825.txt	ENSG00000167549	CORO6	0	-0.6591367815355903	0.9324549520876456	0.5261133055056113	0.9268258220579424
height	annotated_credset_2825.txt	ENSG00000141298	SSH2	0	-0.4287117626803782	0.9285212612414157	0.9869633432160352	0.9110261453423312
height	annotated_credset_2825.txt	ENSG00000176927	EFCAB5	0	-0.7916254125650042	0.8405067165983159	0.3593993071491763	0.4825302090044875
height	annotated_credset_2825.txt	ENSG00000126653	NSRP1	0	-0.5666731088642445	0.843410495659351	0.7082584252394774	0.2192667887460861
height	annotated_credset_2825.txt	ENSG00000108576	SLC6A4	0	-0.7789277084820254	0.8488890541833729	0.3847947153151336	0.1079286626651745
height	annotated_credset_2825.txt	ENSG00000108578	BLMH	0	-0.7541608248830367	0.962093524572694	0.4324272135540654	0.0317971673053228
height	annotated_credset_2826.txt	ENSG00000173065	FAM222B	0	-0.5581749878019191	0.252384174261074	0.6330177312717515	0.0
height	annotated_credset_2826.txt	ENSG00000132591	ERAL1	0	-0.6803662754967673	0.1911902490240871	0.3886351558820549	0.0082099495865477
height	annotated_credset_2826.txt	ENSG00000132589	FLOT2	0	-0.6982244378652764	0.0897010251913562	0.3529188311450365	0.0597236898200846
height	annotated_credset_2826.txt	ENSG00000167536	DHRS13	0	-0.6621278774705884	0.0	0.4251119519344127	0.0673103304662998
height	annotated_credset_2826.txt	ENSG00000109118	PHF12	0	-0.4901641385673312	0.2956547735696028	0.7690394297409271	0.1358321033651647
height	annotated_credset_2826.txt	ENSG00000179761	PIPOX	0	-0.6267214016859791	0.509118295381561	0.4959249035036312	0.2841951083614854
height	annotated_credset_2826.txt	ENSG00000063015	SEZ6	0	-0.7567270216218985	0.3209448296282733	0.2359136636317924	0.2127523662523937
height	annotated_credset_2826.txt	ENSG00000196535	MYO18A	0	-0.4920624549078236	0.383182970980805	0.765242797059942	0.4575340885267537
height	annotated_credset_2826.txt	ENSG00000221995	TIAF1	0	-0.7541142728513943	0.3349773777015516	0.2411391611728009	0.3324600442085031
height	annotated_credset_2826.txt	ENSG00000108255	CRYBA1	0	-0.8735010588668719	0.1351029697220239	0.0	0.5617687903726205
height	annotated_credset_2826.txt	ENSG00000108256	NUFIP2	0	-0.5789561543945498	0.3284689073923349	0.5871142725982086	0.6175204685932494
height	annotated_credset_2826.txt	ENSG00000160551	TAOK1	0	-0.2330375060309277	0.3983455611517275	0.7140928943224011	0.9802299911498572
height	annotated_credset_2826.txt	ENSG00000168792	ABHD15	1	0.1849358046554461	1.0	0.6103112556548655	1.0
height	annotated_credset_2826.txt	ENSG00000167543	TP53I13	0	-0.1849358046554461	0.4453495906815871	1.0	0.9998635192613718
height	annotated_credset_2826.txt	ENSG00000108262	GIT1	0	-0.3335397571024208	0.7721892348470653	0.5848402251414513	0.989427667319054
height	annotated_credset_2826.txt	ENSG00000198720	ANKRD13B	0	-0.4835331583076614	0.9653119989014276	0.5450424791274543	0.9664932751578322
height	annotated_credset_2826.txt	ENSG00000167549	CORO6	0	-0.563063899121726	0.9324549520876456	0.5261133055056113	0.9313361182908108
height	annotated_credset_2826.txt	ENSG00000141298	SSH2	0	-0.3326388802665141	0.9285212612414157	0.9869633432160352	0.915602843864628
height	annotated_credset_2826.txt	ENSG00000176927	EFCAB5	0	-0.6528518222386949	0.8405067165983159	0.3593993071491763	0.4889077741961354
height	annotated_credset_2826.txt	ENSG00000126653	NSRP1	0	-0.4784222631935444	0.843410495659351	0.7082584252394774	0.2267507875782829
height	annotated_credset_2826.txt	ENSG00000108576	SLC6A4	0	-0.6401541181557162	0.8488890541833729	0.3847947153151336	0.1158805892028258
height	annotated_credset_2826.txt	ENSG00000108578	BLMH	0	-0.6149834726930192	0.962093524572694	0.4324272135540654	0.0400690564397099
height	annotated_credset_2828.txt	ENSG00000160551	TAOK1	0	-0.4812732653539182	0.0	0.660701927860289	0.1019403291443778
height	annotated_credset_2828.txt	ENSG00000168792	ABHD15	1	-0.174140494042408	1.0	0.5597131636900966	0.124527557432719
height	annotated_credset_2828.txt	ENSG00000167543	TP53I13	0	-0.2932542793962291	0.0781246285157272	0.9389149686309528	0.1334539090572062
height	annotated_credset_2828.txt	ENSG00000108262	GIT1	0	-0.4779380667369703	0.6213594541261501	0.5349275857524491	0.164439618342407
height	annotated_credset_2828.txt	ENSG00000198720	ANKRD13B	0	-0.576918284519069	0.9423456408549488	0.496200839496418	0.1951435989218517
height	annotated_credset_2828.txt	ENSG00000167549	CORO6	0	-0.2778940736390087	0.8877344808730179	0.4777810701096882	0.207222346485485
height	annotated_credset_2828.txt	ENSG00000141298	SSH2	0	-0.1322348602805012	0.8811963576710018	0.9262291421742984	0.6629837704833271
height	annotated_credset_2828.txt	ENSG00000176927	EFCAB5	0	-0.4971891759087168	0.734908822900074	0.3155535231172691	0.9271800540455586
height	annotated_credset_2828.txt	ENSG00000126653	NSRP1	0	-0.0842265779740687	0.7397351465728349	0.6550244705582204	1.0
height	annotated_credset_2828.txt	ENSG00000108576	SLC6A4	0	0.0775095823724416	0.7488409690687335	0.3402655137854209	0.945497847127225
height	annotated_credset_2828.txt	ENSG00000108578	BLMH	0	-0.5317833127248137	0.9369962673260268	0.3866161707344651	0.8656040345227407
height	annotated_credset_2828.txt	ENSG00000182271	TMIGD1	0	-0.7657571438272146	0.3902902926701695	0.0	0.7645776034212145
height	annotated_credset_2828.txt	ENSG00000108582	CPD	0	-0.52831356478907	0.6440645728822426	0.2093971029920606	0.6717969267023751
height	annotated_credset_2828.txt	ENSG00000108587	GOSR1	0	-0.4834087146788712	0.8655999619600107	0.5208956698277537	0.5258065941621529
height	annotated_credset_2828.txt	ENSG00000266733	TBC1D29	0	-0.6976946416372911	0.9721594826561424	0.0650486112524055	0.4075546768776254
height	annotated_credset_2828.txt	ENSG00000176390	CRLF3	0	-0.0775095823724416	0.6121347566629421	1.0	0.0927955045454582
height	annotated_credset_2828.txt	ENSG00000176208	ATAD5	0	-0.379998554847573	0.8920139796961558	0.7687394823034603	0.0
height	annotated_credset_2830.txt	ENSG00000141298	SSH2	0	0.0727172651689279	0.8693127476431206	0.5572002565070108	0.4022493027309315
height	annotated_credset_2830.txt	ENSG00000176927	EFCAB5	0	-0.5977885693424906	0.6591405929771829	0.1898304598901793	0.6510908187737346
height	annotated_credset_2830.txt	ENSG00000126653	NSRP1	0	-0.3084245587143414	0.6660746003552398	0.3940491465822689	0.7600581410068504
height	annotated_credset_2830.txt	ENSG00000108576	SLC6A4	0	-0.5868648914111873	0.6791569886596529	0.2046966813381132	0.8292278033915257
height	annotated_credset_2830.txt	ENSG00000108578	BLMH	0	-0.5502293408502424	0.9494808033884412	0.2325802759750176	0.9075131074743612
height	annotated_credset_2830.txt	ENSG00000182271	TMIGD1	0	-0.4397588529985178	0.1640251400464544	0.0	0.9661747128440286
height	annotated_credset_2830.txt	ENSG00000108582	CPD	0	-0.3066131508082469	0.5286241289793688	0.1259689575574215	1.0
height	annotated_credset_2830.txt	ENSG00000108587	GOSR1	0	-0.4753095345527395	0.8469053149337341	0.3133600397846232	0.8624944484945993
height	annotated_credset_2830.txt	ENSG00000266733	TBC1D29	0	-0.644726820296078	1.0	0.0391318964443083	0.7511151891980973
height	annotated_credset_2830.txt	ENSG00000176390	CRLF3	0	-0.4431541287699717	0.4827503757343901	0.6015792757276001	0.4546494381457553
height	annotated_credset_2830.txt	ENSG00000176208	ATAD5	0	-0.458352956709872	0.8848544883180764	0.4624577409873259	0.3672470957596275
height	annotated_credset_2830.txt	ENSG00000172171	TEFM	0	-0.5817210180830051	0.7348681513868014	0.2241356483161327	0.2759566046853309
height	annotated_credset_2830.txt	ENSG00000184060	ADAP2	0	-0.4808806041299774	0.9706244022407432	0.417402446147115	0.2633759856540721
height	annotated_credset_2830.txt	ENSG00000181481	RNF135	0	-0.5855579817052382	0.0	0.3167715698570668	0.1761705645915907
height	annotated_credset_2830.txt	ENSG00000196712	NF1	1	-0.0727172651689279	0.8887484629047683	1.0	0.0
height	annotated_credset_2831.txt	ENSG00000141298	SSH2	0	-0.4383440061344005	0.8693127476431206	0.5572002565070108	0.2915315251880245
height	annotated_credset_2831.txt	ENSG00000176927	EFCAB5	0	-0.6241689496088318	0.6591405929771829	0.1898304598901793	0.5529043132319094
height	annotated_credset_2831.txt	ENSG00000126653	NSRP1	0	-0.5205431448904115	0.6660746003552398	0.3940491465822689	0.6673590604568332
height	annotated_credset_2831.txt	ENSG00000108576	SLC6A4	0	-0.6152193775124893	0.6791569886596529	0.2046966813381132	0.7400119995364483
height	annotated_credset_2831.txt	ENSG00000108578	BLMH	0	-0.5968105100913454	0.9494808033884412	0.2325802759750176	0.8222396298627095
height	annotated_credset_2831.txt	ENSG00000182271	TMIGD1	0	-0.7156361700629547	0.1640251400464544	0.0	0.883855342507551
height	annotated_credset_2831.txt	ENSG00000108582	CPD	0	0.2104857923125579	0.5286241289793688	0.1259689575574215	1.0
height	annotated_credset_2831.txt	ENSG00000108587	GOSR1	0	-0.5550737420285532	0.8469053149337341	0.3133600397846232	0.9059283284411018
height	annotated_credset_2831.txt	ENSG00000266733	TBC1D29	0	-0.4366312302941696	1.0	0.0391318964443083	0.7889401827508864
height	annotated_credset_2831.txt	ENSG00000176390	CRLF3	0	-0.4491097854111298	0.4827503757343901	0.6015792757276001	0.4775448772394611
height	annotated_credset_2831.txt	ENSG00000176208	ATAD5	0	-0.4857152638942429	0.8848544883180764	0.4624577409873259	0.3857410887305576
height	annotated_credset_2831.txt	ENSG00000172171	TEFM	0	-0.6075079149013177	0.7348681513868014	0.2241356483161327	0.2898533504084683
height	annotated_credset_2831.txt	ENSG00000184060	ADAP2	0	-0.5082429113143483	0.9706244022407432	0.417402446147115	0.2766391909554594
height	annotated_credset_2831.txt	ENSG00000181481	RNF135	0	-0.5915136383463964	0.0	0.3167715698570668	0.1850422404220081
height	annotated_credset_2831.txt	ENSG00000196712	NF1	1	-0.2104857923125579	0.8887484629047683	1.0	0.0
height	annotated_credset_2832.txt	ENSG00000141298	SSH2	0	-0.2684787356240774	0.8693127476431206	0.5572002565070108	0.0811423843228923
height	annotated_credset_2832.txt	ENSG00000176927	EFCAB5	0	-0.569546458353422	0.6591405929771829	0.1898304598901793	0.3747018923050125
height	annotated_credset_2832.txt	ENSG00000126653	NSRP1	0	-0.3489619758662945	0.6660746003552398	0.3940491465822689	0.5032511553443051
height	annotated_credset_2832.txt	ENSG00000108576	SLC6A4	0	-0.3306757241286311	0.6791569886596529	0.2046966813381132	0.5848509316993162
height	annotated_credset_2832.txt	ENSG00000108578	BLMH	0	-0.4241755905522444	0.9494808033884412	0.2325802759750176	0.6772044734806435
height	annotated_credset_2832.txt	ENSG00000182271	TMIGD1	0	-0.5605807464306833	0.1640251400464544	0.0	0.7464078455047826
height	annotated_credset_2832.txt	ENSG00000108582	CPD	0	-0.4044122733587596	0.5286241289793688	0.1259689575574215	0.970363619121934
height	annotated_credset_2832.txt	ENSG00000108587	GOSR1	0	0.0363711278622629	0.8469053149337341	0.3133600397846232	1.0
height	annotated_credset_2832.txt	ENSG00000266733	TBC1D29	0	-0.2674752550566737	1.0	0.0391318964443083	0.8860941248282821
height	annotated_credset_2832.txt	ENSG00000176390	CRLF3	0	-0.2799743141714366	0.4827503757343901	0.6015792757276001	0.5363520825980572
height	annotated_credset_2832.txt	ENSG00000176208	ATAD5	0	-0.3111959435105678	0.8848544883180764	0.4624577409873259	0.4332431278087643
height	annotated_credset_2832.txt	ENSG00000172171	TEFM	0	-0.4347368583535496	0.7348681513868014	0.2241356483161327	0.3255473057072507
height	annotated_credset_2832.txt	ENSG00000184060	ADAP2	0	-0.3401097517811982	0.9706244022407432	0.417402446147115	0.3107058902085138
height	annotated_credset_2832.txt	ENSG00000181481	RNF135	0	-0.3672228898545058	0.0	0.3167715698570668	0.2078292444318011
height	annotated_credset_2832.txt	ENSG00000196712	NF1	1	-0.0363711278622629	0.8887484629047683	1.0	0.0
height	annotated_credset_2833.txt	ENSG00000160551	TAOK1	0	-0.5182235055676716	0.0	0.660701927860289	0.0
height	annotated_credset_2833.txt	ENSG00000168792	ABHD15	1	-0.1118910815843474	1.0	0.5597131636900966	0.0224060287403155
height	annotated_credset_2833.txt	ENSG00000167543	TP53I13	0	-0.3791169851823397	0.0781246285157272	0.9389149686309528	0.0312607712740711
height	annotated_credset_2833.txt	ENSG00000108262	GIT1	0	-0.5642637217990513	0.6213594541261501	0.5349275857524491	0.0619979066109301
height	annotated_credset_2833.txt	ENSG00000198720	ANKRD13B	0	-0.5616634389784279	0.9423456408549488	0.496200839496418	0.0924555733296141
height	annotated_credset_2833.txt	ENSG00000167549	CORO6	0	-0.5708733236717929	0.8877344808730179	0.4777810701096882	0.1044374226120017
height	annotated_credset_2833.txt	ENSG00000141298	SSH2	0	-0.346068321166862	0.8811963576710018	0.9262291421742984	0.556542631558502
height	annotated_credset_2833.txt	ENSG00000176927	EFCAB5	0	-0.6505757783890107	0.734908822900074	0.3155535231172691	0.8186194763582432
height	annotated_credset_2833.txt	ENSG00000126653	NSRP1	0	-0.2128487618523729	0.7397351465728349	0.6550244705582204	0.9333825289680796
height	annotated_credset_2833.txt	ENSG00000108576	SLC6A4	0	0.1118910815843474	0.7488409690687335	0.3402655137854209	1.0
height	annotated_credset_2833.txt	ENSG00000108578	BLMH	0	-0.5294967689572438	0.9369962673260268	0.3866161707344651	0.9758269423116436
height	annotated_credset_2833.txt	ENSG00000182271	TMIGD1	0	-0.7020447949677868	0.3902902926701695	0.0	0.8756109667215487
height	annotated_credset_2833.txt	ENSG00000108582	CPD	0	-0.7054450484224706	0.6440645728822426	0.2093971029920606	0.7835745963191971
height	annotated_credset_2833.txt	ENSG00000108587	GOSR1	0	-0.5469428052763832	0.8655999619600107	0.5208956698277537	0.6387554292683704
height	annotated_credset_2833.txt	ENSG00000266733	TBC1D29	0	-0.6152847925489815	0.9721594826561424	0.0650486112524055	0.5214521540080695
height	annotated_credset_2833.txt	ENSG00000176390	CRLF3	0	-0.3244050840646191	0.6121347566629421	1.0	0.2092180466832342
height	annotated_credset_2833.txt	ENSG00000176208	ATAD5	0	-0.4253941175749067	0.8920139796961558	0.7687394823034603	0.1171669674062418
height	annotated_credset_2833.txt	ENSG00000172171	TEFM	0	-0.6234744889299095	0.7876179834050546	0.3725787395934548	0.0210209374292534
height	annotated_credset_2833.txt	ENSG00000184060	ADAP2	0	-0.4594893455978279	0.9517129882789284	0.6938444573947029	0.0077711831528297
height	annotated_credset_2836.txt	ENSG00000176927	EFCAB5	0	-0.8679962186827027	0.6711844197138315	0.1898304598901793	0.0
height	annotated_credset_2836.txt	ENSG00000126653	NSRP1	0	-0.7302503311090578	0.6732015103338633	0.3940491465822689	0.1091149710611387
height	annotated_credset_2836.txt	ENSG00000108576	SLC6A4	0	-0.8678283181104081	0.6770071542130365	0.2046966813381132	0.1783783571363347
height	annotated_credset_2836.txt	ENSG00000108578	BLMH	0	-0.8538865207919558	0.7556438791732909	0.2325802759750176	0.2567697364457829
height	annotated_credset_2836.txt	ENSG00000182271	TMIGD1	0	-1.0116317488253936	0.5271562003179651	0.0	0.3155108272713216
height	annotated_credset_2836.txt	ENSG00000108582	CPD	0	-0.8759876583447175	0.6332174085850556	0.1259689575574215	0.5056085935241008
height	annotated_credset_2836.txt	ENSG00000108587	GOSR1	0	-0.8125685945680003	0.7258048489666137	0.3133600397846232	0.5861662454733307
height	annotated_credset_2836.txt	ENSG00000266733	TBC1D29	0	-0.7788344754537033	0.7703398251192368	0.0391318964443083	0.6363737045054872
height	annotated_credset_2836.txt	ENSG00000176390	CRLF3	0	-0.1019390605389252	0.6198728139904611	0.6015792757276001	1.0
height	annotated_credset_2836.txt	ENSG00000176208	ATAD5	0	-0.1042082105155686	0.7368441971383148	0.4624577409873259	0.988161880058278
height	annotated_credset_2836.txt	ENSG00000172171	TEFM	0	-0.3516556185455011	0.6932134340222575	0.2241356483161327	0.8967476919549957
height	annotated_credset_2836.txt	ENSG00000184060	ADAP2	0	-0.7523786344249319	0.7617945151033386	0.417402446147115	0.884150026403572
height	annotated_credset_2836.txt	ENSG00000181481	RNF135	0	-0.8472390077963964	0.479441573926868	0.3167715698570668	0.7968264435109818
height	annotated_credset_2836.txt	ENSG00000196712	NF1	1	0.1019390605389252	0.737976947535771	1.0	0.6204171708658109
height	annotated_credset_2836.txt	ENSG00000126861	OMG	0	-0.93927973369731	0.6715421303656598	0.0617938501643091	0.3727628411767089
height	annotated_credset_2836.txt	ENSG00000185862	EVI2B	0	-0.8681133683751256	0.7164844992050875	0.2041265808086781	0.3283563498074416
height	annotated_credset_2836.txt	ENSG00000265118	CTD-2370N5.3	0	-0.9458177473175496	0.0	0.1316280030156884	0.3263327239134684
height	annotated_credset_2836.txt	ENSG00000126860	EVI2A	0	-0.8063117479920128	0.6276828298887123	0.0665266517522111	0.30906547518307
height	annotated_credset_2836.txt	ENSG00000131242	RAB11FIP4	0	-0.7292025193753899	1.0	0.4561618789668408	0.2054871557558218
height	annotated_credset_2837.txt	ENSG00000126653	NSRP1	0	-0.6159929358415712	0.6732015103338633	0.3940491465822689	0.0
height	annotated_credset_2837.txt	ENSG00000108576	SLC6A4	0	-0.7130613412770646	0.6770071542130365	0.2046966813381132	0.0803823438060052
height	annotated_credset_2837.txt	ENSG00000108578	BLMH	0	-0.6991195439586123	0.7556438791732909	0.2325802759750176	0.1713580116175386
height	annotated_credset_2837.txt	ENSG00000182271	TMIGD1	0	-0.8569912530482635	0.5271562003179651	0.0	0.2395288999589208
height	annotated_credset_2837.txt	ENSG00000108582	CPD	0	-0.7592792604794221	0.6332174085850556	0.1259689575574215	0.460143352551452
height	annotated_credset_2837.txt	ENSG00000108587	GOSR1	0	-0.4750021592309337	0.7258048489666137	0.3133600397846232	0.5536330480762631
height	annotated_credset_2837.txt	ENSG00000266733	TBC1D29	0	-0.6179307832082199	0.7703398251192368	0.0391318964443083	0.6119003876078195
height	annotated_credset_2837.txt	ENSG00000176390	CRLF3	0	0.1174786306918487	0.6198728139904611	0.6015792757276001	1.0
height	annotated_credset_2837.txt	ENSG00000176208	ATAD5	0	-0.2789184842582444	0.7368441971383148	0.4624577409873259	0.9523613177649092
height	annotated_credset_2837.txt	ENSG00000172171	TEFM	0	-0.6962495607108758	0.6932134340222575	0.2241356483161327	0.8462722696654214
height	annotated_credset_2837.txt	ENSG00000184060	ADAP2	0	-0.5975838222224783	0.7617945151033386	0.417402446147115	0.8316522815174516
height	annotated_credset_2837.txt	ENSG00000181481	RNF135	0	-0.5762302182570591	0.479441573926868	0.3167715698570668	0.7303105097648567
height	annotated_credset_2837.txt	ENSG00000196712	NF1	1	-0.1174786306918487	0.737976947535771	1.0	0.5255819856794667
height	annotated_credset_2837.txt	ENSG00000126861	OMG	0	-0.7845127568639666	0.6715421303656598	0.0617938501643091	0.2381713261355766
height	annotated_credset_2837.txt	ENSG00000185862	EVI2B	0	-0.7133463915417821	0.7164844992050875	0.2041265808086781	0.1866361925140755
height	annotated_credset_2837.txt	ENSG00000265118	CTD-2370N5.3	0	-0.7911772515404193	0.0	0.1316280030156884	0.1842877108477664
height	annotated_credset_2837.txt	ENSG00000126860	EVI2A	0	-0.640353105032418	0.6276828298887123	0.0665266517522111	0.1642485241622667
height	annotated_credset_2837.txt	ENSG00000131242	RAB11FIP4	0	-0.5678977474752129	1.0	0.4561618789668408	0.0440426180575567
height	annotated_credset_2838.txt	ENSG00000108576	SLC6A4	0	-0.6756775309856168	0.6770071542130365	0.2046966813381132	0.0
height	annotated_credset_2838.txt	ENSG00000108578	BLMH	0	-0.6654613815934951	0.7556438791732909	0.2325802759750176	0.0795200428785305
height	annotated_credset_2838.txt	ENSG00000182271	TMIGD1	0	-0.8215810121499737	0.5271562003179651	0.0	0.1391068763074904
height	annotated_credset_2838.txt	ENSG00000108582	CPD	0	-0.7259732423556379	0.6332174085850556	0.1259689575574215	0.3319416325867685
height	annotated_credset_2838.txt	ENSG00000108587	GOSR1	0	-0.6250714996886924	0.7258048489666137	0.3133600397846232	0.4136591376699382
height	annotated_credset_2838.txt	ENSG00000266733	TBC1D29	0	-0.7587288595897458	0.7703398251192368	0.0391318964443083	0.464589473763386
height	annotated_credset_2838.txt	ENSG00000176390	CRLF3	0	-0.2849567757449139	0.6198728139904611	0.6015792757276001	0.8352541072138283
height	annotated_credset_2838.txt	ENSG00000176208	ATAD5	0	-0.0956163046735837	0.7368441971383148	0.4624577409873259	0.936108968746696
height	annotated_credset_2838.txt	ENSG00000172171	TEFM	0	-0.3938990837209722	0.6932134340222575	0.2241356483161327	0.9516444165213918
height	annotated_credset_2838.txt	ENSG00000184060	ADAP2	0	0.0956163046735837	0.7617945151033386	0.417402446147115	1.0
height	annotated_credset_2838.txt	ENSG00000181481	RNF135	0	-0.652841900423955	0.479441573926868	0.3167715698570668	0.96045000212905
height	annotated_credset_2838.txt	ENSG00000196712	NF1	1	-0.1465478004419048	0.737976947535771	1.0	0.7815008236799901
height	annotated_credset_2838.txt	ENSG00000126861	OMG	0	-0.7502088377773528	0.6715421303656598	0.0617938501643091	0.5302808159519518
height	annotated_credset_2838.txt	ENSG00000185862	EVI2B	0	-0.597989215466643	0.7164844992050875	0.2041265808086781	0.4852349687060464
height	annotated_credset_2838.txt	ENSG00000265118	CTD-2370N5.3	0	-0.7557670106421295	0.0	0.1316280030156884	0.4831822070468386
height	annotated_credset_2838.txt	ENSG00000126860	EVI2A	0	-0.7241065561316562	0.6276828298887123	0.0665266517522111	0.4656663478856509
height	annotated_credset_2838.txt	ENSG00000131242	RAB11FIP4	0	-0.5412827679599798	1.0	0.4561618789668408	0.3605967283088948
height	annotated_credset_2838.txt	ENSG00000228768	AC003101.1	0	-0.7557670106421295	0.0	0.1316280030156884	0.1059251869824788
height	annotated_credset_2839.txt	ENSG00000176390	CRLF3	0	-0.5581966208096975	0.6198728139904611	0.5753377609577853	0.2768098702728186
height	annotated_credset_2839.txt	ENSG00000176208	ATAD5	0	-0.6724797343508616	0.7368441971383148	0.4270531491327203	0.3950449123309933
height	annotated_credset_2839.txt	ENSG00000172171	TEFM	0	-0.7296446992311378	0.6932134340222575	0.1730342507137206	0.4132575626000643
height	annotated_credset_2839.txt	ENSG00000184060	ADAP2	0	-0.6896027493188981	0.7617945151033386	0.3790303400218427	0.5005738409697813
height	annotated_credset_2839.txt	ENSG00000181481	RNF135	0	-0.6059794665100104	0.479441573926868	0.2717715288238221	0.568077563166049
height	annotated_credset_2839.txt	ENSG00000196712	NF1	1	0.4205099807937767	0.737976947535771	1.0	1.0
height	annotated_credset_2839.txt	ENSG00000126861	OMG	0	-0.4498104585449073	0.6715421303656598	0.0	0.9793885528494032
height	annotated_credset_2839.txt	ENSG00000185862	EVI2B	0	-0.8051872296847522	0.7164844992050875	0.1517073093896217	0.9265800162779656
height	annotated_credset_2839.txt	ENSG00000265118	CTD-2370N5.3	0	-0.8764618701242236	0.0	0.0744336976085793	0.9241735050059952
height	annotated_credset_2839.txt	ENSG00000126860	EVI2A	0	-0.7481357278968298	0.6276828298887123	0.0050445220261355	0.90363916176134
height	annotated_credset_2839.txt	ENSG00000131242	RAB11FIP4	0	-0.4205099807937767	1.0	0.4203426175277126	0.7804630381627206
height	annotated_credset_2839.txt	ENSG00000228768	AC003101.1	0	-0.8794325060151843	0.0	0.0744336976085793	0.481904297987999
height	annotated_credset_2839.txt	ENSG00000172301	COPRS	0	-0.4424589371955899	0.7336347376788553	0.1646971776015886	0.0150344588103737
height	annotated_credset_2839.txt	ENSG00000108651	UTP6	0	-0.5813076346705591	0.7602742448330684	0.1186401215493554	0.0
height	annotated_credset_2840.txt	ENSG00000176390	CRLF3	0	-0.5869508567829725	0.6198728139904611	0.5753377609577853	0.2565219158409603
height	annotated_credset_2840.txt	ENSG00000176208	ATAD5	0	-0.6447879544893284	0.7368441971383148	0.4270531491327203	0.3679625699400364
height	annotated_credset_2840.txt	ENSG00000172171	TEFM	0	-0.4974301904496215	0.6932134340222575	0.1730342507137206	0.3851286285258181
height	annotated_credset_2840.txt	ENSG00000184060	ADAP2	0	-0.667301136693693	0.7617945151033386	0.3790303400218427	0.4674272686382018
height	annotated_credset_2840.txt	ENSG00000181481	RNF135	0	-0.7498567956114899	0.479441573926868	0.2717715288238221	0.5310518830056837
height	annotated_credset_2840.txt	ENSG00000196712	NF1	1	0.4974301904496215	0.737976947535771	1.0	1.0
height	annotated_credset_2840.txt	ENSG00000126861	OMG	0	-0.6617779880705811	0.6715421303656598	0.0	0.9975937225426256
height	annotated_credset_2840.txt	ENSG00000185862	EVI2B	0	-0.6721410215318981	0.7164844992050875	0.1517073093896217	0.9926452467922606
height	annotated_credset_2840.txt	ENSG00000265118	CTD-2370N5.3	0	-0.7785797797844799	0.0	0.0744336976085793	0.990377025919863
height	annotated_credset_2840.txt	ENSG00000126860	EVI2A	0	-0.8143852193403808	0.6276828298887123	0.0050445220261355	0.971022690666585
height	annotated_credset_2840.txt	ENSG00000131242	RAB11FIP4	0	-0.5994663718802721	1.0	0.4203426175277126	0.8549248947486471
height	annotated_credset_2840.txt	ENSG00000228768	AC003101.1	0	-0.8501784288094433	0.0	0.0744336976085793	0.573522861029265
height	annotated_credset_2840.txt	ENSG00000172301	COPRS	0	-0.557616960304943	0.7336347376788553	0.1646971776015886	0.1334817416504117
height	annotated_credset_2840.txt	ENSG00000108651	UTP6	0	-0.6112905607912341	0.7602742448330684	0.1186401215493554	0.119311239448287
height	annotated_credset_2840.txt	ENSG00000178691	SUZ12	0	-0.5073217000394861	0.7211446740858506	0.6888843186921949	0.0
height	annotated_credset_2841.txt	ENSG00000176390	CRLF3	0	-0.5625923739549153	0.6198728139904611	0.5753377609577853	0.0061115644431789
height	annotated_credset_2841.txt	ENSG00000176208	ATAD5	0	-0.6229611193434611	0.7368441971383148	0.4270531491327203	0.1107572755274158
height	annotated_credset_2841.txt	ENSG00000172171	TEFM	0	-0.749970568552961	0.6932134340222575	0.1730342507137206	0.1268766569304158
height	annotated_credset_2841.txt	ENSG00000184060	ADAP2	0	-0.6455560195158128	0.7617945151033386	0.3790303400218427	0.2041572488782111
height	annotated_credset_2841.txt	ENSG00000181481	RNF135	0	-0.7297856152774818	0.479441573926868	0.2717715288238221	0.263902438519921
height	annotated_credset_2841.txt	ENSG00000196712	NF1	1	-0.2645541263858649	0.737976947535771	1.0	0.8264910760081517
height	annotated_credset_2841.txt	ENSG00000126861	OMG	0	-0.7739034725467536	0.6715421303656598	0.0	0.7019975209975107
height	annotated_credset_2841.txt	ENSG00000185862	EVI2B	0	-0.7587014778174579	0.7164844992050875	0.1517073093896217	0.726392234538915
height	annotated_credset_2841.txt	ENSG00000265118	CTD-2370N5.3	0	-0.821514881303194	0.0	0.0744336976085793	0.7333383911310761
height	annotated_credset_2841.txt	ENSG00000126860	EVI2A	0	-0.714082968487879	0.6276828298887123	0.0050445220261355	0.7378322703588507
height	annotated_credset_2841.txt	ENSG00000131242	RAB11FIP4	0	0.2645541263858649	1.0	0.4203426175277126	1.0
height	annotated_credset_2841.txt	ENSG00000228768	AC003101.1	0	-0.8229897386335162	0.0	0.0744336976085793	0.8952696482668113
height	annotated_credset_2841.txt	ENSG00000172301	COPRS	0	-0.5075356757915526	0.7336347376788553	0.1646971776015886	0.4820594404124633
height	annotated_credset_2841.txt	ENSG00000108651	UTP6	0	-0.635089054663006	0.7602742448330684	0.1186401215493554	0.4687529653980246
height	annotated_credset_2841.txt	ENSG00000178691	SUZ12	0	-0.4920455345637238	0.7211446740858506	0.6888843186921949	0.3567165672510113
height	annotated_credset_2841.txt	ENSG00000185158	LRRC37B	0	-0.8087193143397832	0.7581776629570747	0.0555367591400761	0.2524226534597447
height	annotated_credset_2841.txt	ENSG00000214708	AC090616.2	0	-0.5934284693502215	0.0	0.0744336976085793	0.0561315396239614
height	annotated_credset_2841.txt	ENSG00000126858	RHOT1	0	-0.7022494035120284	0.57822933227345	0.3204000942080613	0.0543239786374867
height	annotated_credset_2841.txt	ENSG00000269402	AC116407.2	0	-0.8284545308851031	0.0	0.0744336976085793	0.0
height	annotated_credset_2842.txt	ENSG00000196712	NF1	1	-0.1374722748383823	0.737976947535771	1.0	0.2584374801218486
height	annotated_credset_2842.txt	ENSG00000126861	OMG	0	-0.6031869914008868	0.6715421303656598	0.0685705668749908	0.1257867800682336
height	annotated_credset_2842.txt	ENSG00000185862	EVI2B	0	-0.5325346648080389	0.7164844992050875	0.2098752200606866	0.1517798993794951
height	annotated_credset_2842.txt	ENSG00000265118	CTD-2370N5.3	0	-0.6158526813164265	0.0	0.1379003036439482	0.159181186414422
height	annotated_credset_2842.txt	ENSG00000126860	EVI2A	0	-0.6250040288516053	0.6276828298887123	0.0732691831661809	0.1639695164245156
height	annotated_credset_2842.txt	ENSG00000131242	RAB11FIP4	0	0.1374722748383823	1.0	0.4600900528371108	0.5032681028652589
height	annotated_credset_2842.txt	ENSG00000228768	AC003101.1	0	-0.6132096921577961	0.0	0.1379003036439482	0.5619921946562594
height	annotated_credset_2842.txt	ENSG00000172301	COPRS	0	-0.2268679803326267	0.7336347376788553	0.2219743656457275	1.0
height	annotated_credset_2842.txt	ENSG00000108651	UTP6	0	-0.3153043475870978	0.7602742448330684	0.1790754680355892	0.990629097931638
height	annotated_credset_2842.txt	ENSG00000178691	SUZ12	0	-0.2001068110149015	0.7211446740858506	0.7102176973231702	0.8712517804117347
height	annotated_credset_2842.txt	ENSG00000185158	LRRC37B	0	-0.3818133312174732	0.7581776629570747	0.1202991389584321	0.7601242551791202
height	annotated_credset_2842.txt	ENSG00000214708	AC090616.2	0	-0.3161830579414875	0.0	0.1379003036439482	0.5509716314758702
height	annotated_credset_2842.txt	ENSG00000126858	RHOT1	0	-0.2114812435122075	0.57822933227345	0.3670006449964049	0.5490456343411192
height	annotated_credset_2842.txt	ENSG00000269402	AC116407.2	0	-0.6106174265518696	0.0	0.1379003036439482	0.4911622057946028
height	annotated_credset_2842.txt	ENSG00000141314	RHBDL3	0	-0.5930699993157136	0.4229232909379968	0.1834656676453742	0.3549998546133758
height	annotated_credset_2842.txt	ENSG00000108666	C17orf75	0	-0.5799031634474687	0.2091514308426073	0.2097993393818639	0.2634224550197448
height	annotated_credset_2842.txt	ENSG00000010244	ZNF207	0	-0.5473839151535518	0.2566077106518283	0.2748378359696974	0.223346657961798
height	annotated_credset_2842.txt	ENSG00000108671	PSMD11	0	-0.4636886534499382	0.2034578696343402	0.4422283593769248	0.0756926284366614
height	annotated_credset_2842.txt	ENSG00000176749	CDK5R1	0	-0.6848028331384006	0.0549294515103338	0.0	0.0092582745003545
height	annotated_credset_2842.txt	ENSG00000176658	MYO1D	0	-0.423840045002785	0.4054650238473767	0.5187785702363801	0.0
height	annotated_credset_2907.txt	ENSG00000173838	MARCH10	0	-0.9603956351004416	0.3567844868675213	0.0	0.0375315235994281
height	annotated_credset_2907.txt	ENSG00000170921	TANC2	0	-0.7097416749872244	0.572962396207009	0.4919893300622495	0.9617143740914712
height	annotated_credset_2907.txt	ENSG00000008283	CYB561	0	-0.2884296828486289	0.3575119785264531	0.3994326502769405	0.9895866145098756
height	annotated_credset_2907.txt	ENSG00000159640	ACE	0	0.1933854231558615	0.7528033514788149	0.888555768856356	1.0
height	annotated_credset_2907.txt	ENSG00000264813	ACE	0	-0.3657060602923375	0.7605674434939669	0.2186471759681367	0.9884177777114592
height	annotated_credset_2907.txt	ENSG00000173826	KCNH6	0	-0.2156100875921395	0.7662995760479643	0.3869056706696803	0.9309528250505472
height	annotated_credset_2907.txt	ENSG00000136485	DCAF7	0	-0.3042019026152182	0.7662995760479643	0.6136391148270143	0.8904747338342051
height	annotated_credset_2907.txt	ENSG00000136463	TACO1	0	-0.501316959968002	0.9897649449364072	0.3956601731408558	0.8152559444315952
height	annotated_credset_2907.txt	ENSG00000198909	MAP3K3	0	-0.1933854231558615	0.9248676717758322	1.0	0.7831086374251117
height	annotated_credset_2907.txt	ENSG00000136490	LIMD2	0	-0.5850399243896701	0.998921305471239	0.7720596594128757	0.6734535524833437
height	annotated_credset_2907.txt	ENSG00000266173	STRADA	0	-0.4900057824382099	0.7662995760479643	0.4928944304373785	0.6631128155006603
height	annotated_credset_2907.txt	ENSG00000125695	RP11-51F16.8	0	-0.9082710125797868	0.0	0.2048747600254407	0.6630934172927563
height	annotated_credset_2907.txt	ENSG00000108588	CCDC47	0	-0.8593180545715356	0.953804279657828	0.2267635346997797	0.59981795527967
height	annotated_credset_2907.txt	ENSG00000198231	DDX42	0	-0.5487506637153222	0.9258209367082256	0.5783376217176874	0.5575104638409943
height	annotated_credset_2907.txt	ENSG00000108592	FTSJ3	0	-0.5314356741601528	0.9612297117627876	0.3813817405756458	0.4891243201301172
height	annotated_credset_2907.txt	ENSG00000087191	PSMC5	0	-0.6174051231059058	0.9624589218071896	0.4410287029365202	0.4776062611446435
height	annotated_credset_2907.txt	ENSG00000108604	SMARCD2	0	-0.6368506820332746	0.7662995760479643	0.6754693464419512	0.4702468794998247
height	annotated_credset_2907.txt	ENSG00000213218	CSH2	0	-0.8745534231076447	0.7662995760479643	0.2000638642932109	0.4106675221773742
height	annotated_credset_2907.txt	ENSG00000136487	GH2	0	-0.809298992047326	1.0	0.3155426999779963	0.398422776480419
height	annotated_credset_2907.txt	ENSG00000136488	CSH1	0	-0.97627411725325	0.0888668690264154	0.0791690677607285	0.3764923563600009
height	annotated_credset_2907.txt	ENSG00000204414	CSHL1	0	-0.946698657064745	0.9542558262047512	0.0557733963790104	0.3545843187871643
height	annotated_credset_2907.txt	ENSG00000259384	GH1	1	-0.5635372699963691	0.998921305471239	0.822096170515762	0.343239351502988
height	annotated_credset_2907.txt	ENSG00000007312	CD79B	0	-0.5051632931415341	0.7662995760479643	0.468393961337859	0.3260197115635702
height	annotated_credset_2907.txt	ENSG00000007314	SCN4A	0	-0.7468747226746161	0.7662995760479643	0.3030453286510893	0.3113755567658711
height	annotated_credset_2907.txt	ENSG00000224383	C17orf72	0	-0.9070407136149424	0.5644457266136518	0.0972611954719135	0.2221482769168787
height	annotated_credset_2907.txt	ENSG00000108622	ICAM2	0	-0.7352123567336374	0.9497027318566088	0.4787459970412255	0.2158170002909731
height	annotated_credset_2907.txt	ENSG00000178607	ERN1	0	-0.4563712588326328	0.7539823896846699	0.8894256150615576	0.1612811770235688
height	annotated_credset_2907.txt	ENSG00000136478	TEX2	0	-0.8607295290275938	0.621516192960891	0.2686063992337081	0.0
height	annotated_credset_2908.txt	ENSG00000170921	TANC2	0	-0.8020479376052955	0.572962396207009	0.461982252999869	0.5982178916376522
height	annotated_credset_2908.txt	ENSG00000008283	CYB561	0	-0.5539752080893644	0.3575119785264531	0.3639584529603809	0.6346083092343515
height	annotated_credset_2908.txt	ENSG00000159640	ACE	0	-0.4320441920629209	0.7528033514788149	0.8819730023319937	0.7816311292114655
height	annotated_credset_2908.txt	ENSG00000264813	ACE	0	-0.5324568036437326	0.7605674434939669	0.1724943768418788	0.7816389220092805
height	annotated_credset_2908.txt	ENSG00000173826	KCNH6	0	-0.5546040965957498	0.7662995760479643	0.3506915321182643	0.834491624990214
height	annotated_credset_2908.txt	ENSG00000136485	DCAF7	0	-0.350629393332596	0.7662995760479643	0.590817623977824	0.9227470084447928
height	annotated_credset_2908.txt	ENSG00000136463	TACO1	0	-0.4015119556538583	0.9897649449364072	0.3599631438665492	0.9501893459503932
height	annotated_credset_2908.txt	ENSG00000198909	MAP3K3	0	0.1707051685493416	0.9248676717758322	1.0	1.0
height	annotated_credset_2908.txt	ENSG00000136490	LIMD2	0	-0.3150131919591649	0.998921305471239	0.758595722983231	0.87927111846621
height	annotated_credset_2908.txt	ENSG00000266173	STRADA	0	-0.1707051685493416	0.7662995760479643	0.4629408156707978	0.8657700962516842
height	annotated_credset_2908.txt	ENSG00000125695	RP11-51F16.8	0	-0.8310519093575403	0.0	0.1579084544691341	0.8657447696587854
height	annotated_credset_2908.txt	ENSG00000108588	CCDC47	0	-0.6820962562982319	0.953804279657828	0.1810901510983102	0.7831313718222825
height	annotated_credset_2908.txt	ENSG00000198231	DDX42	0	-0.469566895274775	0.9258209367082256	0.5534309490271819	0.7278940727099523
height	annotated_credset_2908.txt	ENSG00000108592	FTSJ3	0	-0.5754481492245876	0.9612297117627876	0.34484131557824	0.6386080917443369
height	annotated_credset_2908.txt	ENSG00000087191	PSMC5	0	-0.4858540319286776	0.9624589218071896	0.4080114933005535	0.623569940160798
height	annotated_credset_2908.txt	ENSG00000108604	SMARCD2	0	-0.4371351490653826	0.7662995760479643	0.6563000318848096	0.6139614204548758
height	annotated_credset_2908.txt	ENSG00000213218	CSH2	0	-0.9652352864655044	0.7662995760479643	0.1528133896681843	0.5361737126653253
height	annotated_credset_2908.txt	ENSG00000136487	GH2	0	-0.8915809885182107	1.0	0.2751133071264922	0.5201867879478076
height	annotated_credset_2908.txt	ENSG00000136488	CSH1	0	-1.0682767582550698	0.0888668690264154	0.0247776024229762	0.4915541005759627
height	annotated_credset_2908.txt	ENSG00000204414	CSHL1	0	-1.0432897517044122	0.9542558262047512	0.0	0.4629506361959241
height	annotated_credset_2908.txt	ENSG00000259384	GH1	1	-0.6374958611287808	0.998921305471239	0.8115877811512625	0.4481384757490209
height	annotated_credset_2908.txt	ENSG00000007312	CD79B	0	-0.8247931729295178	0.7662995760479643	0.4369931575497883	0.4256562540526822
height	annotated_credset_2908.txt	ENSG00000007314	SCN4A	0	-0.912583040065328	0.7662995760479643	0.2618777434609683	0.4065366246135256
height	annotated_credset_2908.txt	ENSG00000224383	C17orf72	0	-1.0210497715669324	0.5644457266136518	0.0439383924725301	0.2900401418773067
height	annotated_credset_2908.txt	ENSG00000108622	ICAM2	0	-0.737361052548576	0.9497027318566088	0.4479566653175928	0.281773931595022
height	annotated_credset_2908.txt	ENSG00000178607	ERN1	0	-0.6059346155543169	0.7539823896846699	0.8828942284464305	0.2105711379591653
height	annotated_credset_2908.txt	ENSG00000136478	TEX2	0	-0.9510378739567898	0.621516192960891	0.2254045819494071	0.0
height	annotated_credset_2909.txt	ENSG00000170921	TANC2	0	-0.5534445644703417	0.572962396207009	0.461982252999869	0.1295098793013404
height	annotated_credset_2909.txt	ENSG00000008283	CYB561	0	-0.6057906291095315	0.3575119785264531	0.3639584529603809	0.1633820286659316
height	annotated_credset_2909.txt	ENSG00000159640	ACE	0	-0.3028218294603463	0.7528033514788149	0.8819730023319937	0.3002306621017814
height	annotated_credset_2909.txt	ENSG00000264813	ACE	0	-0.6575611422054036	0.7605674434939669	0.1724943768418788	0.3002379156269947
height	annotated_credset_2909.txt	ENSG00000173826	KCNH6	0	-0.5646473904644277	0.7662995760479643	0.3506915321182643	0.3494331370045842
height	annotated_credset_2909.txt	ENSG00000136485	DCAF7	0	-0.4438692080066327	0.7662995760479643	0.590817623977824	0.431581123425985
height	annotated_credset_2909.txt	ENSG00000136463	TACO1	0	-0.5592964480622701	0.9897649449364072	0.3599631438665492	0.4571244124644577
height	annotated_credset_2909.txt	ENSG00000198909	MAP3K3	0	-0.2370716944645389	0.9248676717758322	1.0	0.6165895375152324
height	annotated_credset_2909.txt	ENSG00000136490	LIMD2	0	-0.3577738329729233	0.998921305471239	0.758595722983231	0.6254188910810654
height	annotated_credset_2909.txt	ENSG00000266173	STRADA	0	-0.3542969224247333	0.7662995760479643	0.4629408156707978	0.6994012214936459
height	annotated_credset_2909.txt	ENSG00000125695	RP11-51F16.8	0	-0.5826473177129124	0.0	0.1579084544691341	0.7177653339523008
height	annotated_credset_2909.txt	ENSG00000108588	CCDC47	0	-0.5493896445806671	0.953804279657828	0.1810901510983102	0.7617470840828643
height	annotated_credset_2909.txt	ENSG00000198231	DDX42	0	-0.1067457043564655	0.9258209367082256	0.5534309490271819	0.8396608251610282
height	annotated_credset_2909.txt	ENSG00000108592	FTSJ3	0	-0.5600477699594154	0.9612297117627876	0.34484131557824	0.8590549381999651
height	annotated_credset_2909.txt	ENSG00000087191	PSMC5	0	-0.3853520482018354	0.9624589218071896	0.4080114933005535	0.8626943944757152
height	annotated_credset_2909.txt	ENSG00000108604	SMARCD2	0	-0.4043184118061308	0.7662995760479643	0.6563000318848096	0.8827250043521151
height	annotated_credset_2909.txt	ENSG00000213218	CSH2	0	-0.3338316322827294	0.7662995760479643	0.1528133896681843	0.93839762374514
height	annotated_credset_2909.txt	ENSG00000136487	GH2	0	-0.4137724242478503	1.0	0.2751133071264922	0.9532111356119074
height	annotated_credset_2909.txt	ENSG00000136488	CSH1	0	-0.7087912220723257	0.0888668690264154	0.0247776024229762	0.9799149886845008
height	annotated_credset_2909.txt	ENSG00000204414	CSHL1	0	-0.1613847628544314	0.9542558262047512	0.0	1.0
height	annotated_credset_2909.txt	ENSG00000259384	GH1	1	-0.0362087054163123	0.998921305471239	0.8115877811512625	0.9862128619509082
height	annotated_credset_2909.txt	ENSG00000007312	CD79B	0	0.0362087054163123	0.7662995760479643	0.4369931575497883	0.9652864417106714
height	annotated_credset_2909.txt	ENSG00000007314	SCN4A	0	-0.5903346116363374	0.7662995760479643	0.2618777434609683	0.9474899175999536
height	annotated_credset_2909.txt	ENSG00000224383	C17orf72	0	-0.6109345599958519	0.5644457266136518	0.0439383924725301	0.8390551558057215
height	annotated_credset_2909.txt	ENSG00000108622	ICAM2	0	-0.4020019864547904	0.9497027318566088	0.4479566653175928	0.8313609789357628
height	annotated_credset_2909.txt	ENSG00000178607	ERN1	0	-0.2506128214370023	0.7539823896846699	0.8828942284464305	0.7650855190622643
height	annotated_credset_2909.txt	ENSG00000136478	TEX2	0	-0.651480516561277	0.621516192960891	0.2254045819494071	0.5690862008936343
height	annotated_credset_2909.txt	ENSG00000271605	MILR1	0	-0.7227377932967374	0.5284850613350727	0.1300641245859692	0.1393474728718157
height	annotated_credset_2909.txt	ENSG00000256525	POLG2	0	-0.5482992517154973	0.3659659333216266	0.4789412077484493	0.1169830412580514
height	annotated_credset_2909.txt	ENSG00000108654	DDX5	0	-0.4609325993484722	0.4618066879060783	0.6536745124824999	0.077393300644113
height	annotated_credset_2909.txt	ENSG00000258890	CEP95	0	-0.69926722314543	0.4540425958909264	0.1770052648885839	0.0647504061974119
height	annotated_credset_2909.txt	ENSG00000108854	SMURF2	0	-0.4189260781622311	0.4164262599402955	0.7346590428539439	0.0
height	annotated_credset_2910.txt	ENSG00000170921	TANC2	0	-0.6017557979908496	0.572962396207009	0.461982252999869	0.2745122250995581
height	annotated_credset_2910.txt	ENSG00000008283	CYB561	0	-0.6541513344852029	0.3575119785264531	0.3639584529603809	0.3062230907269083
height	annotated_credset_2910.txt	ENSG00000159640	ACE	0	-0.3505314136964913	0.7528033514788149	0.8819730023319937	0.4343398092575369
height	annotated_credset_2910.txt	ENSG00000264813	ACE	0	-0.7052707264415486	0.7605674434939669	0.1724943768418788	0.4343465999563167
height	annotated_credset_2910.txt	ENSG00000173826	KCNH6	0	-0.5236323615108754	0.7662995760479643	0.3506915321182643	0.480402816756166
height	annotated_credset_2910.txt	ENSG00000136485	DCAF7	0	-0.4912352310702924	0.7662995760479643	0.590817623977824	0.5573091781130155
height	annotated_credset_2910.txt	ENSG00000136463	TACO1	0	-0.6066624711259297	0.9897649449364072	0.3599631438665492	0.5812226238663671
height	annotated_credset_2910.txt	ENSG00000198909	MAP3K3	0	-0.2834205046604617	0.9248676717758322	1.0	0.7305127411926653
height	annotated_credset_2910.txt	ENSG00000136490	LIMD2	0	-0.1078241392931137	0.998921305471239	0.758595722983231	0.7387787192824757
height	annotated_credset_2910.txt	ENSG00000266173	STRADA	0	-0.3324848410877582	0.7662995760479643	0.4629408156707978	0.808040451487874
height	annotated_credset_2910.txt	ENSG00000125695	RP11-51F16.8	0	-0.6180023492032384	0.0	0.1579084544691341	0.8252328031238382
height	annotated_credset_2910.txt	ENSG00000108588	CCDC47	0	-0.5067327460821319	0.953804279657828	0.1810901510983102	0.8664082051756479
height	annotated_credset_2910.txt	ENSG00000198231	DDX42	0	-0.2397606217301228	0.9258209367082256	0.5534309490271819	0.9393504961197418
height	annotated_credset_2910.txt	ENSG00000108592	FTSJ3	0	-0.418474698479618	0.9612297117627876	0.34484131557824	0.9575071269824492
height	annotated_credset_2910.txt	ENSG00000087191	PSMC5	0	-0.2537410586312177	0.9624589218071896	0.4080114933005535	0.9609143600952544
height	annotated_credset_2910.txt	ENSG00000108604	SMARCD2	0	-0.3932183580188993	0.7662995760479643	0.6563000318848096	0.9796668747758964
height	annotated_credset_2910.txt	ENSG00000213218	CSH2	0	-0.3612163902783348	0.7662995760479643	0.1528133896681843	1.0
height	annotated_credset_2910.txt	ENSG00000136487	GH2	0	-0.3365081153184069	1.0	0.2751133071264922	0.9860688814530736
height	annotated_credset_2910.txt	ENSG00000136488	CSH1	0	-0.6681761402852163	0.0888668690264154	0.0247776024229762	0.9611181564610952
height	annotated_credset_2910.txt	ENSG00000204414	CSHL1	0	-0.5117942706058963	0.9542558262047512	0.0	0.9361928965895412
height	annotated_credset_2910.txt	ENSG00000259384	GH1	1	0.0041870312780235	0.998921305471239	0.8115877811512625	0.923285475883682
height	annotated_credset_2910.txt	ENSG00000007312	CD79B	0	-0.0041870312780235	0.7662995760479643	0.4369931575497883	0.9036943099037248
height	annotated_credset_2910.txt	ENSG00000007314	SCN4A	0	-0.6490712935745088	0.7662995760479643	0.2618777434609683	0.8870333304472864
height	annotated_credset_2910.txt	ENSG00000224383	C17orf72	0	-0.6246941730329613	0.5644457266136518	0.0439383924725301	0.7855174767121473
height	annotated_credset_2910.txt	ENSG00000108622	ICAM2	0	-0.301246056507891	0.9497027318566088	0.4479566653175928	0.7783142429813884
height	annotated_credset_2910.txt	ENSG00000178607	ERN1	0	-0.2783387564193021	0.7539823896846699	0.8828942284464305	0.7162676282296139
height	annotated_credset_2910.txt	ENSG00000136478	TEX2	0	-0.7014050690019203	0.621516192960891	0.2254045819494071	0.5327744588237491
height	annotated_credset_2910.txt	ENSG00000271605	MILR1	0	-0.7710984986724088	0.5284850613350727	0.1300641245859692	0.1304561142602976
height	annotated_credset_2910.txt	ENSG00000256525	POLG2	0	-0.5966599570911687	0.3659659333216266	0.4789412077484493	0.1095186922472289
height	annotated_credset_2910.txt	ENSG00000108654	DDX5	0	-0.5092933047241436	0.4618066879060783	0.6536745124824999	0.0724550583066374
height	annotated_credset_2910.txt	ENSG00000258890	CEP95	0	-0.7476279285211014	0.4540425958909264	0.1770052648885839	0.0606188703333044
height	annotated_credset_2910.txt	ENSG00000108854	SMURF2	0	-0.3563898981428525	0.4164262599402955	0.7346590428539439	0.0
height	annotated_credset_2911.txt	ENSG00000170921	TANC2	0	-0.6219994298173398	0.572962396207009	0.461982252999869	0.3791176816595427
height	annotated_credset_2911.txt	ENSG00000008283	CYB561	0	-0.6737031351997852	0.3575119785264531	0.3639584529603809	0.4084169248264774
height	annotated_credset_2911.txt	ENSG00000159640	ACE	0	-0.3786291495650348	0.7528033514788149	0.8819730023319937	0.5267903219481589
height	annotated_credset_2911.txt	ENSG00000264813	ACE	0	-0.7333684623100922	0.7605674434939669	0.1724943768418788	0.5267965962119132
height	annotated_credset_2911.txt	ENSG00000173826	KCNH6	0	-0.6409677873513427	0.7662995760479643	0.3506915321182643	0.5693502215599389
height	annotated_credset_2911.txt	ENSG00000136485	DCAF7	0	-0.4891829110535209	0.7662995760479643	0.590817623977824	0.6404078271440335
height	annotated_credset_2911.txt	ENSG00000136463	TACO1	0	-0.6046101511091584	0.9897649449364072	0.3599631438665492	0.6625026469550214
height	annotated_credset_2911.txt	ENSG00000198909	MAP3K3	0	-0.1114442234811231	0.9248676717758322	1.0	0.8004391984628054
height	annotated_credset_2911.txt	ENSG00000136490	LIMD2	0	-0.3434058224387263	0.998921305471239	0.758595722983231	0.8080765460178032
height	annotated_credset_2911.txt	ENSG00000266173	STRADA	0	-0.5062116253037748	0.7662995760479643	0.4629408156707978	0.8720708991804242
height	annotated_credset_2911.txt	ENSG00000125695	RP11-51F16.8	0	-0.7715853860895431	0.0	0.1579084544691341	0.8879557664405318
height	annotated_credset_2911.txt	ENSG00000108588	CCDC47	0	-0.687726528589164	0.953804279657828	0.1810901510983102	0.9259997647151093
height	annotated_credset_2911.txt	ENSG00000198231	DDX42	0	-0.338289292027835	0.9258209367082256	0.5534309490271819	0.9933947688325948
height	annotated_credset_2911.txt	ENSG00000108592	FTSJ3	0	0.1114442234811231	0.9612297117627876	0.34484131557824	1.0
height	annotated_credset_2911.txt	ENSG00000087191	PSMC5	0	-0.3570851881803337	0.9624589218071896	0.4080114933005535	0.9943155170385476
height	annotated_credset_2911.txt	ENSG00000108604	SMARCD2	0	-0.3397837347642128	0.7662995760479643	0.6563000318848096	0.9865793498294184
height	annotated_credset_2911.txt	ENSG00000213218	CSH2	0	-0.7171734682451145	0.7662995760479643	0.1528133896681843	0.9239496490333712
height	annotated_credset_2911.txt	ENSG00000136487	GH2	0	-0.658279843343933	1.0	0.2751133071264922	0.9110779969412964
height	annotated_credset_2911.txt	ENSG00000136488	CSH1	0	-0.8381508121126221	0.0888668690264154	0.0247776024229762	0.8880247833418298
height	annotated_credset_2911.txt	ENSG00000204414	CSHL1	0	-0.8110359793481275	0.9542558262047512	0.0	0.8649950982314419
height	annotated_credset_2911.txt	ENSG00000259384	GH1	1	-0.4052420887724962	0.998921305471239	0.8115877811512625	0.8530692914003373
height	annotated_credset_2911.txt	ENSG00000007312	CD79B	0	-0.5925394005732334	0.7662995760479643	0.4369931575497883	0.8349680404690012
height	annotated_credset_2911.txt	ENSG00000007314	SCN4A	0	-0.6800971076176433	0.7662995760479643	0.2618777434609683	0.8195741343476727
height	annotated_credset_2911.txt	ENSG00000224383	C17orf72	0	-0.8240656172450107	0.5644457266136518	0.0439383924725301	0.7257785969177679
height	annotated_credset_2911.txt	ENSG00000108622	ICAM2	0	-0.5907738770817872	0.9497027318566088	0.4479566653175928	0.7191231716403278
height	annotated_credset_2911.txt	ENSG00000178607	ERN1	0	-0.3763936293956947	0.7539823896846699	0.8828942284464305	0.661795223716717
height	annotated_credset_2911.txt	ENSG00000136478	TEX2	0	-0.7256740409086718	0.621516192960891	0.2254045819494071	0.4922567742441472
height	annotated_credset_2911.txt	ENSG00000271605	MILR1	0	-0.790650299386991	0.5284850613350727	0.1300641245859692	0.1205348809850594
height	annotated_credset_2911.txt	ENSG00000256525	POLG2	0	-0.5776943422822219	0.3659659333216266	0.4789412077484493	0.101189757264421
height	annotated_credset_2911.txt	ENSG00000108654	DDX5	0	-0.5288451054387259	0.4618066879060783	0.6536745124824999	0.06694482569311
height	annotated_credset_2911.txt	ENSG00000258890	CEP95	0	-0.7671797292356837	0.4540425958909264	0.1770052648885839	0.0560087839692561
height	annotated_credset_2911.txt	ENSG00000108854	SMURF2	0	-0.4871303489886603	0.4164262599402955	0.7346590428539439	0.0
height	annotated_credset_2912.txt	ENSG00000170921	TANC2	0	-0.6830705912984097	0.572962396207009	0.461982252999869	0.0942849924110954
height	annotated_credset_2912.txt	ENSG00000008283	CYB561	0	-0.7348377160228962	0.3575119785264531	0.3639584529603809	0.1287329019122564
height	annotated_credset_2912.txt	ENSG00000159640	ACE	0	-0.4395032580904773	0.7528033514788149	0.8819730023319937	0.2679076938398013
height	annotated_credset_2912.txt	ENSG00000264813	ACE	0	-0.7942425708355347	0.7605674434939669	0.1724943768418788	0.2679150706607234
height	annotated_credset_2912.txt	ENSG00000173826	KCNH6	0	-0.7019912651165924	0.7662995760479643	0.3506915321182643	0.317946514359904
height	annotated_credset_2912.txt	ENSG00000136485	DCAF7	0	-0.5140849012012779	0.7662995760479643	0.590817623977824	0.4014908555083644
height	annotated_credset_2912.txt	ENSG00000136463	TACO1	0	-0.6967645387941468	0.9897649449364072	0.3599631438665492	0.4274683303856786
height	annotated_credset_2912.txt	ENSG00000198909	MAP3K3	0	-0.3749229238530317	0.9248676717758322	1.0	0.5896440499484544
height	annotated_credset_2912.txt	ENSG00000136490	LIMD2	0	-0.4956250623614161	0.998921305471239	0.758595722983231	0.5986234852159288
height	annotated_credset_2912.txt	ENSG00000266173	STRADA	0	-0.3502703813893369	0.7662995760479643	0.4629408156707978	0.6738633702112906
height	annotated_credset_2912.txt	ENSG00000125695	RP11-51F16.8	0	-0.8328112812284499	0.0	0.1579084544691341	0.6925396365809172
height	annotated_credset_2912.txt	ENSG00000108588	CCDC47	0	-0.7833509794836861	0.953804279657828	0.1810901510983102	0.7372689902423101
height	annotated_credset_2912.txt	ENSG00000198231	DDX42	0	-0.5944036001191649	0.9258209367082256	0.5534309490271819	0.8165071121774715
height	annotated_credset_2912.txt	ENSG00000108592	FTSJ3	0	-0.6986984168436359	0.9612297117627876	0.34484131557824	0.836230887118042
height	annotated_credset_2912.txt	ENSG00000087191	PSMC5	0	-0.6671133279824791	0.9624589218071896	0.4080114933005535	0.8399322070157256
height	annotated_credset_2912.txt	ENSG00000108604	SMARCD2	0	-0.5429690586903512	0.7662995760479643	0.6563000318848096	0.8603032979922137
height	annotated_credset_2912.txt	ENSG00000213218	CSH2	0	-0.7762023957822453	0.7662995760479643	0.1528133896681843	0.916922242774865
height	annotated_credset_2912.txt	ENSG00000136487	GH2	0	-0.5763295404771634	1.0	0.2751133071264922	0.9319875553031044
height	annotated_credset_2912.txt	ENSG00000136488	CSH1	0	-0.8831151296453278	0.0888668690264154	0.0247776024229762	0.959145321527961
height	annotated_credset_2912.txt	ENSG00000204414	CSHL1	0	-0.2670730875035444	0.9542558262047512	0.0	1.0
height	annotated_credset_2912.txt	ENSG00000259384	GH1	1	0.2670730875035444	0.998921305471239	0.8115877811512625	1.0
height	annotated_credset_2912.txt	ENSG00000007312	CD79B	0	-0.4393700706640749	0.7662995760479643	0.4369931575497883	0.9816944188817108
height	annotated_credset_2912.txt	ENSG00000007314	SCN4A	0	-0.6907841648468517	0.7662995760479643	0.2618777434609683	0.9635953887492416
height	annotated_credset_2912.txt	ENSG00000224383	C17orf72	0	-0.7668755606550968	0.5644457266136518	0.0439383924725301	0.8533174485789476
height	annotated_credset_2912.txt	ENSG00000108622	ICAM2	0	-0.5465776926575533	0.9497027318566088	0.4479566653175928	0.8454924857857882
height	annotated_credset_2912.txt	ENSG00000178607	ERN1	0	-0.3887091451248116	0.7539823896846699	0.8828942284464305	0.7780904730201996
height	annotated_credset_2912.txt	ENSG00000136478	TEX2	0	-0.7846236346636065	0.621516192960891	0.2254045819494071	0.5787595506778377
height	annotated_credset_2912.txt	ENSG00000271605	MILR1	0	-0.851784880210102	0.5284850613350727	0.1300641245859692	0.1417161067352219
height	annotated_credset_2912.txt	ENSG00000256525	POLG2	0	-0.677346338628862	0.3659659333216266	0.4789412077484493	0.1189715236270353
height	annotated_credset_2912.txt	ENSG00000108654	DDX5	0	-0.5899796862618368	0.4618066879060783	0.6536745124824999	0.0787088350339979
height	annotated_credset_2912.txt	ENSG00000258890	CEP95	0	-0.7695810255853754	0.4540425958909264	0.1770052648885839	0.0658510361667087
height	annotated_credset_2912.txt	ENSG00000108854	SMURF2	0	-0.5482361407683448	0.4164262599402955	0.7346590428539439	0.0
height	annotated_credset_2913.txt	ENSG00000170921	TANC2	0	-0.6075552491790603	0.572962396207009	0.461982252999869	0.0
height	annotated_credset_2913.txt	ENSG00000008283	CYB561	0	-0.6391420889265875	0.3575119785264531	0.3639584529603809	0.0350470630902179
height	annotated_credset_2913.txt	ENSG00000159640	ACE	0	-0.3532302312634863	0.7528033514788149	0.8819730023319937	0.1766425266143033
height	annotated_credset_2913.txt	ENSG00000264813	ACE	0	-0.6147433496268297	0.7605674434939669	0.1724943768418788	0.1766500317405072
height	annotated_credset_2913.txt	ENSG00000173826	KCNH6	0	-0.6147082971885272	0.7662995760479643	0.3506915321182643	0.227551673936263
height	annotated_credset_2913.txt	ENSG00000136485	DCAF7	0	-0.4946452512587473	0.7662995760479643	0.590817623977824	0.3125491044759046
height	annotated_credset_2913.txt	ENSG00000136463	TACO1	0	-0.5272041536831591	0.9897649449364072	0.3599631438665492	0.3389784064026036
height	annotated_credset_2913.txt	ENSG00000198909	MAP3K3	0	-0.1930316490402008	0.9248676717758322	1.0	0.5039748534301527
height	annotated_credset_2913.txt	ENSG00000136490	LIMD2	0	-0.3041658115506604	0.998921305471239	0.758595722983231	0.5131104683017342
height	annotated_credset_2913.txt	ENSG00000266173	STRADA	0	-0.4581897640777268	0.7662995760479643	0.4629408156707978	0.5896590030174425
height	annotated_credset_2913.txt	ENSG00000125695	RP11-51F16.8	0	-0.7595261064980166	0.0	0.1579084544691341	0.6086601062839255
height	annotated_credset_2913.txt	ENSG00000108588	CCDC47	0	-0.6963210928773373	0.953804279657828	0.1810901510983102	0.6541674390206966
height	annotated_credset_2913.txt	ENSG00000198231	DDX42	0	-0.5098071327404161	0.9258209367082256	0.5534309490271819	0.7347837521388672
height	annotated_credset_2913.txt	ENSG00000108592	FTSJ3	0	-0.4306438596363957	0.9612297117627876	0.34484131557824	0.7548505833262905
height	annotated_credset_2913.txt	ENSG00000087191	PSMC5	0	-0.3990587707752391	0.9624589218071896	0.4080114933005535	0.7586162803990496
height	annotated_credset_2913.txt	ENSG00000108604	SMARCD2	0	-0.2002269013473079	0.7662995760479643	0.6563000318848096	0.7793416864108569
height	annotated_credset_2913.txt	ENSG00000213218	CSH2	0	-0.2666811971489187	0.7662995760479643	0.1528133896681843	0.8369454063066105
height	annotated_credset_2913.txt	ENSG00000136487	GH2	0	-0.1582452047893936	1.0	0.2751133071264922	0.8522727502963311
height	annotated_credset_2913.txt	ENSG00000136488	CSH1	0	-0.598195438198891	0.0888668690264154	0.0247776024229762	0.8799028724156389
height	annotated_credset_2913.txt	ENSG00000204414	CSHL1	0	-0.4757530493011261	0.9542558262047512	0.0	0.9215131683710844
height	annotated_credset_2913.txt	ENSG00000259384	GH1	1	0.01243699090982	0.998921305471239	0.8115877811512625	0.9214775190216162
height	annotated_credset_2913.txt	ENSG00000007312	CD79B	0	-0.1275881155381337	0.7662995760479643	0.4369931575497883	0.9468729898137412
height	annotated_credset_2913.txt	ENSG00000007314	SCN4A	0	-0.3698244057276854	0.7662995760479643	0.2618777434609683	1.0
height	annotated_credset_2913.txt	ENSG00000224383	C17orf72	0	-0.6234952044595143	0.5644457266136518	0.0439383924725301	0.9292980566681308
height	annotated_credset_2913.txt	ENSG00000108622	ICAM2	0	-0.1432742359904744	0.9497027318566088	0.4479566653175928	0.9213369940474446
height	annotated_credset_2913.txt	ENSG00000178607	ERN1	0	-0.01243699090982	0.7539823896846699	0.8828942284464305	0.8527626559232792
height	annotated_credset_2913.txt	ENSG00000136478	TEX2	0	-0.4916946286801213	0.621516192960891	0.2254045819494071	0.6499647644887157
height	annotated_credset_2913.txt	ENSG00000271605	MILR1	0	-0.7529243656855098	0.5284850613350727	0.1300641245859692	0.2053198099811916
height	annotated_credset_2913.txt	ENSG00000256525	POLG2	0	-0.4240952506026827	0.3659659333216266	0.4789412077484493	0.1821796296133101
height	annotated_credset_2913.txt	ENSG00000108654	DDX5	0	-0.3562313572154549	0.4618066879060783	0.6536745124824999	0.1412166507929429
height	annotated_credset_2913.txt	ENSG00000258890	CEP95	0	-0.6086496048985213	0.4540425958909264	0.1770052648885839	0.128135215819711
height	annotated_credset_2913.txt	ENSG00000108854	SMURF2	0	-0.4748644200936975	0.4164262599402955	0.7346590428539439	0.0611388304798954
height	annotated_credset_2914.txt	ENSG00000170921	TANC2	0	-0.6097992805169914	0.572962396207009	0.461982252999869	0.0
height	annotated_credset_2914.txt	ENSG00000008283	CYB561	0	-0.6232042002129439	0.3575119785264531	0.3639584529603809	0.0333908651499564
height	annotated_credset_2914.txt	ENSG00000159640	ACE	0	-0.3728211215796888	0.7528033514788149	0.8819730023319937	0.1682950371830745
height	annotated_credset_2914.txt	ENSG00000264813	ACE	0	-0.7275604343247463	0.7605674434939669	0.1724943768418788	0.168302187644052
height	annotated_credset_2914.txt	ENSG00000173826	KCNH6	0	-0.5984179066056818	0.7662995760479643	0.3506915321182643	0.216798401609102
height	annotated_credset_2914.txt	ENSG00000136485	DCAF7	0	-0.4237782253151843	0.7662995760479643	0.590817623977824	0.2977791597952028
height	annotated_credset_2914.txt	ENSG00000136463	TACO1	0	-0.5877761579100368	0.9897649449364072	0.3599631438665492	0.3229595081276771
height	annotated_credset_2914.txt	ENSG00000198909	MAP3K3	0	-0.2742504637986946	0.9248676717758322	1.0	0.4801588174888243
height	annotated_credset_2914.txt	ENSG00000136490	LIMD2	0	-0.3263527225654103	0.998921305471239	0.758595722983231	0.4888627161137581
height	annotated_credset_2914.txt	ENSG00000266173	STRADA	0	-0.4517499351136863	0.7662995760479643	0.4629408156707978	0.5617938428543718
height	annotated_credset_2914.txt	ENSG00000125695	RP11-51F16.8	0	-0.7607811179651895	0.0	0.1579084544691341	0.579897022434307
height	annotated_credset_2914.txt	ENSG00000108588	CCDC47	0	-0.6830860363856784	0.953804279657828	0.1810901510983102	0.6232538425717363
height	annotated_credset_2914.txt	ENSG00000198231	DDX42	0	-0.4969156374212427	0.9258209367082256	0.5534309490271819	0.700060519162187
height	annotated_credset_2914.txt	ENSG00000108592	FTSJ3	0	-0.5942933351195295	0.9612297117627876	0.34484131557824	0.7191790642009356
height	annotated_credset_2914.txt	ENSG00000087191	PSMC5	0	-0.5632781262670703	0.9624589218071896	0.4080114933005535	0.7227668079964259
height	annotated_credset_2914.txt	ENSG00000108604	SMARCD2	0	-0.4288537842858858	0.7662995760479643	0.6563000318848096	0.7425128059859553
height	annotated_credset_2914.txt	ENSG00000213218	CSH2	0	-0.7268698004587432	0.7662995760479643	0.1528133896681843	0.7973943816039654
height	annotated_credset_2914.txt	ENSG00000136487	GH2	0	-0.6004413712133844	1.0	0.2751133071264922	0.8119974105353854
height	annotated_credset_2914.txt	ENSG00000136488	CSH1	0	-0.7401392266359736	0.0888668690264154	0.0247776024229762	0.8383218326242691
height	annotated_credset_2914.txt	ENSG00000204414	CSHL1	0	-0.6170154970437813	0.9542558262047512	0.0	0.877965775899101
height	annotated_credset_2914.txt	ENSG00000259384	GH1	1	-0.1830579945792645	0.998921305471239	0.8115877811512625	0.8779318112094575
height	annotated_credset_2914.txt	ENSG00000007312	CD79B	0	-0.3205019218852201	0.7662995760479643	0.4369931575497883	0.9021271835422732
height	annotated_credset_2914.txt	ENSG00000007314	SCN4A	0	-0.2043247542042883	0.7662995760479643	0.2618777434609683	0.9746400083156996
height	annotated_credset_2914.txt	ENSG00000224383	C17orf72	0	0.098662238201578	0.5644457266136518	0.0439383924725301	1.0
height	annotated_credset_2914.txt	ENSG00000108622	ICAM2	0	-0.1384142281362057	0.9497027318566088	0.4479566653175928	0.9924151485180542
height	annotated_credset_2914.txt	ENSG00000178607	ERN1	0	-0.098662238201578	0.7539823896846699	0.8828942284464305	0.9270813865660972
height	annotated_credset_2914.txt	ENSG00000136478	TEX2	0	-0.5695500129385846	0.621516192960891	0.2254045819494071	0.7338669928762291
height	annotated_credset_2914.txt	ENSG00000271605	MILR1	0	-0.7415780015728487	0.5284850613350727	0.1300641245859692	0.3102343570302536
height	annotated_credset_2914.txt	ENSG00000256525	POLG2	0	-0.5401889218331919	0.3659659333216266	0.4789412077484493	0.2881876982211946
height	annotated_credset_2914.txt	ENSG00000108654	DDX5	0	-0.516167642143016	0.4618066879060783	0.6536745124824999	0.2491604822056772
height	annotated_credset_2914.txt	ENSG00000258890	CEP95	0	-0.7545022659399739	0.4540425958909264	0.1770052648885839	0.2366972287217918
height	annotated_credset_2914.txt	ENSG00000108854	SMURF2	0	-0.3688257661517824	0.4164262599402955	0.7346590428539439	0.1728668511903664
height	annotated_credset_2915.txt	ENSG00000108588	CCDC47	0	-0.6093824140153613	0.9604344369722624	0.2059434294523754	0.0
height	annotated_credset_2915.txt	ENSG00000198231	DDX42	0	-0.4069217535837098	0.9364673527705564	0.6272286094923142	0.0591392151384058
height	annotated_credset_2915.txt	ENSG00000108592	FTSJ3	0	-0.524926175568632	0.966794147347614	0.39121976552247	0.0738600154434202
height	annotated_credset_2915.txt	ENSG00000087191	PSMC5	0	-0.4891892111492996	0.967846937240831	0.4626936943611347	0.0766224882075309
height	annotated_credset_2915.txt	ENSG00000108604	SMARCD2	0	-0.3487261162357743	0.7998410072406162	0.743619884188185	0.0918264115520086
height	annotated_credset_2915.txt	ENSG00000213218	CSH2	0	-0.6335612214589937	0.7998410072406162	0.1739496737417464	0.1340838486875157
height	annotated_credset_2915.txt	ENSG00000136487	GH2	0	-0.5539413038896749	1.0	0.3123259758603645	0.1453278148110934
height	annotated_credset_2915.txt	ENSG00000136488	CSH1	0	-0.7565542964310608	0.2196356057838988	0.0290835189147998	0.1655969597658986
height	annotated_credset_2915.txt	ENSG00000204414	CSHL1	0	-0.7200116141328211	0.9608211761167093	0.0010488883940916	0.1961218020627013
height	annotated_credset_2915.txt	ENSG00000259384	GH1	1	-0.2608759158660961	0.999076123154932	0.9193202849275416	0.1960956501033002
height	annotated_credset_2915.txt	ENSG00000007312	CD79B	0	-0.472793551972262	0.7998410072406162	0.4954850127152096	0.2147254801293283
height	annotated_credset_2915.txt	ENSG00000007314	SCN4A	0	-0.5718607629286475	0.7998410072406162	0.2973505908024385	0.2705585370318627
height	annotated_credset_2915.txt	ENSG00000224383	C17orf72	0	-0.723767408278142	0.6269578669187633	0.0507630042965649	0.3137588211247269
height	annotated_credset_2915.txt	ENSG00000108622	ICAM2	0	-0.4665912188281097	0.9569215564102014	0.5078896790035146	0.3362357420205554
height	annotated_credset_2915.txt	ENSG00000178607	ERN1	0	-0.2205360583298669	0.7892916228004211	1.0	0.4878964602634741
height	annotated_credset_2915.txt	ENSG00000136478	TEX2	0	-0.593451325005636	0.6758373976752681	0.256083014164331	0.6702471910730975
height	annotated_credset_2915.txt	ENSG00000271605	MILR1	0	-0.3003521823948006	0.5961583911651591	0.1482100065088044	0.8410594021111514
height	annotated_credset_2915.txt	ENSG00000256525	POLG2	0	-0.4909109615977379	0.456964527426251	0.5429471548671508	0.8801414408077928
height	annotated_credset_2915.txt	ENSG00000108654	DDX5	0	-0.3185976120974519	0.5390499108351418	0.7406492389614117	0.8955064051654249
height	annotated_credset_2915.txt	ENSG00000258890	CEP95	0	-0.4080577638897537	0.5324001461014546	0.2013215829292986	0.9426652700602732
height	annotated_credset_2915.txt	ENSG00000108854	SMURF2	0	0.2205360583298669	0.500182626818211	0.8322792259189548	1.0
height	annotated_credset_2915.txt	ENSG00000176809	LRRC37A3	0	-0.6866626520109943	0.0	0.1634836738666879	0.6280971146130268
height	annotated_credset_2915.txt	ENSG00000120063	GNA13	0	-0.679936317547874	0.3883075865328836	0.1823194766811734	0.4128210669173584
height	annotated_credset_2915.txt	ENSG00000108370	RGS9	0	-0.7222451619141564	0.4845841479921792	0.0	0.2384067675765254
height	annotated_credset_2916.txt	ENSG00000108588	CCDC47	0	-0.8418478043144911	0.9604344369722624	0.2059434294523754	0.0
height	annotated_credset_2916.txt	ENSG00000198231	DDX42	0	-0.637464715274899	0.9364673527705564	0.6272286094923142	0.059881522222695
height	annotated_credset_2916.txt	ENSG00000108592	FTSJ3	0	-0.7098800478662053	0.966794147347614	0.39121976552247	0.0747870959361365
height	annotated_credset_2916.txt	ENSG00000087191	PSMC5	0	-0.6158527210887798	0.967846937240831	0.4626936943611347	0.0775842428686168
height	annotated_credset_2916.txt	ENSG00000108604	SMARCD2	0	-0.3088926340640484	0.7998410072406162	0.743619884188185	0.0929790037137476
height	annotated_credset_2916.txt	ENSG00000213218	CSH2	0	-0.7982848004826413	0.7998410072406162	0.1739496737417464	0.1357668502379519
height	annotated_credset_2916.txt	ENSG00000136487	GH2	0	-0.7056751234681321	1.0	0.3123259758603645	0.147151949037868
height	annotated_credset_2916.txt	ENSG00000136488	CSH1	0	-0.9543124981239284	0.2196356057838988	0.0290835189147998	0.167675509440312
height	annotated_credset_2916.txt	ENSG00000204414	CSHL1	0	-0.8811226748459219	0.9608211761167093	0.0010488883940916	0.1985834952507833
height	annotated_credset_2916.txt	ENSG00000259384	GH1	1	-0.4914188775572853	0.999076123154932	0.9193202849275416	0.1985570150356776
height	annotated_credset_2916.txt	ENSG00000007312	CD79B	0	-0.6375171309959097	0.7998410072406162	0.4954850127152096	0.2174206840596542
height	annotated_credset_2916.txt	ENSG00000007314	SCN4A	0	-0.8024037246198368	0.7998410072406162	0.2973505908024385	0.2739545496147769
height	annotated_credset_2916.txt	ENSG00000224383	C17orf72	0	-0.947587025643312	0.6269578669187633	0.0507630042965649	0.317697077578318
height	annotated_credset_2916.txt	ENSG00000108622	ICAM2	0	-0.5736847357484859	0.9569215564102014	0.5078896790035146	0.3404561256138952
height	annotated_credset_2916.txt	ENSG00000178607	ERN1	0	-0.3176919312454213	0.7892916228004211	1.0	0.4940204677939366
height	annotated_credset_2916.txt	ENSG00000136478	TEX2	0	-0.8237693983720876	0.6758373976752681	0.256083014164331	0.6786600392482748
height	annotated_credset_2916.txt	ENSG00000271605	MILR1	0	-0.9062677327204808	0.5961583911651591	0.1482100065088044	0.8516162610588748
height	annotated_credset_2916.txt	ENSG00000256525	POLG2	0	-0.6066708746591664	0.456964527426251	0.5429471548671508	0.8911888519910351
height	annotated_credset_2916.txt	ENSG00000108654	DDX5	0	-0.21892738466358	0.5390499108351418	0.7406492389614117	0.9067466752133956
height	annotated_credset_2916.txt	ENSG00000258890	CEP95	0	-0.4900622553126933	0.5324001461014546	0.2013215829292986	0.9544974715266196
height	annotated_credset_2916.txt	ENSG00000108854	SMURF2	0	0.21892738466358	0.500182626818211	0.8322792259189548	1.0
height	annotated_credset_2916.txt	ENSG00000176809	LRRC37A3	0	-0.8626935897764022	0.0	0.1634836738666879	0.6108771831615132
height	annotated_credset_2916.txt	ENSG00000120063	GNA13	0	-0.8998299557756232	0.3883075865328836	0.1823194766811734	0.3928990208891075
height	annotated_credset_2916.txt	ENSG00000108370	RGS9	0	-0.99098969411621	0.4845841479921792	0.0	0.2162954978715812
height	annotated_credset_2917.txt	ENSG00000108604	SMARCD2	0	-0.3072859273510392	0.7998410072406162	0.743619884188185	0.0
height	annotated_credset_2917.txt	ENSG00000213218	CSH2	0	-0.6008498943830355	0.7998410072406162	0.1739496737417464	0.041613747541548
height	annotated_credset_2917.txt	ENSG00000136487	GH2	0	-0.5205327216791341	1.0	0.3123259758603645	0.0526864391042627
height	annotated_credset_2917.txt	ENSG00000136488	CSH1	0	-0.728938749250885	0.2196356057838988	0.0290835189147998	0.07264683278189
height	annotated_credset_2917.txt	ENSG00000204414	CSHL1	0	-0.6873002870568629	0.9608211761167093	0.0010488883940916	0.1027067031193028
height	annotated_credset_2917.txt	ENSG00000259384	GH1	1	-0.2281645887901379	0.999076123154932	0.9193202849275416	0.102680949521593
height	annotated_credset_2917.txt	ENSG00000007312	CD79B	0	-0.4400822248963038	0.7998410072406162	0.4954850127152096	0.1210269992585674
height	annotated_credset_2917.txt	ENSG00000007314	SCN4A	0	-0.5391494358526893	0.7998410072406162	0.2973505908024385	0.176009574916538
height	annotated_credset_2917.txt	ENSG00000224383	C17orf72	0	-0.6929684366251575	0.6269578669187633	0.0507630042965649	0.2185518074281508
height	annotated_credset_2917.txt	ENSG00000108622	ICAM2	0	-0.4338798917521514	0.9569215564102014	0.5078896790035146	0.240686346933492
height	annotated_credset_2917.txt	ENSG00000178607	ERN1	0	-0.1878247312539086	0.7892916228004211	1.0	0.3900368818628255
height	annotated_credset_2917.txt	ENSG00000136478	TEX2	0	-0.5632860699359034	0.6758373976752681	0.256083014164331	0.569609941430897
height	annotated_credset_2917.txt	ENSG00000271605	MILR1	0	-0.6562123560970406	0.5961583911651591	0.1482100065088044	0.7378202425988905
height	annotated_credset_2917.txt	ENSG00000256525	POLG2	0	-0.2049437308009239	0.456964527426251	0.5429471548671508	0.776306961197461
height	annotated_credset_2917.txt	ENSG00000108654	DDX5	0	-0.363875863268564	0.5390499108351418	0.7406492389614117	0.7914378775782401
height	annotated_credset_2917.txt	ENSG00000258890	CEP95	0	-0.6335396912846206	0.5324001461014546	0.2013215829292986	0.8378783915116141
height	annotated_credset_2917.txt	ENSG00000108854	SMURF2	0	0.1878247312539086	0.500182626818211	0.8322792259189548	1.0
height	annotated_credset_2917.txt	ENSG00000176809	LRRC37A3	0	-0.6540930051756672	0.0	0.1634836738666879	0.7504178182365292
height	annotated_credset_2917.txt	ENSG00000120063	GNA13	0	-0.6523207703676982	0.3883075865328836	0.1823194766811734	0.5384209791517849
height	annotated_credset_2917.txt	ENSG00000108370	RGS9	0	-0.7434805087082849	0.4845841479921792	0.0	0.3666634587623905
height	annotated_credset_2976.txt	ENSG00000134489	HRH4	0	-0.7156797051429749	0.0	0.0	0.0
height	annotated_credset_2976.txt	ENSG00000198795	ZNF521	1	0.7156797051429749	1.0	1.0	1.0
height	annotated_credset_2977.txt	ENSG00000198795	ZNF521	1	0.3974302411079407	1.0	1.0	1.0
height	annotated_credset_3020.txt	ENSG00000176533	GNG7	0	-0.5218357094680877	0.6750358390372927	0.5611919272139555	0.0920870248495658
height	annotated_credset_3020.txt	ENSG00000176490	DIRAS1	0	-0.8737441391100762	0.135705069961839	0.1192992155358744	0.11940737046822
height	annotated_credset_3020.txt	ENSG00000267001	AC006538.4	0	-0.7989917392920478	0.1369656954792335	0.2688040151719311	0.1466123541058023
height	annotated_credset_3020.txt	ENSG00000141873	SLC39A3	0	-0.7404985845970171	0.2916086175217558	0.3857903245619927	0.1467642230429096
height	annotated_credset_3020.txt	ENSG00000104969	SGTA	0	-0.7245689716357564	0.3337674399822319	0.4176495504845142	0.2098759883586728
height	annotated_credset_3020.txt	ENSG00000172009	THOP1	0	-0.6865196593633578	0.4317241100813698	0.4937481750293109	0.2540201995966821
height	annotated_credset_3020.txt	ENSG00000172006	ZNF554	0	-0.8540636787418809	0.3602580410685081	0.1586601362722648	0.2863974887653604
height	annotated_credset_3020.txt	ENSG00000186300	ZNF555	0	-0.8556896575741724	0.2983827003452662	0.1554081786076818	0.3224824243889941
height	annotated_credset_3020.txt	ENSG00000172000	ZNF556	0	-0.856550181916552	0.2464009530155269	0.1536871299229227	0.348815621916451
height	annotated_credset_3020.txt	ENSG00000171970	ZNF57	0	-0.8749027270315475	0.0	0.1169820396929316	0.4071668801651977
height	annotated_credset_3020.txt	ENSG00000175691	ZNF77	0	-0.7900161384149555	0.2356270317200718	0.1861490138468917	0.4458569521715178
height	annotated_credset_3020.txt	ENSG00000104953	TLE6	0	-0.7033323945869456	0.2645425727381024	0.3620849848555728	0.5191746021165383
height	annotated_credset_3020.txt	ENSG00000065717	TLE2	0	-0.6825245173340231	0.4203161911684536	0.4977759423033124	0.5957749575482623
height	annotated_credset_3020.txt	ENSG00000104964	AES	0	-0.69245989178922	0.2694792739313909	0.4441310558959706	0.6183683824994525
height	annotated_credset_3020.txt	ENSG00000088256	GNA11	0	-0.6364099723133287	0.2770811880388475	0.5401327531775261	0.7072949465669699
height	annotated_credset_3020.txt	ENSG00000060558	GNA15	0	-0.8634254637015912	0.2641387525995921	0.0	0.7653629108368819
height	annotated_credset_3020.txt	ENSG00000125910	S1PR4	0	-0.6547957313314599	0.010620469642821	0.3032373290057049	0.7895480390712156
height	annotated_credset_3020.txt	ENSG00000125912	NCLN	0	-0.3995058391505841	0.4938215518807923	0.4314051565803468	0.8322524159631887
height	annotated_credset_3020.txt	ENSG00000161082	CELF5	0	-0.7583869777328283	0.3340602095826519	0.1835573157561902	0.9600282223653404
height	annotated_credset_3020.txt	ENSG00000141905	NFIC	0	0.3861022886978533	1.0	1.0	1.0
height	annotated_credset_3020.txt	ENSG00000095932	C19orf77	0	-0.5492991015539304	0.6833040563732913	0.38912806857175	0.8322958056428071
height	annotated_credset_3020.txt	ENSG00000129932	DOHH	0	-0.5872060368410001	0.5298221172289862	0.4633245453639433	0.808326798588203
height	annotated_credset_3020.txt	ENSG00000105325	FZR1	0	-0.4736346463496552	0.4677347709330265	0.6888950750267477	0.7857625792018411
height	annotated_credset_3020.txt	ENSG00000161091	MFSD12	0	-0.4142556637937065	0.7246754295636724	0.3855290119327737	0.7390511988154223
height	annotated_credset_3020.txt	ENSG00000183397	C19orf71	0	-0.7691446797971582	0.4677246754295636	0.3109682889239784	0.7377471703458377
height	annotated_credset_3020.txt	ENSG00000064961	HMG20B	1	-0.3861022886978533	0.6001372988470935	0.6190525303892506	0.6886482350347035
height	annotated_credset_3020.txt	ENSG00000179855	GIPC3	0	-0.7718074327709015	0.3794092111373594	0.2038604610465601	0.6699917202223712
height	annotated_credset_3020.txt	ENSG00000006638	TBXA2R	0	-0.7549062770764219	0.3500312960607345	0.3530124228185149	0.6569178491269727
height	annotated_credset_3020.txt	ENSG00000105298	CACTIN	0	-0.7634298927944205	0.2438265996325236	0.3359651913825178	0.6333562597017236
height	annotated_credset_3020.txt	ENSG00000186111	PIP5K1C	0	-0.7884191226840551	0.3196034486239829	0.2859867316032484	0.6048195023079698
height	annotated_credset_3020.txt	ENSG00000105289	TJP3	0	-0.8436680908447256	0.35876390655602	0.1054283037200178	0.4910258600673772
height	annotated_credset_3020.txt	ENSG00000011132	APBA3	0	-0.7248825361351281	0.0338603186140892	0.3800059105223304	0.4286573763764947
height	annotated_credset_3020.txt	ENSG00000183617	MRPL54	0	-0.7413635862217616	0.3366042764552668	0.3840603213125033	0.4113603806069208
height	annotated_credset_3020.txt	ENSG00000173976	RAX2	0	-0.8758501981634101	0.1648020271770953	0.1150870974292065	0.4019780929058222
height	annotated_credset_3020.txt	ENSG00000007264	MATK	0	-0.8647052015254619	0.3685363539079694	0.1003605797416629	0.3890049810090815
height	annotated_credset_3020.txt	ENSG00000105278	ZFR2	0	-0.7043112976864156	0.2306883114260908	0.4581648983831957	0.3509632725419501
height	annotated_credset_3020.txt	ENSG00000167654	ATCAY	0	-0.847742823106957	0.460001615280554	0.1713018475421128	0.2402157707129516
height	annotated_credset_3020.txt	ENSG00000077009	NMRK2	0	-0.8650021161121666	0.2054303713126173	0.1367832615316935	0.1624720174181988
height	annotated_credset_3020.txt	ENSG00000167657	DAPK3	0	-0.6676442520308634	0.14221061239324	0.5314989896942998	0.1254539639983002
height	annotated_credset_3020.txt	ENSG00000167658	EEF2	0	-0.5620118063432851	0.7537403840329517	0.6742759984553209	0.0997486861146522
height	annotated_credset_3020.txt	ENSG00000105229	PIAS4	0	-0.6086851184250717	0.7526096876451229	0.5809293742917477	0.053618496468317
height	annotated_credset_3020.txt	ENSG00000205147	AC016586.1	0	-0.7989917392920478	0.1369656954792335	0.2688040151719311	0.0047240001109811
height	annotated_credset_3020.txt	ENSG00000178951	ZBTB7A	0	-0.5395153892849265	0.7537403840329517	0.7128626445608686	0.0
height	annotated_credset_3021.txt	ENSG00000176533	GNG7	0	-0.4870556325536862	0.6750358390372927	0.5611919272139555	0.0662901885835149
height	annotated_credset_3021.txt	ENSG00000176490	DIRAS1	0	-0.7554481200989644	0.135705069961839	0.1192992155358744	0.0936105342021691
height	annotated_credset_3021.txt	ENSG00000267001	AC006538.4	0	-0.6806957202809362	0.1369656954792335	0.2688040151719311	0.1208155178397514
height	annotated_credset_3021.txt	ENSG00000141873	SLC39A3	0	-0.4772823952787458	0.2916086175217558	0.3857903245619927	0.1209673867768586
height	annotated_credset_3021.txt	ENSG00000104969	SGTA	0	-0.5195252466882126	0.3337674399822319	0.4176495504845142	0.1840791520926219
height	annotated_credset_3021.txt	ENSG00000172009	THOP1	0	-0.5397014469203919	0.4317241100813698	0.4937481750293109	0.2282233633306312
height	annotated_credset_3021.txt	ENSG00000172006	ZNF554	0	-0.7357676597307693	0.3602580410685081	0.1586601362722648	0.2606006524993094
height	annotated_credset_3021.txt	ENSG00000186300	ZNF555	0	-0.6259208530901909	0.2983827003452662	0.1554081786076818	0.2966855881229431
height	annotated_credset_3021.txt	ENSG00000172000	ZNF556	0	-0.6043761106707907	0.2464009530155269	0.1536871299229227	0.3230187856504
height	annotated_credset_3021.txt	ENSG00000171970	ZNF57	0	-0.7318568925564161	0.0	0.1169820396929316	0.3813700438991467
height	annotated_credset_3021.txt	ENSG00000175691	ZNF77	0	-0.5839790424575856	0.2356270317200718	0.1861490138468917	0.4200601159054668
height	annotated_credset_3021.txt	ENSG00000104953	TLE6	0	-0.6340552354391152	0.2645425727381024	0.3620849848555728	0.4933777658504873
height	annotated_credset_3021.txt	ENSG00000065717	TLE2	0	-0.456870698316045	0.4203161911684536	0.4977759423033124	0.5699781212822114
height	annotated_credset_3021.txt	ENSG00000104964	AES	0	-0.4550802894231583	0.2694792739313909	0.4441310558959706	0.5925715462334016
height	annotated_credset_3021.txt	ENSG00000088256	GNA11	0	-0.5341422979334122	0.2770811880388475	0.5401327531775261	0.681498110300919
height	annotated_credset_3021.txt	ENSG00000060558	GNA15	0	-0.7831555391271251	0.2641387525995921	0.0	0.7395660745708309
height	annotated_credset_3021.txt	ENSG00000125910	S1PR4	0	-0.6558313702068533	0.010620469642821	0.3032373290057049	0.7637512028051647
height	annotated_credset_3021.txt	ENSG00000125912	NCLN	0	-0.454354220259254	0.4938215518807923	0.4314051565803468	0.8064555796971377
height	annotated_credset_3021.txt	ENSG00000161082	CELF5	0	-0.4330058857274846	0.3340602095826519	0.1835573157561902	0.9342313860992896
height	annotated_credset_3021.txt	ENSG00000141905	NFIC	0	0.2747813676874501	1.0	1.0	1.0
height	annotated_credset_3021.txt	ENSG00000095932	C19orf77	0	-0.2796720750621974	0.6833040563732913	0.38912806857175	0.8322958056428071
height	annotated_credset_3021.txt	ENSG00000129932	DOHH	0	-0.3330980332908565	0.5298221172289862	0.4633245453639433	0.808326798588203
height	annotated_credset_3021.txt	ENSG00000105325	FZR1	0	-0.3306454958917052	0.4677347709330265	0.6888950750267477	0.7857625792018411
height	annotated_credset_3021.txt	ENSG00000161091	MFSD12	0	-0.3908899955630819	0.7246754295636724	0.3855290119327737	0.7390511988154223
height	annotated_credset_3021.txt	ENSG00000183397	C19orf71	0	-0.5328501799892326	0.4677246754295636	0.3109682889239784	0.7377471703458377
height	annotated_credset_3021.txt	ENSG00000064961	HMG20B	1	-0.3650193591528367	0.6001372988470935	0.6190525303892506	0.6886482350347035
height	annotated_credset_3021.txt	ENSG00000179855	GIPC3	0	-0.5725988237329344	0.3794092111373594	0.2038604610465601	0.6699917202223712
height	annotated_credset_3021.txt	ENSG00000006638	TBXA2R	0	-0.5102760080920131	0.3500312960607345	0.3530124228185149	0.6569178491269727
height	annotated_credset_3021.txt	ENSG00000105298	CACTIN	0	-0.4809147923814839	0.2438265996325236	0.3359651913825178	0.6333562597017236
height	annotated_credset_3021.txt	ENSG00000186111	PIP5K1C	0	-0.5304515991754154	0.3196034486239829	0.2859867316032484	0.6048195023079698
height	annotated_credset_3021.txt	ENSG00000105289	TJP3	0	-0.6569998818349873	0.35876390655602	0.1054283037200178	0.4910258600673772
height	annotated_credset_3021.txt	ENSG00000011132	APBA3	0	-0.524551929263909	0.0338603186140892	0.3800059105223304	0.4286573763764947
height	annotated_credset_3021.txt	ENSG00000183617	MRPL54	0	-0.5072773788981194	0.3366042764552668	0.3840603213125033	0.4113603806069208
height	annotated_credset_3021.txt	ENSG00000173976	RAX2	0	-0.7575541791522985	0.1648020271770953	0.1150870974292065	0.4019780929058222
height	annotated_credset_3021.txt	ENSG00000007264	MATK	0	-0.6792698549882578	0.3685363539079694	0.1003605797416629	0.3890049810090815
height	annotated_credset_3021.txt	ENSG00000105278	ZFR2	0	-0.561265463211284	0.2306883114260908	0.4581648983831957	0.3509632725419501
height	annotated_credset_3021.txt	ENSG00000167654	ATCAY	0	-0.593461370040517	0.460001615280554	0.1713018475421128	0.2402157707129516
height	annotated_credset_3021.txt	ENSG00000077009	NMRK2	0	-0.5107915687311514	0.2054303713126173	0.1367832615316935	0.1624720174181988
height	annotated_credset_3021.txt	ENSG00000167657	DAPK3	0	-0.5208260395878975	0.14221061239324	0.5314989896942998	0.1254539639983002
height	annotated_credset_3021.txt	ENSG00000167658	EEF2	0	-0.4305135969330035	0.7537403840329517	0.6742759984553209	0.0997486861146522
height	annotated_credset_3021.txt	ENSG00000105229	PIAS4	0	-0.394266417319386	0.7526096876451229	0.5809293742917477	0.053618496468317
height	annotated_credset_3021.txt	ENSG00000205147	AC016586.1	0	-0.6806957202809362	0.1369656954792335	0.2688040151719311	0.0047240001109811
height	annotated_credset_3021.txt	ENSG00000178951	ZBTB7A	0	-0.2747813676874501	0.7537403840329517	0.7128626445608686	0.0
height	annotated_credset_3022.txt	ENSG00000172006	ZNF554	0	-0.8671338037843959	0.3602580410685081	0.1665300997827305	0.0763714164175581
height	annotated_credset_3022.txt	ENSG00000186300	ZNF555	0	-0.868145191394646	0.2983827003452662	0.1633285831071521	0.1105392537680885
height	annotated_credset_3022.txt	ENSG00000172000	ZNF556	0	-0.8689923681773801	0.2464009530155269	0.1616342295416838	0.1354734373681902
height	annotated_credset_3022.txt	ENSG00000171970	ZNF57	0	-0.8870602476780489	0.0	0.1254984705403462	0.190724645845785
height	annotated_credset_3022.txt	ENSG00000175691	ZNF77	0	-0.8028484841711919	0.2356270317200718	0.1935925984451736	0.2273592154950223
height	annotated_credset_3022.txt	ENSG00000104953	TLE6	0	-0.770021946119077	0.2645425727381024	0.3667996334422255	0.29678169041289
height	annotated_credset_3022.txt	ENSG00000065717	TLE2	0	-0.6149791922045785	0.4203161911684536	0.5003858937202583	0.3693124692587248
height	annotated_credset_3022.txt	ENSG00000104964	AES	0	-0.6342415596248602	0.2694792739313909	0.4475730910620069	0.3907055646206044
height	annotated_credset_3022.txt	ENSG00000088256	GNA11	0	-0.6090140541080112	0.2770811880388475	0.5420857097464615	0.4749076928685607
height	annotated_credset_3022.txt	ENSG00000060558	GNA15	0	-0.9470390494242754	0.2641387525995921	0.0103309347206227	0.529890658035646
height	annotated_credset_3022.txt	ENSG00000125910	S1PR4	0	-0.7482670215811499	0.010620469642821	0.308864761296156	0.552790893647296
height	annotated_credset_3022.txt	ENSG00000125912	NCLN	0	-0.6809102527901881	0.4938215518807923	0.4350445826762973	0.593226498660404
height	annotated_credset_3022.txt	ENSG00000161082	CELF5	0	-0.7307852479092255	0.3340602095826519	0.1910411000828758	0.7142139105825748
height	annotated_credset_3022.txt	ENSG00000141905	NFIC	0	0.1488089522459125	1.0	0.9948199735682008	0.952232836945638
height	annotated_credset_3022.txt	ENSG00000095932	C19orf77	0	-0.3283811454351909	0.6833040563732913	0.3934232529374394	0.9678918858710056
height	annotated_credset_3022.txt	ENSG00000129932	DOHH	0	-0.5105564803327248	0.5298221172289862	0.4664688710604623	0.996096149003866
height	annotated_credset_3022.txt	ENSG00000105325	FZR1	0	-0.257083165324358	0.4677347709330265	0.6885405850005358	1.0
height	annotated_credset_3022.txt	ENSG00000161091	MFSD12	0	-0.3835080975300927	0.7246754295636724	0.3898800211261756	0.9557702731104056
height	annotated_credset_3022.txt	ENSG00000183397	C19orf71	0	-0.6777801138912115	0.4677246754295636	0.3164758065954662	0.9545355242635754
height	annotated_credset_3022.txt	ENSG00000064961	HMG20B	1	-0.1488089522459125	0.6001372988470935	0.6197813653596972	0.9080450869993252
height	annotated_credset_3022.txt	ENSG00000179855	GIPC3	0	-0.6670841323195312	0.3794092111373594	0.2110293240753748	0.890379744035043
height	annotated_credset_3022.txt	ENSG00000006638	TBXA2R	0	-0.7111675859375522	0.3500312960607345	0.3578677955624774	0.8780004535247724
height	annotated_credset_3022.txt	ENSG00000105298	CACTIN	0	-0.7244354865909247	0.2438265996325236	0.3410849830710403	0.8556906297357388
height	annotated_credset_3022.txt	ENSG00000186111	PIP5K1C	0	-0.7522959338549619	0.3196034486239829	0.291881737239865	0.8286699556430649
height	annotated_credset_3022.txt	ENSG00000105289	TJP3	0	-0.8647200956140115	0.35876390655602	0.1141239441172736	0.7209218720617678
height	annotated_credset_3022.txt	ENSG00000011132	APBA3	0	-0.7071768452101229	0.0338603186140892	0.3844425883271506	0.6618668628253487
height	annotated_credset_3022.txt	ENSG00000183617	MRPL54	0	-0.6881616330546473	0.3366042764552668	0.3884341113090612	0.6454888112120173
height	annotated_credset_3022.txt	ENSG00000173976	RAX2	0	-0.9115724412812024	0.1648020271770953	0.1236329206524598	0.6366049799232326
height	annotated_credset_3022.txt	ENSG00000007264	MATK	0	-0.8524801483612536	0.3685363539079694	0.1091348254086782	0.6243210955388648
height	annotated_credset_3022.txt	ENSG00000105278	ZFR2	0	-0.7210459266478585	0.2306883114260908	0.4613892551635933	0.5883004435693506
height	annotated_credset_3022.txt	ENSG00000167654	ATCAY	0	-0.8639338998601039	0.460001615280554	0.1789757259601717	0.4834366669247703
height	annotated_credset_3022.txt	ENSG00000077009	NMRK2	0	-0.8230093202437981	0.2054303713126173	0.1449925563963966	0.4098232359545591
height	annotated_credset_3022.txt	ENSG00000167657	DAPK3	0	-0.6866288307235785	0.14221061239324	0.5335858642332227	0.3747718549163192
height	annotated_credset_3022.txt	ENSG00000167658	EEF2	0	-0.5109773475344125	0.7537403840329517	0.6741482643578928	0.3504322312312645
height	annotated_credset_3022.txt	ENSG00000105229	PIAS4	0	-0.5643040977787833	0.7526096876451229	0.5822495360554305	0.3067528179374579
height	annotated_credset_3022.txt	ENSG00000205147	AC016586.1	0	-0.839637977789016	0.1369656954792335	0.274965541255607	0.2604559583199672
height	annotated_credset_3022.txt	ENSG00000178951	ZBTB7A	0	-0.4880156396818927	0.7537403840329517	0.712136394494695	0.2559829319823457
height	annotated_credset_3022.txt	ENSG00000126934	MAP2K2	0	-0.2894560607833051	0.9245865891332	1.0	0.1924383040385827
height	annotated_credset_3022.txt	ENSG00000060566	CREB3L3	0	-0.6629272443779396	0.814222545278333	0.5287561754056407	0.104942590400761
height	annotated_credset_3022.txt	ENSG00000077463	SIRT6	0	-0.4903802609199336	0.6788418438427524	0.7240133636809055	0.0765862305454465
height	annotated_credset_3022.txt	ENSG00000089847	ANKRD24	0	-0.7763719459866051	0.5581702909524098	0.3948463225499429	0.0638031923719345
height	annotated_credset_3022.txt	ENSG00000105246	EBI3	0	-0.9549821528357648	0.1174096957215256	0.0	0.0
height	annotated_credset_3025.txt	ENSG00000089847	ANKRD24	0	-0.52311280984687	0.6207636629748295	0.4181133573190707	0.050418579869422
height	annotated_credset_3025.txt	ENSG00000105246	EBI3	0	-0.8013086710740018	0.0837876896396922	0.0	0.0705652763746658
height	annotated_credset_3025.txt	ENSG00000105248	CCDC94	0	-0.6211058555423299	0.1540363198061631	0.3077995252589006	0.1205620991323121
height	annotated_credset_3025.txt	ENSG00000105251	SHD	0	-0.6054596919487127	0.4063009267515728	0.391697958250578	0.1548354051159909
height	annotated_credset_3025.txt	ENSG00000167664	TMIGD2	0	-0.7561100006825854	0.0	0.0017123050772664	0.1733820258588461
height	annotated_credset_3025.txt	ENSG00000105255	FSD1	0	-0.6143276449304702	0.1975991784073648	0.328313596667251	0.207303632021485
height	annotated_credset_3025.txt	ENSG00000178078	STAP2	0	-0.6840491578989314	0.0862610770489081	0.1888705707303289	0.2373137658501264
height	annotated_credset_3025.txt	ENSG00000008382	MPND	0	-0.606675965097367	0.2926185805388319	0.3436169563334578	0.2647210041563871
height	annotated_credset_3025.txt	ENSG00000141985	SH3GL1	0	-0.1867533199073754	0.644304505845238	0.6497089708421641	0.3288206728910469
height	annotated_credset_3025.txt	ENSG00000167670	CHAF1A	0	-0.3139424118859566	0.5847144412124642	0.685281396092155	0.3992731176724179
height	annotated_credset_3025.txt	ENSG00000167671	UBXN6	0	-0.481170504803186	0.5131079693255685	0.4902534681998959	0.419557642485907
height	annotated_credset_3025.txt	ENSG00000167674	HDGFRP2	0	-0.34993005238268	0.4944868428335107	0.5042236546952654	0.4899039436275949
height	annotated_credset_3025.txt	ENSG00000167676	PLIN4	0	-0.6826155837308701	0.2983746487015024	0.1786314921453699	0.5144484721292653
height	annotated_credset_3025.txt	ENSG00000214456	PLIN5	0	-0.56278988118956	0.2792615505716095	0.2104487726628657	0.5422042417897096
height	annotated_credset_3025.txt	ENSG00000267385	CTB-50L17.14	0	-0.6269745363752168	0.1076126461309505	0.2911683838384882	0.5498766842820345
height	annotated_credset_3025.txt	ENSG00000171236	LRG1	0	-0.605781184804338	0.2592137063298301	0.059829338918112	0.5505214672872742
height	annotated_credset_3025.txt	ENSG00000167680	SEMA6B	0	-0.5449409149001219	0.1802645577482458	0.2305084730106015	0.5811510363863057
height	annotated_credset_3025.txt	ENSG00000185361	TNFAIP8L1	0	-0.4649420644974837	0.3996470103498534	0.3919834153319914	0.7328572294618851
height	annotated_credset_3025.txt	ENSG00000074842	C19orf10	0	-0.4671502911830321	0.3088659438783354	0.4093267104197566	0.7563070526647331
height	annotated_credset_3025.txt	ENSG00000142002	DPP9	0	0.1002318815849716	0.2879202513975069	0.4818881255053249	0.8423356805112576
height	annotated_credset_3025.txt	ENSG00000141965	FEM1A	0	-0.2675748348900355	0.0539323907976705	0.3333201236923955	0.9546356512960896
height	annotated_credset_3025.txt	ENSG00000127666	TICAM1	0	-0.4111394512731892	0.1771749758626415	0.2411164375722063	1.0
height	annotated_credset_3025.txt	ENSG00000105355	PLIN3	0	-0.4594751659183118	0.3286309044283597	0.3454681100886019	0.9775876741826128
height	annotated_credset_3025.txt	ENSG00000205784	ARRDC5	0	-0.3466910175591362	0.741087626298344	0.2158730710067819	0.8950554495119217
height	annotated_credset_3025.txt	ENSG00000127663	KDM4B	0	-0.1002318815849716	1.0	0.5857523357682216	0.7704143003221318
height	annotated_credset_3025.txt	ENSG00000105426	PTPRS	0	-0.1645774637032437	0.7314572814877223	1.0	0.470390589473695
height	annotated_credset_3025.txt	ENSG00000105428	ZNRF4	0	-0.7384408197367455	0.0756935262682106	0.1257357026745127	0.0
height	annotated_credset_3026.txt	ENSG00000077463	SIRT6	0	0.1106260850934091	0.7677770876508969	0.766677162592053	0.0
height	annotated_credset_3026.txt	ENSG00000089847	ANKRD24	0	-0.7013327718124913	0.6207636629748295	0.4181133573190707	0.0586023729726577
height	annotated_credset_3026.txt	ENSG00000105246	EBI3	0	-0.9303856763059196	0.0837876896396922	0.0	0.0762580559172986
height	annotated_credset_3026.txt	ENSG00000105248	CCDC94	0	-0.7764859136764692	0.1540363198061631	0.3077995252589006	0.120073082892994
height	annotated_credset_3026.txt	ENSG00000105251	SHD	0	-0.7345366971806304	0.4063009267515728	0.391697958250578	0.150108708026623
height	annotated_credset_3026.txt	ENSG00000167664	TMIGD2	0	-0.9295295237672864	0.0	0.0017123050772664	0.1663621546125246
height	annotated_credset_3026.txt	ENSG00000105255	FSD1	0	-0.7662288779722939	0.1975991784073648	0.328313596667251	0.196089565417797
height	annotated_credset_3026.txt	ENSG00000178078	STAP2	0	-0.8359503909407551	0.0862610770489081	0.1888705707303289	0.2223891330847256
height	annotated_credset_3026.txt	ENSG00000008382	MPND	0	-0.7585771981391907	0.2926185805388319	0.3436169563334578	0.2464076370512496
height	annotated_credset_3026.txt	ENSG00000141985	SH3GL1	0	-0.5639140954144091	0.644304505845238	0.6497089708421641	0.3025817809234767
height	annotated_credset_3026.txt	ENSG00000167670	CHAF1A	0	-0.5845302017438814	0.5847144412124642	0.685281396092155	0.3643232196457479
height	annotated_credset_3026.txt	ENSG00000167671	UBXN6	0	-0.6852589422059716	0.5131079693255685	0.4902534681998959	0.3820996892866365
height	annotated_credset_3026.txt	ENSG00000167674	HDGFRP2	0	-0.6782738489582867	0.4944868428335107	0.5042236546952654	0.4437481083692685
height	annotated_credset_3026.txt	ENSG00000167676	PLIN4	0	-0.8410699302332345	0.2983746487015024	0.1786314921453699	0.4652578587711967
height	annotated_credset_3026.txt	ENSG00000214456	PLIN5	0	-0.6622347948992608	0.2792615505716095	0.2104487726628657	0.4895818003604164
height	annotated_credset_3026.txt	ENSG00000267385	CTB-50L17.14	0	-0.7848014843866754	0.1076126461309505	0.2911683838384882	0.4963055931182127
height	annotated_credset_3026.txt	ENSG00000171236	LRG1	0	-0.7746429195169989	0.2592137063298301	0.059829338918112	0.4968706527201997
height	annotated_credset_3026.txt	ENSG00000167680	SEMA6B	0	-0.6893033524707541	0.1802645577482458	0.2305084730106015	0.5237130663438283
height	annotated_credset_3026.txt	ENSG00000185361	TNFAIP8L1	0	-0.73194165473993	0.3996470103498534	0.3919834153319914	0.6566617333862759
height	annotated_credset_3026.txt	ENSG00000074842	C19orf10	0	-0.7232700071960472	0.3088659438783354	0.4093267104197566	0.6772121319823735
height	annotated_credset_3026.txt	ENSG00000142002	DPP9	0	-0.6826541942341042	0.2879202513975069	0.4818881255053249	0.7526038557334807
height	annotated_credset_3026.txt	ENSG00000141965	FEM1A	0	-0.7557884215428516	0.0539323907976705	0.3333201236923955	0.8510186344716901
height	annotated_credset_3026.txt	ENSG00000127666	TICAM1	0	-0.8018902646029462	0.1771749758626415	0.2411164375722063	0.90120064752776
height	annotated_credset_3026.txt	ENSG00000105355	PLIN3	0	-0.543994778553031	0.3286309044283597	0.3454681100886019	0.9512702040045647
height	annotated_credset_3026.txt	ENSG00000205784	ARRDC5	0	-0.2157024076138993	0.741087626298344	0.2158730710067819	1.0
height	annotated_credset_3026.txt	ENSG00000127663	KDM4B	0	-0.1106260850934091	1.0	0.5857523357682216	0.9763865440591812
height	annotated_credset_3026.txt	ENSG00000105426	PTPRS	0	-0.2987614545041617	0.7314572814877223	1.0	0.7134588966785864
height	annotated_credset_3026.txt	ENSG00000105428	ZNRF4	0	-0.8675178249686631	0.0756935262682106	0.1257357026745127	0.3012291742658513
height	annotated_credset_3026.txt	ENSG00000130254	SAFB2	0	-0.6168426024258715	0.471056693581615	0.6270861477600961	0.1185441554259034
height	annotated_credset_3026.txt	ENSG00000160633	SAFB	0	-0.6368642810661127	0.4384635725750411	0.584122758932067	0.0685134728283508
height	annotated_credset_3027.txt	ENSG00000105248	CCDC94	0	-0.7152671412877787	0.1540363198061631	0.3066122338664356	0.0012909782566336
height	annotated_credset_3027.txt	ENSG00000105251	SHD	0	-0.4579673462416723	0.4063009267515728	0.390654572982086	0.0310788269673992
height	annotated_credset_3027.txt	ENSG00000167664	TMIGD2	0	-0.8685732582209966	0.0	0.0	0.0471981920805051
height	annotated_credset_3027.txt	ENSG00000105255	FSD1	0	-0.7049925122841936	0.1975991784073648	0.3271614918736058	0.0766803690517037
height	annotated_credset_3027.txt	ENSG00000178078	STAP2	0	-0.7748336145266264	0.0862610770489081	0.1874792873887405	0.1027629805950166
height	annotated_credset_3027.txt	ENSG00000008382	MPND	0	-0.6973277079677431	0.2926185805388319	0.3424911005065072	0.1265833458855891
height	annotated_credset_3027.txt	ENSG00000141985	SH3GL1	0	-0.5149804624757954	0.644304505845238	0.6491081369234467	0.1822940857712452
height	annotated_credset_3027.txt	ENSG00000167670	CHAF1A	0	-0.5239593082721955	0.5847144412124642	0.6847415774946481	0.2435261935652942
height	annotated_credset_3027.txt	ENSG00000167671	UBXN6	0	-0.6238836934756142	0.5131079693255685	0.4893791294907648	0.2611560176797733
height	annotated_credset_3027.txt	ENSG00000167674	HDGFRP2	0	-0.6168866191019535	0.4944868428335107	0.5033732782380863	0.3222958731920611
height	annotated_credset_3027.txt	ENSG00000167676	PLIN4	0	-0.7799619350684073	0.2983746487015024	0.1772226463051784	0.3436281806745374
height	annotated_credset_3027.txt	ENSG00000214456	PLIN5	0	-0.7640260076402132	0.2792615505716095	0.2090945011615667	0.3677514639052211
height	annotated_credset_3027.txt	ENSG00000267385	CTB-50L17.14	0	-0.7235969752149112	0.1076126461309505	0.2899525660121708	0.3744197892868536
height	annotated_credset_3027.txt	ENSG00000171236	LRG1	0	-0.7848104198823389	0.2592137063298301	0.0582167186237268	0.3749801874760596
height	annotated_credset_3027.txt	ENSG00000167680	SEMA6B	0	-0.7539789538451205	0.1802645577482458	0.2291886087517523	0.401601166812934
height	annotated_credset_3027.txt	ENSG00000185361	TNFAIP8L1	0	-0.6726305719607559	0.3996470103498534	0.3909405196915019	0.5334530847450274
height	annotated_credset_3027.txt	ENSG00000074842	C19orf10	0	-0.6634840217935964	0.3088659438783354	0.408313562729068	0.5538339545156086
height	annotated_credset_3027.txt	ENSG00000142002	DPP9	0	-0.6263623493700076	0.2879202513975069	0.4809994382082647	0.6286037404331782
height	annotated_credset_3027.txt	ENSG00000141965	FEM1A	0	-0.5960333244763236	0.0539323907976705	0.3321766063046537	0.7262066545365029
height	annotated_credset_3027.txt	ENSG00000127666	TICAM1	0	-0.7033198522984172	0.1771749758626415	0.2398147685407156	0.775974695197066
height	annotated_credset_3027.txt	ENSG00000105355	PLIN3	0	-0.5562697852162259	0.3286309044283597	0.3443454294384965	0.825631206979679
height	annotated_credset_3027.txt	ENSG00000205784	ARRDC5	0	-0.421795189370725	0.741087626298344	0.2145281034903383	0.8739590105249854
height	annotated_credset_3027.txt	ENSG00000127663	KDM4B	0	0.336205671131458	1.0	0.5850418007367699	1.0
height	annotated_credset_3027.txt	ENSG00000105426	PTPRS	0	-0.336205671131458	0.7314572814877223	1.0	0.7740682427621152
height	annotated_credset_3027.txt	ENSG00000105428	ZNRF4	0	-0.7168179148357128	0.0756935262682106	0.1242361277495717	0.3652391755900477
height	annotated_credset_3027.txt	ENSG00000130254	SAFB2	0	-0.4443215702634671	0.471056693581615	0.6264465102229203	0.1840612018100082
height	annotated_credset_3027.txt	ENSG00000160633	SAFB	0	-0.4810382821227763	0.4384635725750411	0.5834094287818289	0.134443243219773
height	annotated_credset_3027.txt	ENSG00000130255	RPL36	0	-0.613351028862996	0.4057351593680625	0.5104444587160012	0.0629656245513224
height	annotated_credset_3027.txt	ENSG00000174917	C19orf70	0	-0.6874111223690611	0.2386738904502155	0.3623242717038713	0.058182274897019
height	annotated_credset_3027.txt	ENSG00000167733	HSD11B1L	0	-0.7305012095301231	0.4136190048643696	0.2761440973817469	0.0551765027912779
height	annotated_credset_3027.txt	ENSG00000196365	LONP1	0	-0.6050438960265182	0.4726310028226873	0.5270587243889568	0.0397139188483225
height	annotated_credset_3027.txt	ENSG00000174898	CATSPERD	0	-0.739005349472003	0.4582900295797947	0.2570982923209854	0.0
height	annotated_credset_3032.txt	ENSG00000142459	EVI5L	0	-0.8010190578440111	0.6028322853728543	0.4405923631843204	0.0494934179067267
height	annotated_credset_3032.txt	ENSG00000183248	CTD-3193O13.9	0	-0.8305651971303211	0.1759456773026279	0.3861364915101991	0.0623865009529492
height	annotated_credset_3032.txt	ENSG00000171017	LRRC8E	0	-0.8720055915997924	0.4576441550609232	0.3032557025712563	0.0999527271786027
height	annotated_credset_3032.txt	ENSG00000214248	AC010336.1	0	-0.8305651971303211	0.1759456773026279	0.3861364915101991	0.1020316414567658
height	annotated_credset_3032.txt	ENSG00000076984	MAP2K7	0	-0.6047204271407858	0.5460748947386056	0.8331896245907712	0.1169300730072189
height	annotated_credset_3032.txt	ENSG00000260001	TGFBR3L	0	-0.7818038662316641	0.1694086375769218	0.4836591533075129	0.1232226713367309
height	annotated_credset_3032.txt	ENSG00000104976	SNAPC2	0	-0.8055908732720929	0.2965746769564101	0.4360851392266553	0.1288804242837895
height	annotated_credset_3032.txt	ENSG00000178531	CTXN1	0	-0.8335917475979564	0.5151498229821642	0.3800833905749284	0.1328529760761378
height	annotated_credset_3032.txt	ENSG00000104980	TIMM44	0	-0.6949267744609038	0.6363707434749105	0.605756494617283	0.157039767750127
height	annotated_credset_3032.txt	ENSG00000066044	ELAVL1	0	-0.7496434054530112	0.5955170372686763	0.54334366796632	0.2411472446211839
height	annotated_credset_3032.txt	ENSG00000131142	CCL25	0	-0.7223233524643564	0.42738918236746	0.6026201808421282	0.3187877450319262
height	annotated_credset_3032.txt	ENSG00000142449	FBN3	0	-0.9200312607724724	0.452685421994885	0.2072043642258965	0.437577397324658
height	annotated_credset_3032.txt	ENSG00000090661	CERS4	0	-0.7882027179492845	0.6333664660092251	0.419806852971332	0.59094160103646
height	annotated_credset_3032.txt	ENSG00000167775	CD320	0	-0.6825777891191296	0.5824054322697373	0.6739263977120253	0.6535201903991216
height	annotated_credset_3032.txt	ENSG00000167774	NDUFA7	0	-0.7753529948509532	0.6250237326751472	0.4637616521419327	0.6712618028791464
height	annotated_credset_3032.txt	ENSG00000267855	NDUFA7	0	-0.7648075871636847	0.6279163269636695	0.4653965577874659	0.6712849624746436
height	annotated_credset_3032.txt	ENSG00000233927	RPS28	0	-0.7580082456317696	0.5540044003171802	0.5171521078785789	0.6739333303362092
height	annotated_credset_3032.txt	ENSG00000186994	KANK3	0	-0.7570120981477638	0.5416410726052335	0.5224709380715049	0.7010736516006686
height	annotated_credset_3032.txt	ENSG00000167772	ANGPTL4	0	-0.771090636271182	0.4333865689811144	0.4905491132513652	0.7434570736897459
height	annotated_credset_3032.txt	ENSG00000185236	RAB11B	0	-0.6528016721515932	0.5045622577871096	0.730216469438541	0.7844100501745824
height	annotated_credset_3032.txt	ENSG00000099785	MARCH2	0	-0.7058875311284847	0.6545080914461856	0.5666396373108689	0.8315234790616822
height	annotated_credset_3032.txt	ENSG00000099783	HNRNPM	0	-0.6724627838660533	0.6823395391952112	0.6307835578000871	0.8997720823337243
height	annotated_credset_3032.txt	ENSG00000133246	PRAM1	0	-0.7260494985285677	1.0	0.489910019946921	0.9188419657319726
height	annotated_credset_3032.txt	ENSG00000133250	ZNF414	0	-0.5938533871150482	0.9000323881213773	0.7036555800618631	0.9338984274634656
height	annotated_credset_3032.txt	ENSG00000142347	MYO1F	0	0.123741589552901	0.868660583656284	0.5095618667870437	1.0
height	annotated_credset_3032.txt	ENSG00000142303	ADAMTS10	1	-0.123741589552901	0.8582628798624065	1.0	0.9760815871679492
height	annotated_credset_3032.txt	ENSG00000181786	ACTL9	0	-0.9214050885278224	0.2978590334937848	0.1946678379037335	0.7545328096540093
height	annotated_credset_3032.txt	ENSG00000181733	OR2Z1	0	-0.9272217051672847	0.4076771015981862	0.1833923517027509	0.7088062318384496
height	annotated_credset_3032.txt	ENSG00000167785	ZNF558	0	-0.8477329067750746	0.382146327298719	0.3482642518090098	0.6010950401682749
height	annotated_credset_3032.txt	ENSG00000170948	MBD3L1	0	-0.8821551043429023	0.4306950044114855	0.2810294205008692	0.5701783425086201
height	annotated_credset_3032.txt	ENSG00000181143	MUC16	0	-1.0212620124883869	0.2453958610214543	0.0	0.5477734773587707
height	annotated_credset_3032.txt	ENSG00000170929	OR1M1	0	-0.9496997472617964	0.1669482571840203	0.1478673912472481	0.2149087852519695
height	annotated_credset_3032.txt	ENSG00000170923	OR7G2	0	-1.0226540213363444	0.2829873016227565	0.0019588430981519	0.2025252133066861
height	annotated_credset_3032.txt	ENSG00000161807	OR7G1	0	-0.983771260859874	0.0368331118283652	0.0797243640510932	0.185729057254607
height	annotated_credset_3032.txt	ENSG00000170920	OR7G3	0	-0.970272454842469	0.0	0.1067219760859032	0.1701794323719376
height	annotated_credset_3032.txt	ENSG00000130803	ZNF317	0	-0.8705709602301839	0.0799964261383307	0.3061249653104733	0.1506054871893378
height	annotated_credset_3032.txt	ENSG00000188000	OR7D2	0	-0.9802211430642108	0.2390578407174527	0.0868245996424191	0.0889968761792661
height	annotated_credset_3032.txt	ENSG00000174667	OR7D4	0	-0.965016989815768	0.1748059504796792	0.1172329061393055	0.0505151647668986
height	annotated_credset_3032.txt	ENSG00000237521	OR7E24	0	-0.9742490390142152	0.2406761299545449	0.0966632140610752	0.0
height	annotated_credset_3033.txt	ENSG00000142459	EVI5L	0	-0.7513783427217882	0.6028322853728543	0.4405923631843204	0.019271777975229
height	annotated_credset_3033.txt	ENSG00000183248	CTD-3193O13.9	0	-0.7835209795438036	0.1759456773026279	0.3861364915101991	0.0319799005991808
height	annotated_credset_3033.txt	ENSG00000171017	LRRC8E	0	-0.8249613740132751	0.4576441550609232	0.3032557025712563	0.069007212661255
height	annotated_credset_3033.txt	ENSG00000214248	AC010336.1	0	-0.7835209795438036	0.1759456773026279	0.3861364915101991	0.0710563034393774
height	annotated_credset_3033.txt	ENSG00000076984	MAP2K7	0	-0.4906255141349569	0.5460748947386056	0.8331896245907712	0.0857410064207317
height	annotated_credset_3033.txt	ENSG00000260001	TGFBR3L	0	-0.7347596486451469	0.1694086375769218	0.4836591533075129	0.0919433329634233
height	annotated_credset_3033.txt	ENSG00000104976	SNAPC2	0	-0.7585466556855756	0.2965746769564101	0.4360851392266553	0.0975199214310133
height	annotated_credset_3033.txt	ENSG00000178531	CTXN1	0	-0.7865475300114391	0.5151498229821642	0.3800833905749284	0.1014354841498894
height	annotated_credset_3033.txt	ENSG00000104980	TIMM44	0	-0.6345657467433135	0.6363707434749105	0.605756494617283	0.125275299139919
height	annotated_credset_3033.txt	ENSG00000066044	ELAVL1	0	-0.5558182201540915	0.5955170372686763	0.54334366796632	0.2081761945918988
height	annotated_credset_3033.txt	ENSG00000131142	CCL25	0	-0.6752791348778391	0.42738918236746	0.6026201808421282	0.2847028869483692
height	annotated_credset_3033.txt	ENSG00000142449	FBN3	0	-0.872987043185955	0.452685421994885	0.2072043642258965	0.4017884174130883
height	annotated_credset_3033.txt	ENSG00000090661	CERS4	0	-0.536088123966588	0.6333664660092251	0.419806852971332	0.5529525028306046
height	annotated_credset_3033.txt	ENSG00000167775	CD320	0	-0.4855629804643444	0.5824054322697373	0.6739263977120253	0.6146333579374543
height	annotated_credset_3033.txt	ENSG00000167774	NDUFA7	0	-0.6630781096733409	0.6250237326751472	0.4637616521419327	0.6321204544010769
height	annotated_credset_3033.txt	ENSG00000267855	NDUFA7	0	-0.6391887717416265	0.6279163269636695	0.4653965577874659	0.632143281755748
height	annotated_credset_3033.txt	ENSG00000233927	RPS28	0	-0.550074640914515	0.5540044003171802	0.5171521078785789	0.6347536569016654
height	annotated_credset_3033.txt	ENSG00000186994	KANK3	0	-0.5480581215165992	0.5416410726052335	0.5224709380715049	0.6615046310050432
height	annotated_credset_3033.txt	ENSG00000167772	ANGPTL4	0	-0.5945659375368986	0.4333865689811144	0.4905491132513652	0.7032800328387039
height	annotated_credset_3033.txt	ENSG00000185236	RAB11B	0	-0.5560812746792116	0.5045622577871096	0.730216469438541	0.7436455098250325
height	annotated_credset_3033.txt	ENSG00000099785	MARCH2	0	-0.5980688680082149	0.6545080914461856	0.5666396373108689	0.7900830631538708
height	annotated_credset_3033.txt	ENSG00000099783	HNRNPM	0	-0.3116093502570445	0.6823395391952112	0.6307835578000871	0.8573525917984305
height	annotated_credset_3033.txt	ENSG00000133246	PRAM1	0	-0.4395555414858736	1.0	0.489910019946921	0.8761489041917184
height	annotated_credset_3033.txt	ENSG00000133250	ZNF414	0	-0.3398346035457122	0.9000323881213773	0.7036555800618631	0.8909893702990637
height	annotated_credset_3033.txt	ENSG00000142347	MYO1F	0	-0.1403454914026043	0.868660583656284	0.5095618667870437	0.97613943157893
height	annotated_credset_3033.txt	ENSG00000142303	ADAMTS10	1	0.1403454914026043	0.8582628798624065	1.0	1.0
height	annotated_credset_3033.txt	ENSG00000181786	ACTL9	0	-0.686430525406027	0.2978590334937848	0.1946678379037335	0.8019115417396464
height	annotated_credset_3033.txt	ENSG00000181733	OR2Z1	0	-0.8777773873495969	0.4076771015981862	0.1833923517027509	0.7568409441199356
height	annotated_credset_3033.txt	ENSG00000167785	ZNF558	0	-0.7998861126466568	0.382146327298719	0.3482642518090098	0.6506749459014102
height	annotated_credset_3033.txt	ENSG00000170948	MBD3L1	0	-0.833503528300727	0.4306950044114855	0.2810294205008692	0.6202017702010761
height	annotated_credset_3033.txt	ENSG00000181143	MUC16	0	-0.9719693884916524	0.2453958610214543	0.0	0.5981183187351514
height	annotated_credset_3033.txt	ENSG00000170929	OR1M1	0	-0.760179626641069	0.1669482571840203	0.1478673912472481	0.2700288067610112
height	annotated_credset_3033.txt	ENSG00000170923	OR7G2	0	-0.9756098037498272	0.2829873016227565	0.0019588430981519	0.2578228859398234
height	annotated_credset_3033.txt	ENSG00000161807	OR7G1	0	-0.8072808347963363	0.0368331118283652	0.0797243640510932	0.2412676826610088
height	annotated_credset_3033.txt	ENSG00000170920	OR7G3	0	-0.9232282372559516	0.0	0.1067219760859032	0.2259411281777262
height	annotated_credset_3033.txt	ENSG00000130803	ZNF317	0	-0.8235267426436665	0.0799964261383307	0.3061249653104733	0.2066479851239499
height	annotated_credset_3033.txt	ENSG00000188000	OR7D2	0	-0.9331769254776936	0.2390578407174527	0.0868245996424191	0.1459231933421481
height	annotated_credset_3033.txt	ENSG00000174667	OR7D4	0	-0.9179727722292506	0.1748059504796792	0.1172329061393055	0.1079935293777814
height	annotated_credset_3033.txt	ENSG00000237521	OR7E24	0	-0.9282576182683656	0.2406761299545449	0.0966632140610752	0.0582030404834309
height	annotated_credset_3033.txt	ENSG00000196110	ZNF699	0	-0.8689854981240064	0.3766850199354471	0.2121462790034192	0.0
height	annotated_credset_3034.txt	ENSG00000142459	EVI5L	0	-0.7402635069826524	0.6028322853728543	0.4405923631843204	0.0
height	annotated_credset_3034.txt	ENSG00000183248	CTD-3193O13.9	0	-0.8362148829900011	0.1759456773026279	0.3861364915101991	0.0129286249745787
height	annotated_credset_3034.txt	ENSG00000171017	LRRC8E	0	-0.8776552774594726	0.4576441550609232	0.3032557025712563	0.0505984087524748
height	annotated_credset_3034.txt	ENSG00000214248	AC010336.1	0	-0.8362148829900011	0.1759456773026279	0.3861364915101991	0.0526830539037013
height	annotated_credset_3034.txt	ENSG00000076984	MAP2K7	0	-0.5631290212722555	0.5460748947386056	0.8331896245907712	0.0676225554592796
height	annotated_credset_3034.txt	ENSG00000260001	TGFBR3L	0	-0.7874535520913444	0.1694086375769218	0.4836591533075129	0.0739325003829461
height	annotated_credset_3034.txt	ENSG00000104976	SNAPC2	0	-0.8112405591317731	0.2965746769564101	0.4360851392266553	0.0796058498672472
height	annotated_credset_3034.txt	ENSG00000178531	CTXN1	0	-0.8392414334576366	0.5151498229821642	0.3800833905749284	0.083589352659499
height	annotated_credset_3034.txt	ENSG00000104980	TIMM44	0	-0.6667899250575224	0.6363707434749105	0.605756494617283	0.1078428192485387
height	annotated_credset_3034.txt	ENSG00000066044	ELAVL1	0	-0.7556138835108726	0.5955170372686763	0.54334366796632	0.192182152372011
height	annotated_credset_3034.txt	ENSG00000131142	CCL25	0	-0.7279730383240366	0.42738918236746	0.6026201808421282	0.2700366817386866
height	annotated_credset_3034.txt	ENSG00000142449	FBN3	0	-0.9256809466321524	0.452685421994885	0.2072043642258965	0.3891537974702345
height	annotated_credset_3034.txt	ENSG00000090661	CERS4	0	-0.7639810592426195	0.6333664660092251	0.419806852971332	0.542940775123785
height	annotated_credset_3034.txt	ENSG00000167775	CD320	0	-0.6880738142045788	0.5824054322697373	0.6739263977120253	0.6056918727788225
height	annotated_credset_3034.txt	ENSG00000167774	NDUFA7	0	-0.7522273463524181	0.6250237326751472	0.4637616521419327	0.6234823929652067
height	annotated_credset_3034.txt	ENSG00000267855	NDUFA7	0	-0.7166492395570256	0.6279163269636695	0.4653965577874659	0.6235056164039817
height	annotated_credset_3034.txt	ENSG00000233927	RPS28	0	-0.7259275953021798	0.5540044003171802	0.5171521078785789	0.6261612849321496
height	annotated_credset_3034.txt	ENSG00000186994	KANK3	0	-0.7652304461740393	0.5416410726052335	0.5224709380715049	0.6533764230073354
height	annotated_credset_3034.txt	ENSG00000167772	ANGPTL4	0	-0.7792250609576139	0.4333865689811144	0.4905491132513652	0.6958766820504587
height	annotated_credset_3034.txt	ENSG00000185236	RAB11B	0	-0.6104294454365053	0.5045622577871096	0.730216469438541	0.7369425522280594
height	annotated_credset_3034.txt	ENSG00000099785	MARCH2	0	-0.5304492462545223	0.6545080914461856	0.5666396373108689	0.7841858571198447
height	annotated_credset_3034.txt	ENSG00000099783	HNRNPM	0	-0.5317541585494334	0.6823395391952112	0.6307835578000871	0.8526225990208878
height	annotated_credset_3034.txt	ENSG00000133246	PRAM1	0	-0.5932743110361971	1.0	0.489910019946921	0.8717450517252573
height	annotated_credset_3034.txt	ENSG00000133250	ZNF414	0	-0.5670184819674957	0.9000323881213773	0.7036555800618631	0.88684301909836
height	annotated_credset_3034.txt	ENSG00000142347	MYO1F	0	-0.4473016037874004	0.868660583656284	0.5095618667870437	0.9734705439834996
height	annotated_credset_3034.txt	ENSG00000142303	ADAMTS10	1	0.4473016037874004	0.8582628798624065	1.0	1.0
height	annotated_credset_3034.txt	ENSG00000181786	ACTL9	0	-0.8965111490327358	0.2978590334937848	0.1946678379037335	0.8007293268905364
height	annotated_credset_3034.txt	ENSG00000181733	OR2Z1	0	-0.9216105239081296	0.4076771015981862	0.1833923517027509	0.7548766961559912
height	annotated_credset_3034.txt	ENSG00000167785	ZNF558	0	-0.822569911913472	0.382146327298719	0.3482642518090098	0.646868580666759
height	annotated_credset_3034.txt	ENSG00000170948	MBD3L1	0	-0.8865271050371772	0.4306950044114855	0.2810294205008692	0.6158666559865931
height	annotated_credset_3034.txt	ENSG00000181143	MUC16	0	-1.0258261189527729	0.2453958610214543	0.0	0.5934000280986047
height	annotated_credset_3034.txt	ENSG00000170929	OR1M1	0	-0.9251198050353866	0.1669482571840203	0.1478673912472481	0.2596177390914513
height	annotated_credset_3034.txt	ENSG00000170923	OR7G2	0	-1.0283037071960246	0.2829873016227565	0.0019588430981519	0.2472000297699255
height	annotated_credset_3034.txt	ENSG00000161807	OR7G1	0	-0.9894209467195544	0.0368331118283652	0.0797243640510932	0.2303575723194203
height	annotated_credset_3034.txt	ENSG00000170920	OR7G3	0	-0.9759221407021492	0.0	0.1067219760859032	0.2147650823088706
height	annotated_credset_3034.txt	ENSG00000130803	ZNF317	0	-0.876220646089864	0.0799964261383307	0.3061249653104733	0.1951371782899835
height	annotated_credset_3034.txt	ENSG00000188000	OR7D2	0	-0.9858708289238912	0.2390578407174527	0.0868245996424191	0.1333587328942339
height	annotated_credset_3034.txt	ENSG00000174667	OR7D4	0	-0.970666675675448	0.1748059504796792	0.1172329061393055	0.0947709402424031
height	annotated_credset_3034.txt	ENSG00000237521	OR7E24	0	-0.9809515217145632	0.2406761299545449	0.0966632140610752	0.0441165220199412
height	annotated_credset_3111.txt	ENSG00000132670	PTPRA	0	-0.358221290422584	0.5621458359311137	1.0	0.0
height	annotated_credset_3111.txt	ENSG00000125787	GNRH2	0	-0.7478316346485604	0.3064272552198068	0.2298086999757816	0.0096645600435214
height	annotated_credset_3111.txt	ENSG00000125901	MRPS26	0	-0.4956271296504323	0.5319838729789268	0.7342177099720378	0.0132965570498335
height	annotated_credset_3111.txt	ENSG00000101405	OXT	0	-0.4558679758836182	0.5298363744683209	0.8137360175056658	0.0484473920574726
height	annotated_credset_3111.txt	ENSG00000101200	AVP	0	-0.7576708796542987	0.1367637890186624	0.2101302099643048	0.0661321896067555
height	annotated_credset_3111.txt	ENSG00000185019	UBOX5	0	-0.3654272208027033	0.6997242889008963	0.9128307759203644	0.175471670285012
height	annotated_credset_3111.txt	ENSG00000215251	FASTKD5	0	-0.5367540007254262	0.6422683126203638	0.5716628022413005	0.1750384963301308
height	annotated_credset_3111.txt	ENSG00000088899	LZTS3	0	-0.5478374089005008	0.7290549621070423	0.5480103997247694	0.194812380310647
height	annotated_credset_3111.txt	ENSG00000198171	DDRGK1	0	-0.4154543720498006	0.5756681491333804	0.888360289000816	0.2399247675382312
height	annotated_credset_3111.txt	ENSG00000125877	ITPA	0	-0.6595873517727241	0.3998365130166119	0.406297265727454	0.2677188890245089
height	annotated_credset_3111.txt	ENSG00000088836	SLC4A11	0	-0.6021457116645691	0.8320517616415201	0.4322959538874898	0.2899136214284585
height	annotated_credset_3111.txt	ENSG00000088854	C20orf194	0	-0.4392032300942595	1.0	0.7317035801445642	0.5339339835166875
height	annotated_credset_3111.txt	ENSG00000088812	ATRN	0	-0.5583858150643118	0.2079194203139504	0.5933855217156898	0.8866983931880018
height	annotated_credset_3111.txt	ENSG00000125861	GFRA4	0	-0.6901247521322297	0.2675838563531318	0.3299076475798542	0.904484602699966
height	annotated_credset_3111.txt	ENSG00000149451	ADAM33	0	-0.1511458279123877	0.5328428723831691	0.5782623008291085	0.9317890492807256
height	annotated_credset_3111.txt	ENSG00000088827	SIGLEC1	0	-0.7338400866397531	0.4844202446762818	0.0820576336627688	0.9678366557869316
height	annotated_credset_3111.txt	ENSG00000132622	HSPA12B	0	-0.326655105987952	0.1929949984066946	0.4174412124819347	1.0
height	annotated_credset_3111.txt	ENSG00000101220	C20orf27	0	0.1437114566281933	0.647893373235241	0.6381850379400557	0.9698067612251492
height	annotated_credset_3111.txt	ENSG00000101222	SPEF1	0	-0.3553623187128706	0.5046344403341785	0.35296196769616	0.9350427404180228
height	annotated_credset_3111.txt	ENSG00000125817	CENPB	0	-0.3758724811189579	0.0	0.7236893368994884	0.925847572887483
height	annotated_credset_3111.txt	ENSG00000101224	CDC25B	0	-0.1437114566281933	0.6214445044820371	0.7014744062057249	0.9213854465295088
height	annotated_credset_3111.txt	ENSG00000125843	AP5S1	0	-0.6325911756168415	0.0418776064397245	0.4449748006106303	0.8727077044425173
height	annotated_credset_3111.txt	ENSG00000088888	MAVS	0	-0.5495009096028641	0.5009767654515981	0.611155332638585	0.8345927426399382
height	annotated_credset_3111.txt	ENSG00000125779	PANK2	0	-0.4173803262858685	0.4581791983595882	0.8753964992725767	0.773747013773523
height	annotated_credset_3111.txt	ENSG00000101236	RNF24	0	-0.399416630847737	0.6376407997007356	0.8521457762114616	0.7180138965685657
height	annotated_credset_3111.txt	ENSG00000205300	RP11-352D3.2	0	-0.6350849471427128	0.1636532413372681	0.4539957795925791	0.5110711967789193
height	annotated_credset_3111.txt	ENSG00000088826	SMOX	1	-0.4102647239670268	0.8804051152029039	0.6215891926340148	0.4374345219337526
height	annotated_credset_3111.txt	ENSG00000171873	ADRA1D	0	-0.8218426087628855	0.6586031561300691	0.0	0.2929920147445495
height	annotated_credset_3112.txt	ENSG00000088812	ATRN	0	-0.6419454315506811	0.2361633488079314	0.697787089872371	0.343896489429043
height	annotated_credset_3112.txt	ENSG00000125861	GFRA4	0	-0.7831215229685582	0.3039326461562672	0.4154349070366165	0.3608224170378247
height	annotated_credset_3112.txt	ENSG00000149451	ADAM33	0	-0.5827427974928256	0.605224643953104	0.6815805129716023	0.3868062044160693
height	annotated_credset_3112.txt	ENSG00000088827	SIGLEC1	0	-0.7777017733273457	0.5502242505311197	0.1498300904087027	0.4211102632872679
height	annotated_credset_3112.txt	ENSG00000132622	HSPA12B	0	-0.7204639610597126	0.2192115823432213	0.509238962510192	0.484505630985778
height	annotated_credset_3112.txt	ENSG00000101220	C20orf27	0	-0.5869725138468163	0.7359036902982138	0.7457958315453596	0.5055661889520359
height	annotated_credset_3112.txt	ENSG00000101222	SPEF1	0	-0.7675444772400521	0.5731843575418994	0.440140729603248	0.5235729935865799
height	annotated_credset_3112.txt	ENSG00000125817	CENPB	0	-0.3597297277516549	0.0	0.8374252540622202	0.5307999800266903
height	annotated_credset_3112.txt	ENSG00000101224	CDC25B	0	-0.3342387729915728	0.7058619875678653	0.8136189508062005	0.5575806384774994
height	annotated_credset_3112.txt	ENSG00000125843	AP5S1	0	-0.508654208658359	0.0475662916043748	0.538744926663485	0.5840331735454878
height	annotated_credset_3112.txt	ENSG00000088888	MAVS	0	-0.4859714477616528	0.5690298213864191	0.7168298460017583	0.6437723092639955
height	annotated_credset_3112.txt	ENSG00000125779	PANK2	0	-0.293789775952046	0.5204186009914235	1.0	0.7241832181002088
height	annotated_credset_3112.txt	ENSG00000101236	RNF24	0	-0.3181165790783842	0.7242583995593673	0.9750837051105438	0.8463664394409816
height	annotated_credset_3112.txt	ENSG00000205300	RP11-352D3.2	0	-0.7060429562935804	0.1858840191989928	0.5484121259120851	0.9285117147292472
height	annotated_credset_3112.txt	ENSG00000088826	SMOX	1	0.293789775952046	1.0	0.728011138376971	1.0
height	annotated_credset_3112.txt	ENSG00000171873	ADRA1D	0	-0.634775104914556	0.7480682980564956	0.061894235988249	0.8708684100693938
height	annotated_credset_3112.txt	ENSG00000171867	PRNP	0	-0.9342945838878118	0.0855142025336375	0.1130887851981096	0.229024606530163
height	annotated_credset_3112.txt	ENSG00000171864	PRND	0	-0.7750117498480726	0.3291651585490597	0.0	0.1798419445186229
height	annotated_credset_3112.txt	ENSG00000180259	PRNT	0	-0.9533614446295458	0.4078999134471635	0.0749550637146418	0.1669210523178001
height	annotated_credset_3112.txt	ENSG00000101265	RASSF2	0	-0.9385001025773588	0.1780531906522936	0.1046777478190153	0.0997233136536617
height	annotated_credset_3112.txt	ENSG00000089057	SLC23A2	0	-0.7021090832223736	0.5729010937131167	0.5689935427850894	0.0
height	annotated_credset_3114.txt	ENSG00000088854	C20orf194	0	-0.4441255675824513	1.0	0.8460135997874376	0.0
height	annotated_credset_3114.txt	ENSG00000088812	ATRN	0	-0.3883523145520087	0.2079194203139504	0.697787089872371	0.3315957760362575
height	annotated_credset_3114.txt	ENSG00000125861	GFRA4	0	-0.7240240243132391	0.2675838563531318	0.4154349070366165	0.3483146733631122
height	annotated_credset_3114.txt	ENSG00000149451	ADAM33	0	-0.398774104474866	0.5328428723831691	0.6815805129716023	0.3739806388204088
height	annotated_credset_3114.txt	ENSG00000088827	SIGLEC1	0	-0.6780490955529161	0.4844202446762818	0.1498300904087027	0.407865105977434
height	annotated_credset_3114.txt	ENSG00000132622	HSPA12B	0	-0.6771219965764514	0.1929949984066946	0.509238962510192	0.4704850502456394
height	annotated_credset_3114.txt	ENSG00000101220	C20orf27	0	-0.2918014020246879	0.647893373235241	0.7457958315453596	0.4912880050037263
height	annotated_credset_3114.txt	ENSG00000101222	SPEF1	0	-0.647211193100419	0.5046344403341785	0.440140729603248	0.5090745585580189
height	annotated_credset_3114.txt	ENSG00000125817	CENPB	0	-0.328105917221946	0.0	0.8374252540622202	0.5162131477725966
height	annotated_credset_3114.txt	ENSG00000101224	CDC25B	0	-0.3046226257118334	0.6214445044820371	0.8136189508062005	0.5426662373363461
height	annotated_credset_3114.txt	ENSG00000125843	AP5S1	0	-0.4376076476556276	0.0418776064397245	0.538744926663485	0.5687952169739091
height	annotated_credset_3114.txt	ENSG00000088888	MAVS	0	-0.3633979230481365	0.5009767654515981	0.7168298460017583	0.6278036506360367
height	annotated_credset_3114.txt	ENSG00000125779	PANK2	0	-0.1730321663462568	0.4581791983595882	1.0	0.7072310096479125
height	annotated_credset_3114.txt	ENSG00000101236	RNF24	0	-0.1738006508576353	0.6376407997007356	0.9750837051105438	0.8279197411535872
height	annotated_credset_3114.txt	ENSG00000205300	RP11-352D3.2	0	-0.5520980765233015	0.1636532413372681	0.5484121259120851	0.9090602526324488
height	annotated_credset_3114.txt	ENSG00000088826	SMOX	1	0.1730321663462568	0.8804051152029039	0.728011138376971	1.0
height	annotated_credset_3114.txt	ENSG00000171873	ADRA1D	0	-0.529828998242269	0.6586031561300691	0.061894235988249	0.8927737636327697
height	annotated_credset_3114.txt	ENSG00000171867	PRNP	0	-0.8751970852324926	0.0752871413331116	0.1130887851981096	0.2587807028517013
height	annotated_credset_3114.txt	ENSG00000171864	PRND	0	-0.677783848627751	0.2897986893331671	0.0	0.2101996208904556
height	annotated_credset_3114.txt	ENSG00000180259	PRNT	0	-0.7215724815500931	0.3591171702897044	0.0749550637146418	0.1974367711920535
height	annotated_credset_3114.txt	ENSG00000101265	RASSF2	0	-0.8794026039220397	0.1567589398284772	0.1046777478190153	0.13106096483804
height	annotated_credset_3114.txt	ENSG00000089057	SLC23A2	0	-0.6459287550916515	0.5043850534103661	0.5689935427850894	0.0325574215991885
height	annotated_credset_3152.txt	ENSG00000078699	CBFA2T2	0	-0.6101944420996686	0.917020541181118	0.5438628083774588	0.0
height	annotated_credset_3152.txt	ENSG00000125967	NECAB3	0	-0.757569920693528	0.8431019158601618	0.4886064133387879	0.0369118389279594
height	annotated_credset_3152.txt	ENSG00000149609	C20orf144	0	-0.8607732408497422	0.4858285601422081	0.1717986194619063	0.0235475983958075
height	annotated_credset_3152.txt	ENSG00000182584	ACTL10	0	-0.9771404184319528	0.5681907959707682	0.0	0.0279388786973038
height	annotated_credset_3152.txt	ENSG00000101412	E2F1	0	-0.5007655247406357	0.7761208769504245	0.7801533327622726	0.0549559814194141
height	annotated_credset_3152.txt	ENSG00000101417	PXMP4	0	-0.7568660267465992	0.4858285601422081	0.2228156386105752	0.1062052145320249
height	annotated_credset_3152.txt	ENSG00000131061	ZNF341	0	-0.8140828394557678	0.4858285601422081	0.1120298174524922	0.2149294463601938
height	annotated_credset_3152.txt	ENSG00000101421	CHMP4B	0	-0.5177530050002941	0.4858285601422081	0.6378495529680538	0.3087647295267511
height	annotated_credset_3152.txt	ENSG00000125970	RALY	0	-0.1306877476975299	0.4858285601422081	0.8504637826309553	0.6924985568917109
height	annotated_credset_3152.txt	ENSG00000125977	EIF2S2	0	-0.511069669846201	0.9417341497136086	0.3734001660710399	0.6985792561116769
height	annotated_credset_3152.txt	ENSG00000101440	ASIP	0	-0.5890316564496616	0.0616976101125813	0.511220518501936	0.93584136991021
height	annotated_credset_3152.txt	ENSG00000101444	AHCY	0	-0.4343111985402996	0.0	0.337059864191265	1.0
height	annotated_credset_3152.txt	ENSG00000078747	ITCH	0	0.0892068229697196	0.8509529922970571	1.0	0.9787808691138292
height	annotated_credset_3152.txt	ENSG00000125971	DYNLRB1	0	-0.53159530660963	0.4858285601422081	0.3015266154750901	0.747319899526392
height	annotated_credset_3152.txt	ENSG00000101460	MAP1LC3A	0	-0.3270025302049548	0.4858285601422081	0.7025642133436443	0.7013157228234487
height	annotated_credset_3152.txt	ENSG00000101464	PIGU	0	-0.2627031465007923	0.7784416353940351	0.3601930653619545	0.6806316743833657
height	annotated_credset_3152.txt	ENSG00000198646	NCOA6	0	-0.0892068229697196	1.0	0.9844159751804477	0.4745527884931869
height	annotated_credset_3152.txt	ENSG00000078804	TP53INP2	0	-0.7371574688025428	0.4858285601422081	0.0877980926334536	0.4634128991667482
height	annotated_credset_3153.txt	ENSG00000125970	RALY	0	-0.2604008939236623	0.4858285601422081	0.8457458294553514	0.428589738242065
height	annotated_credset_3153.txt	ENSG00000125977	EIF2S2	0	-0.6684246026017208	0.9417341497136086	0.3536305829671544	0.4356621064334208
height	annotated_credset_3153.txt	ENSG00000101440	ASIP	0	-0.7325500101261587	0.0616976101125813	0.4957992463347213	0.7116180394506091
height	annotated_credset_3153.txt	ENSG00000101444	AHCY	0	-0.709439069296755	0.0	0.316143723780577	0.7862399600938961
height	annotated_credset_3153.txt	ENSG00000078747	ITCH	0	0.1099930837818284	0.8509529922970571	1.0	1.0
height	annotated_credset_3153.txt	ENSG00000125971	DYNLRB1	0	-0.7907230508113755	0.4858285601422081	0.2794893807464532	0.8541554260491069
height	annotated_credset_3153.txt	ENSG00000101460	MAP1LC3A	0	-0.6254266172490676	0.4858285601422081	0.6931799441753905	0.8006486722673878
height	annotated_credset_3153.txt	ENSG00000101464	PIGU	0	-0.3792010897727308	0.7784416353940351	0.3400067906777466	0.7765913721174675
height	annotated_credset_3153.txt	ENSG00000198646	NCOA6	0	-0.5792678059343196	1.0	0.9839242902851112	0.5369041741889521
height	annotated_credset_3153.txt	ENSG00000078804	TP53INP2	0	-0.8524277661344247	0.4858285601422081	0.0590176007808969	0.5239475394208917
height	annotated_credset_3153.txt	ENSG00000131067	GGT7	0	-1.125902669124971	0.4858285601422081	0.0	0.2771370044447705
height	annotated_credset_3153.txt	ENSG00000131069	ACSS2	0	-0.88552962676343	0.8660132332609125	0.3951620402665998	0.2289345268065683
height	annotated_credset_3153.txt	ENSG00000100983	GSS	0	-0.7678043506029938	0.4858285601422081	0.2473097847795499	0.1300074919191809
height	annotated_credset_3153.txt	ENSG00000078814	MYH7B	0	-0.7068996669901818	0.8699140825597471	0.3285033549623271	0.0474555202621271
height	annotated_credset_3153.txt	ENSG00000100991	TRPC4AP	1	-0.1099930837818284	0.7212127197313846	0.7055869757857721	0.0
height	annotated_credset_3154.txt	ENSG00000125970	RALY	0	-0.4125321610858339	0.3623140374134628	0.8821365530568303	0.3839287451005608
height	annotated_credset_3154.txt	ENSG00000125977	EIF2S2	0	-0.5539780701788328	0.7023125644424805	0.5061181994551827	0.3894518980363997
height	annotated_credset_3154.txt	ENSG00000101440	ASIP	0	-0.5415546279440033	0.0460119310649579	0.6147472799697639	0.6049591765557646
height	annotated_credset_3154.txt	ENSG00000101444	AHCY	0	-0.6082949743805226	0.0	0.4774750164332729	0.6632350282828632
height	annotated_credset_3154.txt	ENSG00000078747	ITCH	0	-0.247829670879172	0.6346111356606274	1.0	0.937182864879302
height	annotated_credset_3154.txt	ENSG00000125971	DYNLRB1	0	-0.4464204609939941	0.3623140374134628	0.4494679473200996	0.9777610193015532
height	annotated_credset_3154.txt	ENSG00000101460	MAP1LC3A	0	0.1361260316139456	0.3623140374134628	0.7655631011913745	1.0
height	annotated_credset_3154.txt	ENSG00000101464	PIGU	0	-0.2338987017963045	0.580534688466637	0.4957084509602295	0.9953589043824757
height	annotated_credset_3154.txt	ENSG00000198646	NCOA6	0	-0.2269818825874012	0.745765208425394	0.9877167758099212	0.8081756278471987
height	annotated_credset_3154.txt	ENSG00000078804	TP53INP2	0	-0.547818440965486	0.3623140374134628	0.2810085543021645	0.7980571677470486
height	annotated_credset_3154.txt	ENSG00000131067	GGT7	0	-0.4387587647688693	0.3623140374134628	0.235914033785852	0.6053109342413553
height	annotated_credset_3154.txt	ENSG00000131069	ACSS2	0	-0.2610788930036753	0.6458425394019737	0.537851803134111	0.5676672979544977
height	annotated_credset_3154.txt	ENSG00000100983	GSS	0	-0.3143276814913056	0.3623140374134628	0.4248799696433475	0.4904104119456607
height	annotated_credset_3154.txt	ENSG00000078814	MYH7B	0	-0.5635777513230087	0.6487516570923552	0.486918837166831	0.4259416014594904
height	annotated_credset_3154.txt	ENSG00000100991	TRPC4AP	1	-0.1361260316139456	0.5378553542495212	0.7750431399272423	0.3888813001621286
height	annotated_credset_3154.txt	ENSG00000088298	EDEM2	0	-0.5479215717817127	1.0	0.4902359674820278	0.2338377227187008
height	annotated_credset_3154.txt	ENSG00000101000	PROCR	0	-0.7279002561958632	0.3623140374134628	0.2514003628367717	0.1560016193791174
height	annotated_credset_3154.txt	ENSG00000125966	MMP24	0	-0.6845696509307091	0.632567388422448	0.2612202189969623	0.0810863086457629
height	annotated_credset_3154.txt	ENSG00000242372	EIF6	0	-0.6551771048107724	0.3623140374134628	0.3968466656069533	0.0093608108902636
height	annotated_credset_3154.txt	ENSG00000125998	FAM83C	0	-0.8520525049894321	0.3623140374134628	0.0	0.0
height	annotated_credset_3155.txt	ENSG00000125970	RALY	0	-0.4507409069038088	0.3623140374134628	0.8821365530568303	0.0
height	annotated_credset_3155.txt	ENSG00000125977	EIF2S2	0	-0.7884643151957214	0.7023125644424805	0.5061181994551827	0.0056096289336407
height	annotated_credset_3155.txt	ENSG00000101440	ASIP	0	-0.7596781462725068	0.0460119310649579	0.6147472799697639	0.2244911046117729
height	annotated_credset_3155.txt	ENSG00000101444	AHCY	0	-0.7789263462170217	0.0	0.4774750164332729	0.2836793812679657
height	annotated_credset_3155.txt	ENSG00000078747	ITCH	0	-0.5482526005045201	0.6346111356606274	1.0	0.5619164187593575
height	annotated_credset_3155.txt	ENSG00000125971	DYNLRB1	0	-0.7001640726681397	0.3623140374134628	0.4494679473200996	0.6031299052887202
height	annotated_credset_3155.txt	ENSG00000101460	MAP1LC3A	0	-0.3922560540477793	0.3623140374134628	0.7655631011913745	0.6301562164558409
height	annotated_credset_3155.txt	ENSG00000101464	PIGU	0	-0.6214950933357151	0.580534688466637	0.4957084509602295	0.7929260683248344
height	annotated_credset_3155.txt	ENSG00000198646	NCOA6	0	0.3922560540477793	0.745765208425394	0.9877167758099212	1.0
height	annotated_credset_3155.txt	ENSG00000078804	TP53INP2	0	-0.7850861367308182	0.3623140374134628	0.2810085543021645	0.8435758317557414
height	annotated_credset_3155.txt	ENSG00000131067	GGT7	0	-0.6373441189585789	0.3623140374134628	0.235914033785852	0.9853009384169686
height	annotated_credset_3155.txt	ENSG00000131069	ACSS2	0	-0.453162393727351	0.6458425394019737	0.537851803134111	0.9470679157693463
height	annotated_credset_3155.txt	ENSG00000100983	GSS	0	-0.6022413843176424	0.3623140374134628	0.4248799696433475	0.868601418804178
height	annotated_credset_3155.txt	ENSG00000078814	MYH7B	0	-0.6203665166150132	0.6487516570923552	0.486918837166831	0.8031232202422727
height	annotated_credset_3155.txt	ENSG00000100991	TRPC4AP	1	-0.5738388429455314	0.5378553542495212	0.7750431399272423	0.7654826658592622
height	annotated_credset_3155.txt	ENSG00000088298	EDEM2	0	-0.6625623072694875	1.0	0.4902359674820278	0.6080115713403603
height	annotated_credset_3155.txt	ENSG00000101000	PROCR	0	-0.7140981081921218	0.3623140374134628	0.2514003628367717	0.528956788239507
height	annotated_credset_3155.txt	ENSG00000125966	MMP24	0	-0.8092031647197229	0.632567388422448	0.2612202189969623	0.4528685285906385
height	annotated_credset_3155.txt	ENSG00000242372	EIF6	0	-0.7649698965157405	0.3623140374134628	0.3968466656069533	0.3800200248169642
height	annotated_credset_3155.txt	ENSG00000125998	FAM83C	0	-0.9615953148142125	0.3623140374134628	0.0	0.3705126517236664
height	annotated_credset_3155.txt	ENSG00000101019	UQCC1	0	-0.7052172197015059	0.5387023125644423	0.3128678416460064	0.3470439382301669
height	annotated_credset_3155.txt	ENSG00000204183	GDF5OS	0	-1.0185984152545458	0.3623140374134628	0.0969067420056862	0.1651798797249712
height	annotated_credset_3155.txt	ENSG00000125965	GDF5	0	-0.6030367314961284	0.3623140374134628	0.9280301095225209	0.1647365740587441
height	annotated_credset_3155.txt	ENSG00000126001	CEP250	0	-0.8235628696659463	0.4798755339519809	0.4851274665904775	0.1342906754725825
height	annotated_credset_3156.txt	ENSG00000101440	ASIP	0	-0.3305993685056834	0.0460119310649579	0.6147472799697639	0.0612800890684629
height	annotated_credset_3156.txt	ENSG00000101444	AHCY	0	-0.2589471473076201	0.0	0.4774750164332729	0.1259609600105597
height	annotated_credset_3156.txt	ENSG00000078747	ITCH	0	-0.2717850783834485	0.6346111356606274	1.0	0.4300180289100155
height	annotated_credset_3156.txt	ENSG00000125971	DYNLRB1	0	-0.347823533235972	0.3623140374134628	0.4494679473200996	0.4750560728247583
height	annotated_credset_3156.txt	ENSG00000101460	MAP1LC3A	0	-0.0855442410980029	0.3623140374134628	0.7655631011913745	0.5045903901490418
height	annotated_credset_3156.txt	ENSG00000101464	PIGU	0	-0.273748462690321	0.580534688466637	0.4957084509602295	0.6824650703523053
height	annotated_credset_3156.txt	ENSG00000198646	NCOA6	0	0.063749425511197	0.745765208425394	0.9877167758099212	0.908755190741418
height	annotated_credset_3156.txt	ENSG00000078804	TP53INP2	0	-0.4238550876932427	0.3623140374134628	0.2810085543021645	0.7378150652634929
height	annotated_credset_3156.txt	ENSG00000131067	GGT7	0	-0.4009683498434888	0.3623140374134628	0.235914033785852	0.9806768214835002
height	annotated_credset_3156.txt	ENSG00000131069	ACSS2	0	-0.0885835306066762	0.6458425394019737	0.537851803134111	1.0
height	annotated_credset_3156.txt	ENSG00000100983	GSS	0	-0.2947141798273387	0.3623140374134628	0.4248799696433475	0.9346628073057706
height	annotated_credset_3156.txt	ENSG00000078814	MYH7B	0	-0.0790300198082727	0.6487516570923552	0.486918837166831	0.8631083179715983
height	annotated_credset_3156.txt	ENSG00000100991	TRPC4AP	1	-0.063749425511197	0.5378553542495212	0.7750431399272423	0.8219747696106874
height	annotated_credset_3156.txt	ENSG00000088298	EDEM2	0	-0.3755435709302763	1.0	0.4902359674820278	0.6498905644757481
height	annotated_credset_3156.txt	ENSG00000101000	PROCR	0	-0.3680905026626946	0.3623140374134628	0.2514003628367717	0.5634996014003473
height	annotated_credset_3156.txt	ENSG00000125966	MMP24	0	-0.5470344392523989	0.632567388422448	0.2612202189969623	0.4803504512545424
height	annotated_credset_3156.txt	ENSG00000242372	EIF6	0	-0.6190625340778968	0.3623140374134628	0.3968466656069533	0.4007417020713225
height	annotated_credset_3156.txt	ENSG00000125998	FAM83C	0	-0.7901558259496717	0.3623140374134628	0.0	0.3903520572499672
height	annotated_credset_3156.txt	ENSG00000101019	UQCC1	0	-0.6610519460583701	0.5387023125644423	0.3128678416460064	0.3647054779878683
height	annotated_credset_3156.txt	ENSG00000204183	GDF5OS	0	-0.7690324958785302	0.3623140374134628	0.0969067420056862	0.1659646738669944
height	annotated_credset_3156.txt	ENSG00000125965	GDF5	0	-0.3534708121201131	0.3623140374134628	0.9280301095225209	0.1654802300175529
height	annotated_credset_3156.txt	ENSG00000126001	CEP250	0	-0.5749221335861345	0.4798755339519809	0.4851274665904775	0.132208992055911
height	annotated_credset_3156.txt	ENSG00000125975	C20orf173	0	-0.6980710169781774	0.3623140374134628	0.2388296998063918	0.0285730466670584
height	annotated_credset_3156.txt	ENSG00000125991	ERGIC3	0	-0.1982872110999554	0.3623140374134628	0.6105074399655461	0.0
height	annotated_credset_3157.txt	ENSG00000078747	ITCH	0	-0.3575406040227495	0.792693882667558	1.0	0.1601982402027965
height	annotated_credset_3157.txt	ENSG00000125971	DYNLRB1	0	-0.5594271137611373	0.6382040782216278	0.4494679473200996	0.2033425136343752
height	annotated_credset_3157.txt	ENSG00000101460	MAP1LC3A	0	-0.2208630554259636	0.6382040782216278	0.7655631011913745	0.2316349648932718
height	annotated_credset_3157.txt	ENSG00000101464	PIGU	0	-0.434519652430269	0.7620132040782216	0.4957084509602295	0.4020303278395773
height	annotated_credset_3157.txt	ENSG00000198646	NCOA6	0	-0.054267948577811	0.8557579809460136	0.9877167758099212	0.6188053469193221
height	annotated_credset_3157.txt	ENSG00000078804	TP53INP2	0	-0.2529617152078489	0.6382040782216278	0.2810085543021645	0.4550529528764313
height	annotated_credset_3157.txt	ENSG00000131067	GGT7	0	-0.35880742021393	0.6382040782216278	0.235914033785852	0.6877027996651707
height	annotated_credset_3157.txt	ENSG00000131069	ACSS2	0	-0.1911729576513117	0.7990661039612235	0.537851803134111	0.7681218340218403
height	annotated_credset_3157.txt	ENSG00000100983	GSS	0	-0.3499230402749893	0.6382040782216278	0.4248799696433475	0.8087662380044848
height	annotated_credset_3157.txt	ENSG00000078814	MYH7B	0	-0.2159800940544463	0.8007166137389269	0.486918837166831	0.8768012139001755
height	annotated_credset_3157.txt	ENSG00000100991	TRPC4AP	1	0.0468577826904443	0.7377987631622931	0.7750431399272423	1.0
height	annotated_credset_3157.txt	ENSG00000088298	EDEM2	0	-0.2585034718366061	1.0	0.4902359674820278	0.958398577541852
height	annotated_credset_3157.txt	ENSG00000101000	PROCR	0	-0.3974835185745176	0.6382040782216278	0.2514003628367717	0.8756402024224026
height	annotated_credset_3157.txt	ENSG00000125966	MMP24	0	-0.3141344740164558	0.7915343473173992	0.2612202189969623	0.7959873277041979
height	annotated_credset_3157.txt	ENSG00000242372	EIF6	0	-0.3726802366123394	0.6382040782216278	0.3968466656069533	0.7197259863189316
height	annotated_credset_3157.txt	ENSG00000125998	FAM83C	0	-0.6162091459310137	0.6382040782216278	0.0	0.7097732077773483
height	annotated_credset_3157.txt	ENSG00000101019	UQCC1	0	-0.3881160177639553	0.738279291325422	0.3128678416460064	0.6852050220372378
height	annotated_credset_3157.txt	ENSG00000204183	GDF5OS	0	-0.6269205374251188	0.6382040782216278	0.0969067420056862	0.4948209189613038
height	annotated_credset_3157.txt	ENSG00000125965	GDF5	0	-0.0468577826904443	0.6382040782216278	0.9280301095225209	0.494356845123148
height	annotated_credset_3157.txt	ENSG00000126001	CEP250	0	-0.3210042593002036	0.7049034765167975	0.4851274665904775	0.4624846041630045
height	annotated_credset_3157.txt	ENSG00000125975	C20orf173	0	-0.749461723090806	0.6382040782216278	0.2388296998063918	0.3632063678865577
height	annotated_credset_3157.txt	ENSG00000125991	ERGIC3	0	-0.3210933415595078	0.6382040782216278	0.6105074399655461	0.3358347675455114
height	annotated_credset_3157.txt	ENSG00000061656	SPAG4	0	-0.6161670588156276	0.6382040782216278	0.5054190283567486	0.2277785308397944
height	annotated_credset_3157.txt	ENSG00000214078	CPNE1	0	-0.4004723465017934	0.6382040782216278	0.567296371838177	0.2129821640314201
height	annotated_credset_3157.txt	ENSG00000272897	RP1-309K20.6	0	-0.80778332502766	0.0	0.2046743175116634	0.2037751142046094
height	annotated_credset_3157.txt	ENSG00000244462	RBM12	0	-0.4984606631389439	0.71321870299181	0.3277392064899012	0.1795717663875774
height	annotated_credset_3157.txt	ENSG00000244005	NFS1	0	-0.6251622937829209	0.7669438408825003	0.4647566204796572	0.1516543685136056
height	annotated_credset_3157.txt	ENSG00000125995	ROMO1	0	-0.5709491687480508	0.6382040782216278	0.5958548084919025	0.1060977867346313
height	annotated_credset_3157.txt	ENSG00000131051	RBM39	0	-0.4149642059503517	0.7809209426709008	0.8851527961447955	0.0997685784450644
height	annotated_credset_3157.txt	ENSG00000025293	PHF20	0	-0.4476557258031715	0.8203242520474677	0.7997979089049764	0.0
height	annotated_credset_3158.txt	ENSG00000101464	PIGU	0	-0.2494539929825725	0.7620132040782216	0.5018730703989025	0.0
height	annotated_credset_3158.txt	ENSG00000198646	NCOA6	0	-0.0407837614812791	0.8557579809460136	1.0	0.2908045081034321
height	annotated_credset_3158.txt	ENSG00000078804	TP53INP2	0	-0.7334502579774081	0.6382040782216278	0.284503170528555	0.0711300520588251
height	annotated_credset_3158.txt	ENSG00000131067	GGT7	0	-0.4823389615937883	0.6382040782216278	0.2388478555428038	0.3832307015845428
height	annotated_credset_3158.txt	ENSG00000131069	ACSS2	0	-0.2579825546536853	0.7990661039612235	0.5445405163773553	0.4911131403799524
height	annotated_credset_3158.txt	ENSG00000100983	GSS	0	-0.0479910822588947	0.6382040782216278	0.4301637676397151	0.5456377620707111
height	annotated_credset_3158.txt	ENSG00000078814	MYH7B	0	-0.2409967830312065	0.8007166137389269	0.4929741491608875	0.6369069395947919
height	annotated_credset_3158.txt	ENSG00000100991	TRPC4AP	1	-0.1438258867678576	0.7377987631622931	0.7846815594396603	0.8139519160043313
height	annotated_credset_3158.txt	ENSG00000088298	EDEM2	0	0.0293086210800948	1.0	0.4963325312360293	1.0
height	annotated_credset_3158.txt	ENSG00000101000	PROCR	0	-0.2731829081663732	0.6382040782216278	0.2545267722426048	0.9793621278916568
height	annotated_credset_3158.txt	ENSG00000125966	MMP24	0	-0.4170909715367117	0.7915343473173992	0.2644687479189199	0.9241376512049332
height	annotated_credset_3158.txt	ENSG00000242372	EIF6	0	-0.3443430424453315	0.6382040782216278	0.4017818420483359	0.8218327732582172
height	annotated_credset_3158.txt	ENSG00000125998	FAM83C	0	-0.5509203657903612	0.6382040782216278	0.0	0.8084810831957069
height	annotated_credset_3158.txt	ENSG00000101019	UQCC1	0	-0.4127548785463324	0.738279291325422	0.3167586592719931	0.7755227690897889
height	annotated_credset_3158.txt	ENSG00000204183	GDF5OS	0	-0.5336000883726275	0.6382040782216278	0.0981118721267271	0.5201217746359809
height	annotated_credset_3158.txt	ENSG00000125965	GDF5	0	-0.1353726725311943	0.6382040782216278	0.9395710716379626	0.5194992178266145
height	annotated_credset_3158.txt	ENSG00000126001	CEP250	0	-0.0293086210800948	0.7049034765167975	0.4911605011392828	0.4767424860135316
height	annotated_credset_3158.txt	ENSG00000125975	C20orf173	0	-0.7541465998113235	0.6382040782216278	0.2417997807221135	0.343560356502899
height	annotated_credset_3158.txt	ENSG00000125991	ERGIC3	0	-0.2540534682053446	0.6382040782216278	0.6180996971170548	0.30684125110518
height	annotated_credset_3158.txt	ENSG00000061656	SPAG4	0	-0.5077967812042443	0.6382040782216278	0.5117044083232345	0.161883400813609
height	annotated_credset_3158.txt	ENSG00000214078	CPNE1	0	-0.3076467767718029	0.6382040782216278	0.5743512570929028	0.1420340187690648
height	annotated_credset_3158.txt	ENSG00000272897	RP1-309K20.6	0	-0.8064827693681998	0.0	0.2072196428412708	0.1296827265983349
height	annotated_credset_3158.txt	ENSG00000244462	RBM12	0	-0.4751398750206537	0.71321870299181	0.3318149640833601	0.0972138439463212
height	annotated_credset_3158.txt	ENSG00000244005	NFS1	0	-0.2054728988975571	0.7669438408825003	0.4705363236324096	0.0597625490935613
height	annotated_credset_3159.txt	ENSG00000125971	DYNLRB1	0	-0.5610963223977392	0.6382040782216278	0.4550575208683065	0.0
height	annotated_credset_3159.txt	ENSG00000101460	MAP1LC3A	0	-0.0397851849980024	0.6382040782216278	0.7750836271497139	0.0266478948235847
height	annotated_credset_3159.txt	ENSG00000101464	PIGU	0	-0.4385843816015575	0.7620132040782216	0.5018730703989025	0.1871386797566111
height	annotated_credset_3159.txt	ENSG00000198646	NCOA6	0	0.0397851849980024	0.8557579809460136	1.0	0.3913132087133827
height	annotated_credset_3159.txt	ENSG00000078804	TP53INP2	0	-0.6159744134764287	0.6382040782216278	0.284503170528555	0.2370792565671184
height	annotated_credset_3159.txt	ENSG00000131067	GGT7	0	-0.2958892778098192	0.6382040782216278	0.2388478555428038	0.4562058564936613
height	annotated_credset_3159.txt	ENSG00000131069	ACSS2	0	-0.5113495842028462	0.7990661039612235	0.5445405163773553	0.5319503704539679
height	annotated_credset_3159.txt	ENSG00000100983	GSS	0	-0.3695697864983021	0.6382040782216278	0.4301637676397151	0.5702322355559258
height	annotated_credset_3159.txt	ENSG00000078814	MYH7B	0	-0.5360465327646935	0.8007166137389269	0.4929741491608875	0.6343125397120883
height	annotated_credset_3159.txt	ENSG00000100991	TRPC4AP	1	-0.1632018894386615	0.7377987631622931	0.7846815594396603	0.7586162339647352
height	annotated_credset_3159.txt	ENSG00000088298	EDEM2	0	-0.0492618272007554	1.0	0.4963325312360293	1.0
height	annotated_credset_3159.txt	ENSG00000101000	PROCR	0	-0.6608648323917425	0.6382040782216278	0.2545267722426048	0.874751132687565
height	annotated_credset_3159.txt	ENSG00000125966	MMP24	0	-0.2845288934198569	0.7915343473173992	0.2644687479189199	1.0
height	annotated_credset_3159.txt	ENSG00000242372	EIF6	0	-0.1815121759907692	0.6382040782216278	0.4017818420483359	0.9856673399260312
height	annotated_credset_3159.txt	ENSG00000125998	FAM83C	0	-0.7269358252101275	0.6382040782216278	0.0	0.9762930869370772
height	annotated_credset_3159.txt	ENSG00000101019	UQCC1	0	-0.4728433569938086	0.738279291325422	0.3167586592719931	0.9531529771029076
height	annotated_credset_3159.txt	ENSG00000204183	GDF5OS	0	-0.7427292658252307	0.6382040782216278	0.0981118721267271	0.773835338329749
height	annotated_credset_3159.txt	ENSG00000125965	GDF5	0	-0.3219996660696129	0.6382040782216278	0.9395710716379626	0.7733982397299709
height	annotated_credset_3159.txt	ENSG00000126001	CEP250	0	-0.2205052643148635	0.7049034765167975	0.4911605011392828	0.7433786377829398
height	annotated_credset_3159.txt	ENSG00000125975	C20orf173	0	-0.6733343471720687	0.6382040782216278	0.2417997807221135	0.6498711514800746
height	annotated_credset_3159.txt	ENSG00000125991	ERGIC3	0	-0.0630771692785532	0.6382040782216278	0.6180996971170548	0.6240905812365528
height	annotated_credset_3159.txt	ENSG00000061656	SPAG4	0	-0.4172177114720941	0.6382040782216278	0.5117044083232345	0.522315333683166
height	annotated_credset_3159.txt	ENSG00000214078	CPNE1	0	-0.215178716637431	0.6382040782216278	0.5743512570929028	0.5083790358745144
height	annotated_credset_3159.txt	ENSG00000272897	RP1-309K20.6	0	-0.7342309954162316	0.0	0.2072196428412708	0.4997071645977828
height	annotated_credset_3159.txt	ENSG00000244462	RBM12	0	-0.3934848127042749	0.71321870299181	0.3318149640833601	0.4769106857382815
height	annotated_credset_3159.txt	ENSG00000244005	NFS1	0	-0.548351680575319	0.7669438408825003	0.4705363236324096	0.4506160435566558
height	annotated_credset_3159.txt	ENSG00000125995	ROMO1	0	-0.4936773208237823	0.6382040782216278	0.6032648458393406	0.4077075310117625
height	annotated_credset_3159.txt	ENSG00000131051	RBM39	0	-0.0587631409353908	0.7809209426709008	0.8961605369302107	0.4017462208632152
height	annotated_credset_3159.txt	ENSG00000025293	PHF20	0	-0.3712592641494232	0.8203242520474677	0.8097441781821995	0.3077768945303956
height	annotated_credset_3160.txt	ENSG00000198646	NCOA6	0	-0.1889195928379625	0.8557579809460136	1.0	0.1746920858482573
height	annotated_credset_3160.txt	ENSG00000078804	TP53INP2	0	-0.7532321955772252	0.6382040782216278	0.284503170528555	0.0
height	annotated_credset_3160.txt	ENSG00000131067	GGT7	0	-0.7003842463425005	0.6382040782216278	0.2388478555428038	0.2481923225938131
height	annotated_credset_3160.txt	ENSG00000131069	ACSS2	0	-0.4992921283046803	0.7990661039612235	0.5445405163773553	0.3339838552048699
height	annotated_credset_3160.txt	ENSG00000100983	GSS	0	-0.3964709993089375	0.6382040782216278	0.4301637676397151	0.3773435614936686
height	annotated_credset_3160.txt	ENSG00000078814	MYH7B	0	-0.6426824882167779	0.8007166137389269	0.4929741491608875	0.4499237025005911
height	annotated_credset_3160.txt	ENSG00000100991	TRPC4AP	1	-0.3835218434754932	0.7377987631622931	0.7846815594396603	0.5907154758129038
height	annotated_credset_3160.txt	ENSG00000088298	EDEM2	0	-0.3158187731199113	1.0	0.4963325312360293	0.8791273471577431
height	annotated_credset_3160.txt	ENSG00000101000	PROCR	0	-0.3512636123791968	0.6382040782216278	0.2545267722426048	0.7222549158346946
height	annotated_credset_3160.txt	ENSG00000125966	MMP24	0	-0.4302053547580191	0.7915343473173992	0.2644687479189199	0.8773727821874556
height	annotated_credset_3160.txt	ENSG00000242372	EIF6	0	-0.475760247779676	0.6382040782216278	0.4017818420483359	0.8898073078464493
height	annotated_credset_3160.txt	ENSG00000125998	FAM83C	0	-0.575821329097423	0.6382040782216278	0.0	0.9013528746784386
height	annotated_credset_3160.txt	ENSG00000101019	UQCC1	0	-0.1200467701218268	0.738279291325422	0.3167586592719931	1.0
height	annotated_credset_3160.txt	ENSG00000204183	GDF5OS	0	-0.4502712953244037	0.6382040782216278	0.0981118721267271	0.8797188291221524
height	annotated_credset_3160.txt	ENSG00000125965	GDF5	0	0.1200467701218268	0.6382040782216278	0.9395710716379626	0.8792237522272531
height	annotated_credset_3160.txt	ENSG00000126001	CEP250	0	-0.3966505471785995	0.7049034765167975	0.4911605011392828	0.8452222447285147
height	annotated_credset_3160.txt	ENSG00000125975	C20orf173	0	-0.7745481276935806	0.6382040782216278	0.2417997807221135	0.7393115966684563
height	annotated_credset_3160.txt	ENSG00000125991	ERGIC3	0	-0.3275877685332804	0.6382040782216278	0.6180996971170548	0.7101114009428914
height	annotated_credset_3160.txt	ENSG00000061656	SPAG4	0	-0.6426314784514306	0.6382040782216278	0.5117044083232345	0.5948363267104468
height	annotated_credset_3160.txt	ENSG00000214078	CPNE1	0	-0.4309207955369336	0.6382040782216278	0.5743512570929028	0.5790514693601854
height	annotated_credset_3160.txt	ENSG00000272897	RP1-309K20.6	0	-0.8292154349076225	0.0	0.2072196428412708	0.5692293305868548
height	annotated_credset_3160.txt	ENSG00000244462	RBM12	0	-0.4914062710669733	0.71321870299181	0.3318149640833601	0.5434090466186049
height	annotated_credset_3160.txt	ENSG00000244005	NFS1	0	-0.6532112387991624	0.7669438408825003	0.4705363236324096	0.5136265906455799
height	annotated_credset_3160.txt	ENSG00000125995	ROMO1	0	-0.5977949204294617	0.6382040782216278	0.6032648458393406	0.4650265421296405
height	annotated_credset_3160.txt	ENSG00000131051	RBM39	0	-0.4410892943321163	0.7809209426709008	0.8961605369302107	0.4582745028429176
height	annotated_credset_3160.txt	ENSG00000025293	PHF20	0	-0.4842974737061218	0.8203242520474677	0.8097441781821995	0.3518407546674939
height	annotated_credset_3160.txt	ENSG00000171222	SCAND1	0	-0.6881243745578329	0.6382040782216278	0.4226059375825983	0.0690506527172492
height	annotated_credset_3160.txt	ENSG00000149646	CNBD2	0	-0.7515307041739976	0.708779040615076	0.282641990317737	0.0457400038262872
height	annotated_credset_3161.txt	ENSG00000198646	NCOA6	0	-0.0347593697649537	0.8557579809460136	1.0	0.0759789706922091
height	annotated_credset_3161.txt	ENSG00000131067	GGT7	0	-0.675285960601645	0.6382040782216278	0.2388478555428038	0.1436143750823883
height	annotated_credset_3161.txt	ENSG00000131069	ACSS2	0	-0.1013585640527774	0.7990661039612235	0.5445405163773553	0.2225603112905858
height	annotated_credset_3161.txt	ENSG00000100983	GSS	0	-0.3410749573730136	0.6382040782216278	0.4301637676397151	0.2624602000383538
height	annotated_credset_3161.txt	ENSG00000078814	MYH7B	0	-0.5375320054963997	0.8007166137389269	0.4929741491608875	0.3292489262392424
height	annotated_credset_3161.txt	ENSG00000100991	TRPC4AP	1	-0.2086095480681948	0.7377987631622931	0.7846815594396603	0.4588064480164016
height	annotated_credset_3161.txt	ENSG00000088298	EDEM2	0	-0.2364510543575104	1.0	0.4963325312360293	0.7242049611785514
height	annotated_credset_3161.txt	ENSG00000101000	PROCR	0	-0.5178711495829824	0.6382040782216278	0.2545267722426048	0.5798499114535377
height	annotated_credset_3161.txt	ENSG00000125966	MMP24	0	-0.485195446016065	0.7915343473173992	0.2644687479189199	0.7225903988784999
height	annotated_credset_3161.txt	ENSG00000242372	EIF6	0	-0.240548317438906	0.6382040782216278	0.4017818420483359	0.734032731700604
height	annotated_credset_3161.txt	ENSG00000125998	FAM83C	0	-0.5214174660784303	0.6382040782216278	0.0	0.7446570387256103
height	annotated_credset_3161.txt	ENSG00000101019	UQCC1	0	-0.3603760737974752	0.738279291325422	0.3167586592719931	0.9161989107825472
height	annotated_credset_3161.txt	ENSG00000204183	GDF5OS	0	-0.1750547539683138	0.6382040782216278	0.0981118721267271	0.9495846781653338
height	annotated_credset_3161.txt	ENSG00000125965	GDF5	0	-0.1001331833875007	0.6382040782216278	0.9395710716379626	0.9772628890233596
height	annotated_credset_3161.txt	ENSG00000126001	CEP250	0	0.0347593697649537	0.7049034765167975	0.4911605011392828	1.0
height	annotated_credset_3161.txt	ENSG00000125975	C20orf173	0	-0.6663153695825774	0.6382040782216278	0.2417997807221135	0.9246800291759965
height	annotated_credset_3161.txt	ENSG00000125991	ERGIC3	0	-0.2413553828320978	0.6382040782216278	0.6180996971170548	0.897809815777801
height	annotated_credset_3161.txt	ENSG00000061656	SPAG4	0	-0.4455680704876747	0.6382040782216278	0.5117044083232345	0.7917329294024558
height	annotated_credset_3161.txt	ENSG00000214078	CPNE1	0	-0.1896471920317959	0.6382040782216278	0.5743512570929028	0.7772075991804307
height	annotated_credset_3161.txt	ENSG00000272897	RP1-309K20.6	0	-0.7223176420256537	0.0	0.2072196428412708	0.7681692020632833
height	annotated_credset_3161.txt	ENSG00000244462	RBM12	0	-0.3811975593770211	0.71321870299181	0.3318149640833601	0.7444092058375918
height	annotated_credset_3161.txt	ENSG00000244005	NFS1	0	-0.3399575165424988	0.7669438408825003	0.4705363236324096	0.7170031927053954
height	annotated_credset_3161.txt	ENSG00000125995	ROMO1	0	-0.235997029700508	0.6382040782216278	0.6032648458393406	0.6722811063516172
height	annotated_credset_3161.txt	ENSG00000131051	RBM39	0	-0.107799768757429	0.7809209426709008	0.8961605369302107	0.6660678351046576
height	annotated_credset_3161.txt	ENSG00000025293	PHF20	0	-0.2069546558569595	0.8203242520474677	0.8097441781821995	0.5681267954923936
height	annotated_credset_3161.txt	ENSG00000171222	SCAND1	0	-0.583406919581748	0.6382040782216278	0.4226059375825983	0.307901471740613
height	annotated_credset_3161.txt	ENSG00000149646	CNBD2	0	-0.4693677779111389	0.708779040615076	0.282641990317737	0.286450858325643
height	annotated_credset_3161.txt	ENSG00000088367	EPB41L1	0	-0.5817209340330778	0.720290824001337	0.3986222377509833	0.1103618516277446
height	annotated_credset_3161.txt	ENSG00000269650	AL121895.1	0	-0.728466457180683	0.0	0.2072196428412708	0.0
height	annotated_credset_3162.txt	ENSG00000198646	NCOA6	0	-0.0344032339207738	0.8557579809460136	1.0	0.0
height	annotated_credset_3162.txt	ENSG00000131067	GGT7	0	-0.8074591430901372	0.6382040782216278	0.2388478555428038	0.0645000430355501
height	annotated_credset_3162.txt	ENSG00000131069	ACSS2	0	-0.6448352667439063	0.7990661039612235	0.5445405163773553	0.1397862977540907
height	annotated_credset_3162.txt	ENSG00000100983	GSS	0	-0.7118011870416816	0.6382040782216278	0.4301637676397151	0.1778365550793562
height	annotated_credset_3162.txt	ENSG00000078814	MYH7B	0	-0.5536756274189434	0.8007166137389269	0.4929741491608875	0.241529169222614
height	annotated_credset_3162.txt	ENSG00000100991	TRPC4AP	1	-0.5282745051157081	0.7377987631622931	0.7846815594396603	0.3650808180306659
height	annotated_credset_3162.txt	ENSG00000088298	EDEM2	0	-0.3154614832640019	1.0	0.4963325312360293	0.6181763036697713
height	annotated_credset_3162.txt	ENSG00000101000	PROCR	0	-0.7996196847402368	0.6382040782216278	0.2545267722426048	0.480513093053789
height	annotated_credset_3162.txt	ENSG00000125966	MMP24	0	-0.7839625973728129	0.7915343473173992	0.2644687479189199	0.6166365873218637
height	annotated_credset_3162.txt	ENSG00000242372	EIF6	0	-0.554461962707397	0.6382040782216278	0.4017818420483359	0.6275484901352957
height	annotated_credset_3162.txt	ENSG00000125998	FAM83C	0	-0.9259836367718786	0.6382040782216278	0.0	0.637680288215227
height	annotated_credset_3162.txt	ENSG00000101019	UQCC1	0	-0.5696761765092035	0.738279291325422	0.3167586592719931	0.8012700269006343
height	annotated_credset_3162.txt	ENSG00000204183	GDF5OS	0	-0.8740341336232489	0.6382040782216278	0.0981118721267271	0.8331081367246258
height	annotated_credset_3162.txt	ENSG00000125965	GDF5	0	-0.2046818183944561	0.6382040782216278	0.9395710716379626	0.8595032741173272
height	annotated_credset_3162.txt	ENSG00000126001	CEP250	0	-0.0191607223419161	0.7049034765167975	0.4911605011392828	0.937699551747175
height	annotated_credset_3162.txt	ENSG00000125975	C20orf173	0	-0.45009976098678	0.6382040782216278	0.2417997807221135	0.9618500094951452
height	annotated_credset_3162.txt	ENSG00000125991	ERGIC3	0	0.0191607223419161	0.6382040782216278	0.6180996971170548	1.0
height	annotated_credset_3162.txt	ENSG00000061656	SPAG4	0	-0.4239378448302624	0.6382040782216278	0.5117044083232345	0.9354542925305318
height	annotated_credset_3162.txt	ENSG00000214078	CPNE1	0	-0.4232895932512146	0.6382040782216278	0.5743512570929028	0.9216023102311218
height	annotated_credset_3162.txt	ENSG00000272897	RP1-309K20.6	0	-0.8515877802903605	0.0	0.2072196428412708	0.9129829043403064
height	annotated_credset_3162.txt	ENSG00000244462	RBM12	0	-0.4884673848365521	0.71321870299181	0.3318149640833601	0.8903243456623585
height	annotated_credset_3162.txt	ENSG00000244005	NFS1	0	-0.3905457090064244	0.7669438408825003	0.4705363236324096	0.8641887877781774
height	annotated_credset_3162.txt	ENSG00000125995	ROMO1	0	-0.3831169709361011	0.6382040782216278	0.6032648458393406	0.821539874528283
height	annotated_credset_3162.txt	ENSG00000131051	RBM39	0	-0.2041223667389327	0.7809209426709008	0.8961605369302107	0.8156146306943209
height	annotated_credset_3162.txt	ENSG00000025293	PHF20	0	-0.2268356082162097	0.8203242520474677	0.8097441781821995	0.7222138249048782
height	annotated_credset_3162.txt	ENSG00000171222	SCAND1	0	-0.5499106012424508	0.6382040782216278	0.4226059375825983	0.4740517161355992
height	annotated_credset_3162.txt	ENSG00000149646	CNBD2	0	-0.6117019430084263	0.708779040615076	0.282641990317737	0.4535954846562556
height	annotated_credset_3162.txt	ENSG00000088367	EPB41L1	0	-0.5504221197373598	0.720290824001337	0.3986222377509833	0.2856694019706187
height	annotated_credset_3162.txt	ENSG00000269650	AL121895.1	0	-0.8574478705460978	0.0	0.2072196428412708	0.1804235733450102
height	annotated_credset_3162.txt	ENSG00000131043	AAR2	0	-0.7611355067776391	0.7886929633962894	0.299412689698867	0.0876307300886809
height	annotated_credset_3163.txt	ENSG00000100991	TRPC4AP	1	-0.5327029915705626	0.7377987631622931	0.8351487004295673	0.0011069382773955
height	annotated_credset_3163.txt	ENSG00000088298	EDEM2	0	-0.5040201740768684	1.0	0.5282543771497439	0.3062386269420117
height	annotated_credset_3163.txt	ENSG00000101000	PROCR	0	-0.823551021668792	0.6382040782216278	0.2708967739916535	0.1402719846837462
height	annotated_credset_3163.txt	ENSG00000125966	MMP24	0	-0.6213426694689659	0.7915343473173992	0.2814781722237033	0.3043823463050212
height	annotated_credset_3163.txt	ENSG00000242372	EIF6	0	-0.745188099346684	0.6382040782216278	0.4276226186358697	0.3175377264715185
height	annotated_credset_3163.txt	ENSG00000125998	FAM83C	0	-0.9589994086646187	0.6382040782216278	0.0	0.3297526130765948
height	annotated_credset_3163.txt	ENSG00000101019	UQCC1	0	-0.5362685507207818	0.738279291325422	0.3371311323152861	0.5269762541353633
height	annotated_credset_3163.txt	ENSG00000204183	GDF5OS	0	-0.7197592951052665	0.6382040782216278	0.1044219805061557	0.5653602505545511
height	annotated_credset_3163.txt	ENSG00000125965	GDF5	0	-0.1085528268241036	0.6382040782216278	1.0	0.5971822043315296
height	annotated_credset_3163.txt	ENSG00000126001	CEP250	0	-0.4302229797956964	0.7049034765167975	0.522749705653494	0.691455565945357
height	annotated_credset_3163.txt	ENSG00000125975	C20orf173	0	-0.8273319929289527	0.6382040782216278	0.2573512403916201	0.7205713359720468
height	annotated_credset_3163.txt	ENSG00000125991	ERGIC3	0	-0.3055404929870329	0.6382040782216278	0.6578530520735554	0.7665649300335555
height	annotated_credset_3163.txt	ENSG00000061656	SPAG4	0	-0.3800665908038685	0.6382040782216278	0.5446149032996255	0.8712644286767967
height	annotated_credset_3163.txt	ENSG00000214078	CPNE1	0	-0.295899056785863	0.6382040782216278	0.6112909118111004	0.943583606962811
height	annotated_credset_3163.txt	ENSG00000272897	RP1-309K20.6	0	-0.7033558692666892	0.0	0.2205470656733003	0.959375992719212
height	annotated_credset_3163.txt	ENSG00000244462	RBM12	0	-0.3695474110626202	0.71321870299181	0.3531557900190606	0.943583606962811
height	annotated_credset_3163.txt	ENSG00000244005	NFS1	0	-0.0590199885112652	0.7669438408825003	0.500799075063177	1.0
height	annotated_credset_3163.txt	ENSG00000125995	ROMO1	0	-0.1526396426299097	0.6382040782216278	0.6420640907852384	0.9998945418047462
height	annotated_credset_3163.txt	ENSG00000131051	RBM39	0	0.0590199885112652	0.7809209426709008	0.9537974975835792	0.9927510731954938
height	annotated_credset_3163.txt	ENSG00000025293	PHF20	0	-0.3018795823914038	0.8203242520474677	0.86182323256352	0.8801471461787683
height	annotated_credset_3163.txt	ENSG00000171222	SCAND1	0	-0.4573859915047868	0.6382040782216278	0.4497860250697859	0.5809631322081827
height	annotated_credset_3163.txt	ENSG00000149646	CNBD2	0	-0.5518515822530976	0.708779040615076	0.3008202347322217	0.5563011180310243
height	annotated_credset_3163.txt	ENSG00000088367	EPB41L1	0	-0.4424815801127921	0.720290824001337	0.4242598029929355	0.3538495845660378
height	annotated_credset_3163.txt	ENSG00000269650	AL121895.1	0	-0.8834080304834251	0.0	0.2205470656733003	0.2269653087270346
height	annotated_credset_3163.txt	ENSG00000131043	AAR2	0	-0.789742010505508	0.7886929633962894	0.3186695490495447	0.115094340790576
height	annotated_credset_3163.txt	ENSG00000080845	DLGAP4	0	-0.6642419203483423	0.7211787564766838	0.5593726693510586	0.0
height	annotated_credset_3164.txt	ENSG00000100991	TRPC4AP	1	-0.6576928628281251	0.7377987631622931	0.8351487004295673	0.0
height	annotated_credset_3164.txt	ENSG00000088298	EDEM2	0	-0.8055428503004038	1.0	0.5282543771497439	0.2481831525344233
height	annotated_credset_3164.txt	ENSG00000101000	PROCR	0	-0.9031985071574642	0.6382040782216278	0.2708967739916535	0.1131918487092638
height	annotated_credset_3164.txt	ENSG00000125966	MMP24	0	-0.9362326409576992	0.7915343473173992	0.2814781722237033	0.2466733205582916
height	annotated_credset_3164.txt	ENSG00000242372	EIF6	0	-0.8710329992335495	0.6382040782216278	0.4276226186358697	0.2573734341282682
height	annotated_credset_3164.txt	ENSG00000125998	FAM83C	0	-1.0848443085514845	0.6382040782216278	0.0	0.2673085840262207
height	annotated_credset_3164.txt	ENSG00000101019	UQCC1	0	-0.5747736917346615	0.738279291325422	0.3371311323152861	0.4277232076482307
height	annotated_credset_3164.txt	ENSG00000204183	GDF5OS	0	-1.0326333182984064	0.6382040782216278	0.1044219805061557	0.4589433712434146
height	annotated_credset_3164.txt	ENSG00000125965	GDF5	0	-0.4761373574101268	0.6382040782216278	1.0	0.4848262051199574
height	annotated_credset_3164.txt	ENSG00000126001	CEP250	0	-0.7091487007198545	0.7049034765167975	0.522749705653494	0.5615047703248127
height	annotated_credset_3164.txt	ENSG00000125975	C20orf173	0	-0.8116724262821573	0.6382040782216278	0.2573512403916201	0.5851864915688938
height	annotated_credset_3164.txt	ENSG00000125991	ERGIC3	0	-0.6111867377454194	0.6382040782216278	0.6578530520735554	0.6225960284823814
height	annotated_credset_3164.txt	ENSG00000061656	SPAG4	0	-0.6025839064240714	0.6382040782216278	0.5446149032996255	0.7077548389480294
height	annotated_credset_3164.txt	ENSG00000214078	CPNE1	0	-0.4282282267685537	0.6382040782216278	0.6112909118111004	0.7665766602222202
height	annotated_credset_3164.txt	ENSG00000272897	RP1-309K20.6	0	-0.981050635066946	0.0	0.2205470656733003	0.779421619394492
height	annotated_credset_3164.txt	ENSG00000244462	RBM12	0	-0.7184404018842392	0.71321870299181	0.3531557900190606	0.7665766602222202
height	annotated_credset_3164.txt	ENSG00000244005	NFS1	0	-0.580012271611174	0.7669438408825003	0.500799075063177	0.8126660563844718
height	annotated_credset_3164.txt	ENSG00000125995	ROMO1	0	-0.5232072664776517	0.6382040782216278	0.6420640907852384	0.8148430545754336
height	annotated_credset_3164.txt	ENSG00000131051	RBM39	0	-0.1714532358842673	0.7809209426709008	0.9537974975835792	0.8702098122591686
height	annotated_credset_3164.txt	ENSG00000025293	PHF20	0	0.1714532358842673	0.8203242520474677	0.86182323256352	1.0
height	annotated_credset_3164.txt	ENSG00000171222	SCAND1	0	-0.5418428565710958	0.6382040782216278	0.4497860250697859	0.8467067399001029
height	annotated_credset_3164.txt	ENSG00000149646	CNBD2	0	-0.8883633174480381	0.708779040615076	0.3008202347322217	0.8266475436457822
height	annotated_credset_3164.txt	ENSG00000088367	EPB41L1	0	-0.6167719431801997	0.720290824001337	0.4242598029929355	0.6619807401726259
height	annotated_credset_3164.txt	ENSG00000269650	AL121895.1	0	-1.0010603911552027	0.0	0.2205470656733003	0.558777629009092
height	annotated_credset_3164.txt	ENSG00000131043	AAR2	0	-0.716104529048532	0.7886929633962894	0.3186695490495447	0.4677858030828608
height	annotated_credset_3164.txt	ENSG00000080845	DLGAP4	0	-0.7950858021878752	0.7211787564766838	0.5593726693510586	0.3741722014891144
height	annotated_credset_3165.txt	ENSG00000125965	GDF5	0	-0.2700931224588333	0.7779900162999185	1.0	0.0
height	annotated_credset_3165.txt	ENSG00000126001	CEP250	0	-0.4218599379787114	0.8592985941320292	0.3877112095821919	0.0799519664089665
height	annotated_credset_3165.txt	ENSG00000125975	C20orf173	0	-0.7518296675845167	0.7779900162999185	0.0472179564634159	0.1046446582499634
height	annotated_credset_3165.txt	ENSG00000125991	ERGIC3	0	-0.2028677223380132	0.7779900162999185	0.5610421965734274	0.1436512050038243
height	annotated_credset_3165.txt	ENSG00000061656	SPAG4	0	-0.5675570513321019	0.7779900162999185	0.4157631889682456	0.2324454375978624
height	annotated_credset_3165.txt	ENSG00000214078	CPNE1	0	-0.5247860220786996	0.7779900162999185	0.50130524747505	0.2937783572484057
height	annotated_credset_3165.txt	ENSG00000272897	RP1-309K20.6	0	-0.8170473966363846	0.0	0.0	0.3071716665979264
height	annotated_credset_3165.txt	ENSG00000244462	RBM12	0	-0.6903733913885733	0.8694351059494702	0.1701305088553028	0.2937783572484057
height	annotated_credset_3165.txt	ENSG00000244005	NFS1	0	-0.5956638338630428	0.9349276691116544	0.3595496239063639	0.3418353056788983
height	annotated_credset_3165.txt	ENSG00000125995	ROMO1	0	-0.5050457801610012	0.7779900162999185	0.5407857313104469	0.3441052397311481
height	annotated_credset_3165.txt	ENSG00000131051	RBM39	0	-0.3050764214802107	0.9519661776691116	0.940724448672028	0.4018355994304591
height	annotated_credset_3165.txt	ENSG00000025293	PHF20	0	-0.3469619185371763	1.0	0.8227259641329867	0.6924835430105006
height	annotated_credset_3165.txt	ENSG00000171222	SCAND1	0	-0.6258431147098055	0.7779900162999185	0.2941023752697843	0.7051826017606564
height	annotated_credset_3165.txt	ENSG00000149646	CNBD2	0	-0.4657589705811097	0.8640230236348818	0.1029865505968776	0.8046797480213641
height	annotated_credset_3165.txt	ENSG00000088367	EPB41L1	0	0.0527975107582884	0.8780562347188264	0.2613534805608302	1.0
height	annotated_credset_3165.txt	ENSG00000269650	AL121895.1	0	-0.6559111866716324	0.0	0.0	0.9996258750760596
height	annotated_credset_3165.txt	ENSG00000131043	AAR2	0	-0.4908437388715488	0.9614405052974736	0.1258863480461508	0.9078991069590234
height	annotated_credset_3165.txt	ENSG00000080845	DLGAP4	0	-0.3737426160809208	0.8791386511817441	0.43469668116708	0.8102891489472939
height	annotated_credset_3165.txt	ENSG00000101335	MYL9	0	-0.7380357294430341	0.6757207620211899	0.0814511545923895	0.4252678240934077
height	annotated_credset_3165.txt	ENSG00000118707	TGIF2	0	-0.0527975107582884	0.6779110635696821	0.641850878399869	0.3805619967652827
height	annotated_credset_3165.txt	ENSG00000259399	TGIF2-C20orf24	0	-0.8170473966363846	0.0	0.0	0.3790743169095005
height	annotated_credset_3165.txt	ENSG00000101084	C20orf24	0	-0.5346697283065133	0.6508888549307253	0.0970703524525894	0.3355181238736841
height	annotated_credset_3165.txt	ENSG00000101082	SLA2	0	-0.6811735415893843	0.8790495110024449	0.1885302084536808	0.3263210495352147
height	annotated_credset_3165.txt	ENSG00000101079	NDRG3	0	-0.5320777333465446	0.9311073757131214	0.48672182493936	0.271216828924045
height	annotated_credset_3165.txt	ENSG00000149636	DSN1	0	-0.612342285584721	0.893095456397718	0.3261927204630072	0.131493657492483
height	annotated_credset_3165.txt	ENSG00000149639	SOGA1	0	-0.60712080421159	0.7918958842705787	0.32477614703831	0.0956622246467844
height	annotated_credset_3166.txt	ENSG00000126001	CEP250	0	-0.6122759252604566	0.855138765682423	0.4761490466909663	0.0
height	annotated_credset_3166.txt	ENSG00000125975	C20orf173	0	-0.8947065622893667	0.7742237992649854	0.1536111712232337	0.0239745401392711
height	annotated_credset_3166.txt	ENSG00000125991	ERGIC3	0	-0.4788475308310982	0.7742237992649854	0.6403396959470218	0.0618466371494543
height	annotated_credset_3166.txt	ENSG00000061656	SPAG4	0	-0.7227645794751761	0.7742237992649854	0.5027217489426794	0.1480584162122428
height	annotated_credset_3166.txt	ENSG00000214078	CPNE1	0	-0.5594382919671366	0.7742237992649854	0.5837528811639588	0.2076075554267577
height	annotated_credset_3166.txt	ENSG00000272897	RP1-309K20.6	0	-0.9559546017774536	0.0	0.1088831796341451	0.2206113394882688
height	annotated_credset_3166.txt	ENSG00000244462	RBM12	0	-0.8391043924720536	0.865226207071347	0.2700421229489244	0.2076075554267577
height	annotated_credset_3166.txt	ENSG00000244005	NFS1	0	-0.7493891949138876	0.9304017234824484	0.4494725180652564	0.2542668360971965
height	annotated_credset_3166.txt	ENSG00000125995	ROMO1	0	-0.6635497421424645	0.7742237992649854	0.6211514236081026	0.2564707523571001
height	annotated_credset_3166.txt	ENSG00000131051	RBM39	0	-0.4741254539465158	0.9473577493346852	1.0	0.3125221069351281
height	annotated_credset_3166.txt	ENSG00000025293	PHF20	0	-0.5279492356554121	0.9951590419465214	0.8882239804664848	0.5947169698778229
height	annotated_credset_3166.txt	ENSG00000171222	SCAND1	0	-0.5997977527449114	0.7742237992649854	0.3874765274337264	0.6070466946278434
height	annotated_credset_3166.txt	ENSG00000149646	CNBD2	0	-0.604254375536792	0.8598403244202256	0.206438896016225	0.7036501083880973
height	annotated_credset_3166.txt	ENSG00000088367	EPB41L1	0	0.0308571284774021	0.8738056013179571	0.356454594321713	0.9777481220559464
height	annotated_credset_3166.txt	ENSG00000269650	AL121895.1	0	-0.8769936466344787	0.0	0.1088831796341451	0.892926505557097
height	annotated_credset_3166.txt	ENSG00000131043	AAR2	0	-0.0308571284774021	0.9567862121404132	0.2281311085645701	1.0
height	annotated_credset_3166.txt	ENSG00000080845	DLGAP4	0	-0.3467995669905839	0.8748827778481815	0.5206568131269517	0.9225168687104968
height	annotated_credset_3166.txt	ENSG00000101335	MYL9	0	-0.7221000655240798	0.6724496261563807	0.1860391353424917	0.5486933396022106
height	annotated_credset_3166.txt	ENSG00000118707	TGIF2	0	-0.4159552238222219	0.6746293245469522	0.7168870586830359	0.5052877174594694
height	annotated_credset_3166.txt	ENSG00000259399	TGIF2-C20orf24	0	-0.8311768674978209	0.0	0.1088831796341451	0.5038433046491326
height	annotated_credset_3166.txt	ENSG00000101084	C20orf24	0	-0.6491892191464255	0.647737929286529	0.2008346793017187	0.4615538813260227
height	annotated_credset_3166.txt	ENSG00000101082	SLA2	0	-0.6178972163494705	0.8747940691927512	0.2874715432482897	0.4526242907689733
height	annotated_credset_3166.txt	ENSG00000101079	NDRG3	0	-0.5229745837397752	0.9265999239640096	0.5699384925420825	0.3991226977716339
height	annotated_credset_3166.txt	ENSG00000149636	DSN1	0	-0.472745276424465	0.8887720187555443	0.417874638605808	0.2634631753735686
height	annotated_credset_3166.txt	ENSG00000149639	SOGA1	0	-0.6961265837654178	0.7880623495121024	0.4165327659588146	0.2286738486149305
height	annotated_credset_3166.txt	ENSG00000101342	TLDC2	0	-0.9741254539465158	0.8874794069192751	0.0	0.0948398470081454
height	annotated_credset_3166.txt	ENSG00000101347	SAMHD1	1	-0.6253974379675298	1.0	0.4391902982391	0.0757057851037024
height	annotated_credset_3167.txt	ENSG00000088367	EPB41L1	0	-0.6523089729399618	0.8738056013179571	0.4165113685972152	0.274786915075369
height	annotated_credset_3167.txt	ENSG00000269650	AL121895.1	0	-0.893966824102981	0.0	0.1272282161292701	0.1917993347334621
height	annotated_credset_3167.txt	ENSG00000131043	AAR2	0	-0.6221984687215489	0.9567862121404132	0.2665674724396195	0.3253681909592397
height	annotated_credset_3167.txt	ENSG00000080845	DLGAP4	0	-0.4539539441098965	0.8748827778481815	0.6083789780227877	0.7210589611413066
height	annotated_credset_3167.txt	ENSG00000101335	MYL9	0	-0.6576020466773397	0.6724496261563807	0.2173836895596544	0.7491739713311713
height	annotated_credset_3167.txt	ENSG00000118707	TGIF2	0	-0.3344551354865384	0.6746293245469522	0.8376708133328584	0.807724793713075
height	annotated_credset_3167.txt	ENSG00000259399	TGIF2-C20orf24	0	-0.7634036245828699	0.0	0.1272282161292701	0.8321854364278176
height	annotated_credset_3167.txt	ENSG00000101084	C20orf24	0	-0.5271136985293272	0.647737929286529	0.2346720409002349	0.8324149954594793
height	annotated_credset_3167.txt	ENSG00000101082	SLA2	0	-0.5483228593850691	0.8747940691927512	0.3359058006783142	0.8770781598912639
height	annotated_credset_3167.txt	ENSG00000101079	NDRG3	0	0.2075222283967321	0.9265999239640096	0.665963815101475	1.0
height	annotated_credset_3167.txt	ENSG00000149636	DSN1	0	-0.2075222283967321	0.8887720187555443	0.4882796866707962	0.9828311189082944
height	annotated_credset_3167.txt	ENSG00000149639	SOGA1	0	-0.4602283967162479	0.7880623495121024	0.4867117304104879	0.9487940164738872
height	annotated_credset_3167.txt	ENSG00000101342	TLDC2	0	-0.7510250292096998	0.8874794069192751	0.0	0.8178538102002582
height	annotated_credset_3167.txt	ENSG00000101347	SAMHD1	1	-0.4094176406559442	1.0	0.5131866866305217	0.7991334702078752
height	annotated_credset_3167.txt	ENSG00000080839	RBL1	0	-0.3434399407972848	0.7742237992649854	0.9291815837233288	0.6583195717111584
height	annotated_credset_3167.txt	ENSG00000269846	RBL1	0	-0.7917723310924438	0.3965910530984666	0.3316172021503446	0.5263748788076573
height	annotated_credset_3167.txt	ENSG00000101353	MROH8	0	-0.6510502718267768	0.7429223165631732	0.5440836070967787	0.5191550482222763
height	annotated_credset_3167.txt	ENSG00000118705	RPN2	0	-0.5880669503526978	0.7372196172855151	0.5334648952399441	0.4167372198998998
height	annotated_credset_3167.txt	ENSG00000118702	GHRH	1	-0.7037299707189566	0.7582942592827271	0.438724209312419	0.3203011957089143
height	annotated_credset_3167.txt	ENSG00000101363	MANBAL	0	-0.6318533402597085	0.634254213661133	0.5198843677757761	0.2691453587804802
height	annotated_credset_3167.txt	ENSG00000197122	SRC	0	-0.4575809321676161	0.4845900392852617	1.0	0.1961017979950602
height	annotated_credset_3167.txt	ENSG00000166619	BLCAP	0	-0.917435735797663	0.4141933848688379	0.0779751099182507	0.0
height	annotated_credset_3168.txt	ENSG00000088367	EPB41L1	0	-0.5412262610949147	0.8738056013179571	0.4165113685972152	0.2471175136361181
height	annotated_credset_3168.txt	ENSG00000269650	AL121895.1	0	-0.7392480286550286	0.0	0.1272282161292701	0.1626802397796619
height	annotated_credset_3168.txt	ENSG00000131043	AAR2	0	-0.6161982091737125	0.9567862121404132	0.2665674724396195	0.298582383755468
height	annotated_credset_3168.txt	ENSG00000080845	DLGAP4	0	-0.4421983196671931	0.8748827778481815	0.6083789780227877	0.7011853972025706
height	annotated_credset_3168.txt	ENSG00000101335	MYL9	0	-0.560061033288103	0.6724496261563807	0.2173836895596544	0.7297915429065184
height	annotated_credset_3168.txt	ENSG00000118707	TGIF2	0	-0.0183447241709712	0.6746293245469522	0.8376708133328584	0.7893651779445915
height	annotated_credset_3168.txt	ENSG00000259399	TGIF2-C20orf24	0	-0.4343094738912346	0.0	0.1272282161292701	0.814253118755738
height	annotated_credset_3168.txt	ENSG00000101084	C20orf24	0	-0.6317919329580838	0.647737929286529	0.2346720409002349	0.8144866879084085
height	annotated_credset_3168.txt	ENSG00000101082	SLA2	0	-0.4912480949849377	0.8747940691927512	0.3359058006783142	0.8599300642652697
height	annotated_credset_3168.txt	ENSG00000101079	NDRG3	0	-0.0942726194200859	0.9265999239640096	0.665963815101475	0.9947548198952314
height	annotated_credset_3168.txt	ENSG00000149636	DSN1	0	0.0183447241709712	0.8887720187555443	0.4882796866707962	1.0
height	annotated_credset_3168.txt	ENSG00000149639	SOGA1	0	-0.4684957009882967	0.7880623495121024	0.4867117304104879	0.9653683102014364
height	annotated_credset_3168.txt	ENSG00000101342	TLDC2	0	-0.7435803107003766	0.8874794069192751	0.0	0.8321407355403143
height	annotated_credset_3168.txt	ENSG00000101347	SAMHD1	1	-0.4604609931114342	1.0	0.5131866866305217	0.8130933736566398
height	annotated_credset_3168.txt	ENSG00000080839	RBL1	0	-0.2817970168169227	0.7742237992649854	0.9291815837233288	0.6698196252092672
height	annotated_credset_3168.txt	ENSG00000269846	RBL1	0	-0.6370535356444914	0.3965910530984666	0.3316172021503446	0.5355700167413728
height	annotated_credset_3168.txt	ENSG00000101353	MROH8	0	-0.481480919528391	0.7429223165631732	0.5440836070967787	0.5282240643732786
height	annotated_credset_3168.txt	ENSG00000118705	RPN2	0	-0.4867902754568084	0.7372196172855151	0.5334648952399441	0.4240171194037911
height	annotated_credset_3168.txt	ENSG00000118702	GHRH	1	-0.5341606184205708	0.7582942592827271	0.438724209312419	0.3258964735108279
height	annotated_credset_3168.txt	ENSG00000101363	MANBAL	0	-0.5020045828442877	0.634254213661133	0.5198843677757761	0.2738470054544473
height	annotated_credset_3168.txt	ENSG00000197122	SRC	0	-0.3028621367196636	0.4845900392852617	1.0	0.1995274612518226
height	annotated_credset_3168.txt	ENSG00000166619	BLCAP	0	-0.7622747930947668	0.4141933848688379	0.0779751099182507	0.0
height	annotated_credset_3169.txt	ENSG00000080845	DLGAP4	0	-0.5655449888334717	0.8748827778481815	0.6401802666210145	0.3813072667601901
height	annotated_credset_3169.txt	ENSG00000101335	MYL9	0	-0.7482602202868133	0.6724496261563807	0.280935454539832	0.4116775352019437
height	annotated_credset_3169.txt	ENSG00000118707	TGIF2	0	-0.4633016315373574	0.6746293245469522	0.850852632038744	0.474925038269358
height	annotated_credset_3169.txt	ENSG00000259399	TGIF2-C20orf24	0	-0.8274414067287685	0.0	0.1981009880737681	0.5013478024970003
height	annotated_credset_3169.txt	ENSG00000101084	C20orf24	0	-0.429080176315194	0.647737929286529	0.2968199183985978	0.5015957757101598
height	annotated_credset_3169.txt	ENSG00000101082	SLA2	0	-0.6901388736905306	0.8747940691927512	0.3898330673567258	0.5498416160670119
height	annotated_credset_3169.txt	ENSG00000101079	NDRG3	0	-0.4512214099107058	0.9265999239640096	0.693088970601495	0.6929809282781876
height	annotated_credset_3169.txt	ENSG00000149636	DSN1	0	-0.6183501963536214	0.8887720187555443	0.5298335472975731	0.7327426446541666
height	annotated_credset_3169.txt	ENSG00000149639	SOGA1	0	-0.6134245217615525	0.7880623495121024	0.5283929157383028	0.861556845349065
height	annotated_credset_3169.txt	ENSG00000101342	TLDC2	0	-0.7757228123943388	0.8874794069192751	0.0812042429123662	0.9053449013537436
height	annotated_credset_3169.txt	ENSG00000101347	SAMHD1	1	0.1434621714328227	1.0	0.5527179931823508	0.9879185479646808
height	annotated_credset_3169.txt	ENSG00000080839	RBL1	0	-0.1434621714328227	0.7742237992649854	0.9349323396013286	1.0
height	annotated_credset_3169.txt	ENSG00000269846	RBL1	0	-0.7228217108835558	0.3965910530984666	0.385892721225375	0.8574713039090899
height	annotated_credset_3169.txt	ENSG00000101353	MROH8	0	-0.339431923535585	0.7429223165631732	0.5811059526138218	0.8496723313495477
height	annotated_credset_3169.txt	ENSG00000118705	RPN2	0	-0.4074917163484896	0.7372196172855151	0.5713495252140259	0.7390390106298806
height	annotated_credset_3169.txt	ENSG00000118702	GHRH	1	-0.5816037391555867	0.7582942592827271	0.4843021849602438	0.6348673271641038
height	annotated_credset_3169.txt	ENSG00000101363	MANBAL	0	-0.6151663266174549	0.634254213661133	0.5588717942009364	0.5796080016512436
height	annotated_credset_3169.txt	ENSG00000197122	SRC	0	-0.3695527757046174	0.4845900392852617	1.0	0.5007052186177715
height	annotated_credset_3169.txt	ENSG00000166619	BLCAP	0	-0.8500681792338041	0.4141933848688379	0.1528474430636969	0.2888730262478929
height	annotated_credset_3169.txt	ENSG00000053438	NNAT	0	-0.8105767135188031	0.2533899379039412	0.1206329028750464	0.2476736385840586
height	annotated_credset_3169.txt	ENSG00000132792	CTNNBL1	0	-0.9252674425480316	0.0847763274616651	0.0	0.0
height	annotated_credset_3170.txt	ENSG00000080845	DLGAP4	0	-0.5766644456862621	0.8748827778481815	0.6083789780227877	0.0601937410875637
height	annotated_credset_3170.txt	ENSG00000101335	MYL9	0	-0.7762780886627932	0.6724496261563807	0.2173836895596544	0.1016017275851721
height	annotated_credset_3170.txt	ENSG00000118707	TGIF2	0	-0.2057360792626109	0.6746293245469522	0.8376708133328584	0.1878357942364357
height	annotated_credset_3170.txt	ENSG00000259399	TGIF2-C20orf24	0	-0.6689191517367806	0.0	0.1272282161292701	0.2238616023871302
height	annotated_credset_3170.txt	ENSG00000101084	C20orf24	0	-0.767633912992503	0.647737929286529	0.2346720409002349	0.2241996985577969
height	annotated_credset_3170.txt	ENSG00000101082	SLA2	0	-0.7129010343584988	0.8747940691927512	0.3359058006783142	0.2899799240402871
height	annotated_credset_3170.txt	ENSG00000101079	NDRG3	0	-0.0619181001068184	0.9265999239640096	0.665963815101475	0.485141541353114
height	annotated_credset_3170.txt	ENSG00000149636	DSN1	0	-0.6335624361651143	0.8887720187555443	0.4882796866707962	0.5393541874473021
height	annotated_credset_3170.txt	ENSG00000149639	SOGA1	0	-0.5647418982659106	0.7880623495121024	0.4867117304104879	0.7149843993864694
height	annotated_credset_3170.txt	ENSG00000101342	TLDC2	0	-0.5766421989722531	0.8874794069192751	0.0	0.7746867110494597
height	annotated_credset_3170.txt	ENSG00000101347	SAMHD1	1	-0.118747042531382	1.0	0.5131866866305217	0.8872707815683492
height	annotated_credset_3170.txt	ENSG00000080839	RBL1	0	0.0619181001068184	0.7742237992649854	0.9291815837233288	1.0
height	annotated_credset_3170.txt	ENSG00000269846	RBL1	0	-0.7584074146733565	0.3965910530984666	0.3316172021503446	0.8314214785581964
height	annotated_credset_3170.txt	ENSG00000101353	MROH8	0	-0.5232433454818471	0.7429223165631732	0.5440836070967787	0.8207880608437595
height	annotated_credset_3170.txt	ENSG00000118705	RPN2	0	-0.586681415971727	0.7372196172855151	0.5334648952399441	0.6699463565851503
height	annotated_credset_3170.txt	ENSG00000118702	GHRH	1	-0.66246743886713	0.7582942592827271	0.438724209312419	0.5279146958951281
height	annotated_credset_3170.txt	ENSG00000101363	MANBAL	0	-0.6325550413294821	0.634254213661133	0.5198843677757761	0.4525720162908332
height	annotated_credset_3170.txt	ENSG00000197122	SRC	0	-0.3518419698996823	0.4845900392852617	1.0	0.3449929416856863
height	annotated_credset_3170.txt	ENSG00000166619	BLCAP	0	-0.4882937726981252	0.4141933848688379	0.0779751099182507	0.0561728221588049
height	annotated_credset_3170.txt	ENSG00000053438	NNAT	0	-0.4954110946610744	0.2533899379039412	0.0429134110149352	0.0
height	annotated_credset_3171.txt	ENSG00000101079	NDRG3	0	-0.3942714933345486	0.9218249131800336	0.7388366325097148	0.0
height	annotated_credset_3171.txt	ENSG00000149636	DSN1	0	-0.4667006983890929	0.8815361296583484	0.5999157986945717	0.0420320862097179
height	annotated_credset_3171.txt	ENSG00000149639	SOGA1	0	-0.4673136450630348	0.7742748356393095	0.5986899053466879	0.1782014994575527
height	annotated_credset_3171.txt	ENSG00000101342	TLDC2	0	-0.6575793711394495	0.8801594275078587	0.2181584531938581	0.2244898268411387
height	annotated_credset_3171.txt	ENSG00000101347	SAMHD1	1	-0.4454333969605977	1.0	0.619389126069384	0.3117783784766626
height	annotated_credset_3171.txt	ENSG00000080839	RBL1	0	-0.2988058259713482	0.7595360243811251	0.944631219875886	0.530199766050681
height	annotated_credset_3171.txt	ENSG00000269846	RBL1	0	-0.5868977953112551	0.3573365402395191	0.4774305594706086	0.5319922663385719
height	annotated_credset_3171.txt	ENSG00000101353	MROH8	0	-0.4460421167658868	0.7261982370114226	0.6435456221582688	0.6568612001721286
height	annotated_credset_3171.txt	ENSG00000118705	RPN2	0	-0.4479351294548341	0.7201245510533796	0.6352434720550324	0.750851551277933
height	annotated_credset_3171.txt	ENSG00000118702	GHRH	1	-0.1550759737205305	0.7425701949383251	0.5611712676239813	0.7814831538307686
height	annotated_credset_3171.txt	ENSG00000101363	MANBAL	0	-0.4899829122824244	0.610460776810937	0.6246256514560041	0.8654639893813677
height	annotated_credset_3171.txt	ENSG00000197122	SRC	0	0.1550759737205305	0.4510602631120757	1.0	1.0
height	annotated_credset_3171.txt	ENSG00000166619	BLCAP	0	-0.2526836713593179	0.3760839842300118	0.2791226337447223	0.9982741692071784
height	annotated_credset_3171.txt	ENSG00000053438	NNAT	0	-0.2936416190306048	0.2048195372931066	0.2517099408405028	0.9547223215530356
height	annotated_credset_3171.txt	ENSG00000132792	CTNNBL1	0	-0.7415144768071043	0.0252368400096639	0.1490583834601113	0.6929066687677659
height	annotated_credset_3171.txt	ENSG00000132821	VSTM2L	0	-0.8138896775752567	0.0635806943167845	0.0234467949426055	0.3760886825501688
height	annotated_credset_3171.txt	ENSG00000101407	TTI1	0	-0.6452525834384752	0.0390618989581604	0.3607209832161683	0.2550077882091967
height	annotated_credset_3171.txt	ENSG00000101413	RPRD1B	0	-0.6267660203979499	0.0	0.3976941092972188	0.1784302970429048
height	annotated_credset_3171.txt	ENSG00000198959	TGM2	0	-0.8238462741661272	0.1284395621007395	0.0	0.0346135896674404
height	annotated_credset_3172.txt	ENSG00000149639	SOGA1	0	-0.541904149232499	0.7742748356393095	0.5986899053466879	0.2408606283810213
height	annotated_credset_3172.txt	ENSG00000101342	TLDC2	0	-0.7337744323462672	0.8801594275078587	0.2181584531938581	0.2836196401583297
height	annotated_credset_3172.txt	ENSG00000101347	SAMHD1	1	-0.5241217800630147	1.0	0.619389126069384	0.3642527590973193
height	annotated_credset_3172.txt	ENSG00000080839	RBL1	0	-0.373679809831364	0.7595360243811251	0.944631219875886	0.5660203150147826
height	annotated_credset_3172.txt	ENSG00000269846	RBL1	0	-0.6517281581080385	0.3573365402395191	0.4774305594706086	0.5676761437140053
height	annotated_credset_3172.txt	ENSG00000101353	MROH8	0	-0.5118198357867303	0.7261982370114226	0.6435456221582688	0.6830242782050853
height	annotated_credset_3172.txt	ENSG00000118705	RPN2	0	-0.4816039455444643	0.7201245510533796	0.6352434720550324	0.7698482089248544
height	annotated_credset_3172.txt	ENSG00000118702	GHRH	1	-0.2235990826797285	0.7425701949383251	0.5611712676239813	0.7981442638559509
height	annotated_credset_3172.txt	ENSG00000101363	MANBAL	0	-0.2265265080732874	0.610460776810937	0.6246256514560041	0.8757218679594347
height	annotated_credset_3172.txt	ENSG00000197122	SRC	0	0.2235990826797285	0.4510602631120757	1.0	1.0
height	annotated_credset_3172.txt	ENSG00000166619	BLCAP	0	-0.5521450957100564	0.3760839842300118	0.2791226337447223	0.8901849861284721
height	annotated_credset_3172.txt	ENSG00000053438	NNAT	0	-0.5690170448461871	0.2048195372931066	0.2517099408405028	0.8499538075132906
height	annotated_credset_3172.txt	ENSG00000132792	CTNNBL1	0	-0.8131859627079832	0.0252368400096639	0.1490583834601113	0.6081006403388193
height	annotated_credset_3172.txt	ENSG00000132821	VSTM2L	0	-0.480400915196564	0.0635806943167845	0.0234467949426055	0.3154388664172761
height	annotated_credset_3172.txt	ENSG00000101407	TTI1	0	-0.4634198526683641	0.0390618989581604	0.3607209832161683	0.2035899472669036
height	annotated_credset_3172.txt	ENSG00000101413	RPRD1B	0	-0.4081512633369453	0.0	0.3976941092972188	0.1328512096252984
height	annotated_credset_3172.txt	ENSG00000198959	TGM2	0	-0.8077353174972735	0.1284395621007395	0.0	0.0
height	annotated_credset_384.txt	ENSG00000068878	PSME4	0	-0.2107853926696656	0.8521922931666729	1.0	0.0530360468977852
height	annotated_credset_384.txt	ENSG00000170634	ACYP2	0	-0.5253211150310624	1.0	0.5063920314582369	0.5474787722674446
height	annotated_credset_384.txt	ENSG00000178021	TSPYL6	0	-1.0505994595565675	0.4223377556863175	0.0	0.474999139607564
height	annotated_credset_384.txt	ENSG00000177994	C2orf73	0	-0.858066909602476	0.5912978326815541	0.0173566553128461	0.6634420451952889
height	annotated_credset_384.txt	ENSG00000115306	SPTBN1	0	0.2107853926696656	0.5251605082660235	0.5675115734252448	1.0
height	annotated_credset_384.txt	ENSG00000214595	EML6	0	-0.6534277805204144	0.6657499116747684	0.263590460809733	0.8342845079249067
height	annotated_credset_384.txt	ENSG00000115310	RTN4	0	-0.7891135881771726	0.5452925697160191	0.4640537434912118	0.4666397464303925
height	annotated_credset_384.txt	ENSG00000162994	CLHC1	1	-0.7130490933643691	0.1715245544144341	0.3751291518790259	0.1671268449015289
height	annotated_credset_384.txt	ENSG00000143947	RPS27A	0	-0.8766837407012533	0.0	0.0924078918732261	0.0826963810753255
height	annotated_credset_384.txt	ENSG00000085760	MTIF2	0	-0.8096507754371829	0.1179050473301414	0.1511757514937743	0.075760050071814
height	annotated_credset_384.txt	ENSG00000115355	CCDC88A	0	-0.4392577085014151	0.6818616522300598	0.8012406357849264	0.0
height	annotated_credset_387.txt	ENSG00000115306	SPTBN1	0	-0.6064295299228524	0.5115814708334445	0.7303797960563214	0.18727370591067
height	annotated_credset_387.txt	ENSG00000214595	EML6	0	-0.4970542480467963	0.6485356641655319	0.3797889386811143	0.7554631623277501
height	annotated_credset_387.txt	ENSG00000115310	RTN4	0	0.2712448246795287	0.53119297902073	0.6110351115538084	1.0
height	annotated_credset_387.txt	ENSG00000162994	CLHC1	1	-0.4743108879267566	0.1670894563666194	0.5084553712167258	0.8634762080018689
height	annotated_credset_387.txt	ENSG00000143947	RPS27A	0	-0.8294587594337786	0.0	0.1823197892210536	0.7561470435212515
height	annotated_credset_387.txt	ENSG00000085760	MTIF2	0	-0.6891013240769035	0.1148563850145528	0.2501119676359145	0.7473294843437921
height	annotated_credset_387.txt	ENSG00000115355	CCDC88A	0	-0.2712448246795287	0.6642308046058857	1.0	0.6510222688349988
height	annotated_credset_387.txt	ENSG00000163001	CCDC104	0	-0.7952886683957976	0.8010959895800883	0.2868460703494447	0.215477692942772
height	annotated_credset_387.txt	ENSG00000138041	SMEK2	0	-0.8433490999061217	0.8755366462244137	0.0	0.1634443215647895
height	annotated_credset_387.txt	ENSG00000138035	PNPT1	0	-0.5282266399166369	1.0	0.8040654155844382	0.0
height	annotated_credset_388.txt	ENSG00000214595	EML6	0	-0.8063149222475632	0.6485356641655319	0.4680285429361138	0.3205863397461311
height	annotated_credset_388.txt	ENSG00000115310	RTN4	0	-0.7715532158951857	0.53119297902073	0.6205590528851314	0.5321682683018663
height	annotated_credset_388.txt	ENSG00000162994	CLHC1	1	-0.7289397453338771	0.1670894563666194	0.5528972191359226	0.7126630028312545
height	annotated_credset_388.txt	ENSG00000143947	RPS27A	0	-0.6091627535189374	0.0	0.3377774356759579	0.7176139597654534
height	annotated_credset_388.txt	ENSG00000085760	MTIF2	0	-0.5500242189772928	0.1148563850145528	0.3824933132004094	0.768017410085836
height	annotated_credset_388.txt	ENSG00000115355	CCDC88A	0	0.0117304476836659	0.6642308046058857	0.8771211920545533	0.9946087138578932
height	annotated_credset_388.txt	ENSG00000163001	CCDC104	0	-0.2353949548115925	0.8010959895800883	0.4067232122288313	1.0
height	annotated_credset_388.txt	ENSG00000138041	SMEK2	0	-0.9141657927707156	0.8755366462244137	0.2175188814338761	0.9583337095458664
height	annotated_credset_388.txt	ENSG00000138035	PNPT1	0	-0.0117304476836659	1.0	0.7478822874435467	0.8274538838677056
height	annotated_credset_388.txt	ENSG00000115380	EFEMP1	0	-0.5368154999061108	0.934564022228354	1.0	0.4787770985887515
height	annotated_credset_388.txt	ENSG00000055813	CCDC85A	0	-1.080439424161482	0.3910789889837322	0.0	0.0
height	annotated_credset_389.txt	ENSG00000214595	EML6	0	-0.8552557965147572	0.6485356641655319	0.3201478675438073	0.0
height	annotated_credset_389.txt	ENSG00000115310	RTN4	0	-0.7886003950200833	0.53119297902073	0.5150797404412975	0.2667083616809368
height	annotated_credset_389.txt	ENSG00000162994	CLHC1	1	-0.3178668326827983	0.1670894563666194	0.4286088568074568	0.4942299428810429
height	annotated_credset_389.txt	ENSG00000143947	RPS27A	0	-0.7400268566321927	0.0	0.1536887617971567	0.5004708426671758
height	annotated_credset_389.txt	ENSG00000085760	MTIF2	0	-0.7386602019736291	0.1148563850145528	0.2108350321204485	0.5640066169640556
height	annotated_credset_389.txt	ENSG00000115355	CCDC88A	0	0.0110923369539998	0.6642308046058857	0.8429625903681626	0.8496349587261137
height	annotated_credset_389.txt	ENSG00000163001	CCDC104	0	-0.0110923369539998	0.8010959895800883	0.2418005064986961	1.0
height	annotated_credset_389.txt	ENSG00000138041	SMEK2	0	-0.4555680868769319	0.8755366462244137	0.0	0.9474778014351224
height	annotated_credset_389.txt	ENSG00000138035	PNPT1	0	-0.5040265506399312	1.0	0.6777970655465112	0.7824980031981777
height	annotated_credset_389.txt	ENSG00000115380	EFEMP1	0	-0.5139904139185579	0.934564022228354	1.0	0.3429755222721719
height	annotated_credset_390.txt	ENSG00000115310	RTN4	0	-0.7056686302571882	0.53119297902073	0.6205590528851314	0.0
height	annotated_credset_390.txt	ENSG00000162994	CLHC1	1	-0.740964033253924	0.1670894563666194	0.5528972191359226	0.2063383383107857
height	annotated_credset_390.txt	ENSG00000143947	RPS27A	0	-0.8485239249839063	0.0	0.3377774356759579	0.2119981833445727
height	annotated_credset_390.txt	ENSG00000085760	MTIF2	0	-0.8261659862216806	0.1148563850145528	0.3824933132004094	0.2696185023602758
height	annotated_credset_390.txt	ENSG00000115355	CCDC88A	0	-0.2211680901715311	0.6642308046058857	0.8771211920545533	0.5286536106026617
height	annotated_credset_390.txt	ENSG00000163001	CCDC104	0	-0.7579235480943409	0.8010959895800883	0.4067232122288313	0.7453413798323723
height	annotated_credset_390.txt	ENSG00000138041	SMEK2	0	-0.8457447314743014	0.8755366462244137	0.2175188814338761	0.8709245675121454
height	annotated_credset_390.txt	ENSG00000138035	PNPT1	0	-0.1376945573238361	1.0	0.7478822874435467	1.0
height	annotated_credset_390.txt	ENSG00000115380	EFEMP1	0	0.1376945573238361	0.934564022228354	1.0	0.8024647713388224
height	annotated_credset_390.txt	ENSG00000055813	CCDC85A	0	-1.0174126428218853	0.3910789889837322	0.0	0.255135392442303
height	annotated_credset_391.txt	ENSG00000162994	CLHC1	1	-0.581543125756518	0.1670894563666194	0.5528972191359226	0.0
height	annotated_credset_391.txt	ENSG00000143947	RPS27A	0	-0.6907177073134656	0.0	0.3377774356759579	0.0047572569858655
height	annotated_credset_391.txt	ENSG00000085760	MTIF2	0	-0.6737784268077707	0.1148563850145528	0.3824933132004094	0.0531887358565593
height	annotated_credset_391.txt	ENSG00000115355	CCDC88A	0	-0.4063541186520609	0.6642308046058857	0.8771211920545533	0.2709149405342876
height	annotated_credset_391.txt	ENSG00000163001	CCDC104	0	-0.7557640718141285	0.8010959895800883	0.4067232122288313	0.4530470303293207
height	annotated_credset_391.txt	ENSG00000138041	SMEK2	0	-0.84970176463165	0.8755366462244137	0.2175188814338761	0.5586031883743628
height	annotated_credset_391.txt	ENSG00000138035	PNPT1	0	-0.1843621331600178	1.0	0.7478822874435467	0.6670946751979178
height	annotated_credset_391.txt	ENSG00000115380	EFEMP1	0	0.1843621331600178	0.934564022228354	1.0	1.0
height	annotated_credset_391.txt	ENSG00000055813	CCDC85A	0	-0.8528762858959209	0.3910789889837322	0.0	0.7125496597552995
height	annotated_credset_392.txt	ENSG00000162994	CLHC1	1	-0.7304492374737421	0.1670894563666194	0.5528972191359226	0.0
height	annotated_credset_392.txt	ENSG00000143947	RPS27A	0	-0.8394644958152051	0.0	0.3377774356759579	0.0049298062901436
height	annotated_credset_392.txt	ENSG00000085760	MTIF2	0	-0.8171065570529794	0.1148563850145528	0.3824933132004094	0.0551179314822622
height	annotated_credset_392.txt	ENSG00000115355	CCDC88A	0	-0.5249116314122233	0.6642308046058857	0.8771211920545533	0.2807412300634431
height	annotated_credset_392.txt	ENSG00000163001	CCDC104	0	-0.7564350413003651	0.8010959895800883	0.4067232122288313	0.4694793883290691
height	annotated_credset_392.txt	ENSG00000138041	SMEK2	0	-0.8483040953163119	0.8755366462244137	0.2175188814338761	0.5788641479583956
height	annotated_credset_392.txt	ENSG00000138035	PNPT1	0	-0.1519880491641987	1.0	0.7478822874435467	0.6912907029582361
height	annotated_credset_392.txt	ENSG00000115380	EFEMP1	0	0.1519880491641987	0.934564022228354	1.0	1.0
height	annotated_credset_392.txt	ENSG00000055813	CCDC85A	0	-0.8619775575252544	0.3910789889837322	0.0	0.5741636645462707
height	annotated_credset_481.txt	ENSG00000071909	MYO3B	0	-0.9190838018898672	0.2462889673286507	0.090600252498679	0.6120975198251956
height	annotated_credset_481.txt	ENSG00000222033	LINC01124	0	-0.7841401613592354	0.0	0.3529737720395571	0.6919588073504201
height	annotated_credset_481.txt	ENSG00000204335	SP5	0	-0.8007362446300264	0.4095625200556209	0.3197816054979751	0.6966795457924206
height	annotated_credset_481.txt	ENSG00000204334	ERICH2	0	-0.8285509996985786	0.4536195196158829	0.252665445847626	0.8054447678911812
height	annotated_credset_481.txt	ENSG00000128683	GAD1	0	-0.6993433516812295	0.1939601383392163	0.0	0.8890493011647764
height	annotated_credset_481.txt	ENSG00000115806	GORASP2	0	0.1179374736142129	0.916497308089992	0.717757336931217	1.0
height	annotated_credset_481.txt	ENSG00000198586	TLK1	1	-0.2985101478579561	1.0	0.6984590578693253	0.9365993472968892
height	annotated_credset_481.txt	ENSG00000123600	METTL8	0	-0.673634680679094	0.905943594680358	0.4964395673842148	0.4974859651211034
height	annotated_credset_481.txt	ENSG00000115827	DCAF17	0	-0.7026199024800694	0.5599172817057083	0.5194178342238532	0.3404309904890335
height	annotated_credset_481.txt	ENSG00000071967	CYBRD1	0	-0.1179374736142129	0.8088446773867675	1.0	0.2220696674900856
height	annotated_credset_481.txt	ENSG00000077380	DYNC1I2	0	-0.3881321521629661	0.5430883873498058	0.4081012625619171	0.0
height	annotated_credset_482.txt	ENSG00000071909	MYO3B	0	-0.9397590230313004	0.2462889673286507	0.090600252498679	0.1954156860215772
height	annotated_credset_482.txt	ENSG00000222033	LINC01124	0	-0.8085722632608614	0.0	0.3529737720395571	0.2783622633696703
height	annotated_credset_482.txt	ENSG00000204335	SP5	0	-0.8251683465316524	0.4095625200556209	0.3197816054979751	0.2832653786142853
height	annotated_credset_482.txt	ENSG00000204334	ERICH2	0	-0.858726426356827	0.4536195196158829	0.252665445847626	0.3962325393897465
height	annotated_credset_482.txt	ENSG00000128683	GAD1	0	-0.98505914928064	0.1939601383392163	0.0	0.4830669757070815
height	annotated_credset_482.txt	ENSG00000115806	GORASP2	0	-0.2965409267912888	0.916497308089992	0.717757336931217	0.6310653657366494
height	annotated_credset_482.txt	ENSG00000198586	TLK1	1	0.2542358112488712	1.0	0.6984590578693253	1.0
height	annotated_credset_482.txt	ENSG00000123600	METTL8	0	-0.2589441057313548	0.905943594680358	0.4964395673842148	0.964383138020237
height	annotated_credset_482.txt	ENSG00000115827	DCAF17	0	-0.5155428362336547	0.5599172817057083	0.5194178342238532	0.8012606414400623
height	annotated_credset_482.txt	ENSG00000071967	CYBRD1	0	-0.2542358112488712	0.8088446773867675	1.0	0.6783266525527191
height	annotated_credset_482.txt	ENSG00000077380	DYNC1I2	0	-0.5982699754429187	0.5430883873498058	0.4081012625619171	0.4476777434011643
height	annotated_credset_482.txt	ENSG00000268821	AC068039.1	0	-0.8085722632608614	0.0	0.3529737720395571	0.424041962850008
height	annotated_credset_482.txt	ENSG00000115840	SLC25A12	0	-0.7669289829400705	0.3833446239051116	0.436260332681139	0.3122716034885699
height	annotated_credset_482.txt	ENSG00000128708	HAT1	0	-0.7649221952526175	0.3724937901855219	0.440273908056045	0.1194455292231311
height	annotated_credset_482.txt	ENSG00000172878	METAP1D	0	-0.6930026475384146	0.3574832721265494	0.5819987075249782	0.0
height	annotated_credset_483.txt	ENSG00000222033	LINC01124	0	-0.7162448081562922	0.0	0.3529737720395571	0.0524769080695795
height	annotated_credset_483.txt	ENSG00000204335	SP5	0	-0.8354618507090046	0.4095625200556209	0.3197816054979751	0.0573852439098825
height	annotated_credset_483.txt	ENSG00000204334	ERICH2	0	-0.8014694501684261	0.4536195196158829	0.252665445847626	0.1704726865557471
height	annotated_credset_483.txt	ENSG00000128683	GAD1	0	-0.9953526534579922	0.1939601383392163	0.0	0.2573995799052317
height	annotated_credset_483.txt	ENSG00000115806	GORASP2	0	-0.2193972185014474	0.916497308089992	0.717757336931217	0.4055555513332099
height	annotated_credset_483.txt	ENSG00000198586	TLK1	1	-0.4087478055192708	1.0	0.6984590578693253	0.7748830090291506
height	annotated_credset_483.txt	ENSG00000123600	METTL8	0	-0.1055203996158908	0.905943594680358	0.4964395673842148	1.0
height	annotated_credset_483.txt	ENSG00000115827	DCAF17	0	-0.4038204469516868	0.5599172817057083	0.5194178342238532	0.9414610334074772
height	annotated_credset_483.txt	ENSG00000071967	CYBRD1	0	0.1055203996158908	0.8088446773867675	1.0	0.8183961504619137
height	annotated_credset_483.txt	ENSG00000077380	DYNC1I2	0	-0.786119457918458	0.5430883873498058	0.4081012625619171	0.5875016577088166
height	annotated_credset_483.txt	ENSG00000268821	AC068039.1	0	-0.8175039801190302	0.0	0.3529737720395571	0.5638407109423318
height	annotated_credset_483.txt	ENSG00000115840	SLC25A12	0	-0.7772224871174227	0.3833446239051116	0.436260332681139	0.4519513440057066
height	annotated_credset_483.txt	ENSG00000128708	HAT1	0	-0.7752156994299697	0.3724937901855219	0.440273908056045	0.2589199580309537
height	annotated_credset_483.txt	ENSG00000172878	METAP1D	0	-0.7043532996955031	0.3574832721265494	0.5819987075249782	0.1393472490896844
height	annotated_credset_483.txt	ENSG00000144355	DLX1	0	-0.824858951896867	0.098813895722656	0.3409874031222504	0.0205490254960449
height	annotated_credset_483.txt	ENSG00000115844	DLX2	0	-0.2207159987172604	0.3187744381454939	0.433987078440509	0.0
height	annotated_credset_484.txt	ENSG00000204334	ERICH2	0	-0.8192629766103914	0.4536195196158829	0.252665445847626	0.0
height	annotated_credset_484.txt	ENSG00000128683	GAD1	0	-0.9455956995342044	0.1939601383392163	0.0	0.0906306981245654
height	annotated_credset_484.txt	ENSG00000115806	GORASP2	0	-0.290370605058464	0.916497308089992	0.717757336931217	0.2450993395823525
height	annotated_credset_484.txt	ENSG00000198586	TLK1	1	-0.481492642119012	1.0	0.6984590578693253	0.6301632023041012
height	annotated_credset_484.txt	ENSG00000123600	METTL8	0	-0.3070700391102243	0.905943594680358	0.4964395673842148	0.926757919254432
height	annotated_credset_484.txt	ENSG00000115827	DCAF17	0	-0.2710580051090452	0.5599172817057083	0.5194178342238532	1.0
height	annotated_credset_484.txt	ENSG00000071967	CYBRD1	0	0.2710580051090452	0.8088446773867675	1.0	0.9821351332358657
height	annotated_credset_484.txt	ENSG00000077380	DYNC1I2	0	-0.7313846220862534	0.5430883873498058	0.4081012625619171	0.7414026249751791
height	annotated_credset_484.txt	ENSG00000268821	AC068039.1	0	-0.759815734138205	0.0	0.3529737720395571	0.7167335261369953
height	annotated_credset_484.txt	ENSG00000115840	SLC25A12	0	-0.532168649610566	0.3833446239051116	0.436260332681139	0.6000767465439152
height	annotated_credset_484.txt	ENSG00000128708	HAT1	0	-0.7254587455061818	0.3724937901855219	0.440273908056045	0.3988206266397056
height	annotated_credset_484.txt	ENSG00000172878	METAP1D	0	-0.4747368863715382	0.3574832721265494	0.5819987075249782	0.274153131110752
height	annotated_credset_484.txt	ENSG00000144355	DLX1	0	-0.5827373648897356	0.098813895722656	0.3409874031222504	0.1502931204123067
height	annotated_credset_484.txt	ENSG00000115844	DLX2	0	-0.4636742962392428	0.3187744381454939	0.433987078440509	0.1288685364346131
height	annotated_credset_485.txt	ENSG00000198586	TLK1	1	-0.3763917385308715	1.0	0.7231135425910262	0.0
height	annotated_credset_485.txt	ENSG00000123600	METTL8	0	-0.4813878194332452	0.9071570271009036	0.5376114988130118	0.3014153205476383
height	annotated_credset_485.txt	ENSG00000115827	DCAF17	0	-0.5109095439361537	0.5655948390850849	0.5587110246607104	0.3758478170954388
height	annotated_credset_485.txt	ENSG00000071967	CYBRD1	0	-0.2501935688397512	0.8113107940221044	1.0	0.4840985888409077
height	annotated_credset_485.txt	ENSG00000077380	DYNC1I2	0	-0.0862745380209852	0.5489830562161033	0.456495879478108	0.7659600111412324
height	annotated_credset_485.txt	ENSG00000268821	AC068039.1	0	-0.5691997631124539	0.0129011141391377	0.40587570349561	0.7102415476558182
height	annotated_credset_485.txt	ENSG00000115840	SLC25A12	0	0.0819171357429549	0.3913001652966247	0.482352617585212	1.0
height	annotated_credset_485.txt	ENSG00000128708	HAT1	0	-0.235819875337589	0.3805893194213562	0.4860380364183865	0.9762621080782578
height	annotated_credset_485.txt	ENSG00000172878	METAP1D	0	-0.0819171357429549	0.3657724537691502	0.6161751825540662	0.8495683708697707
height	annotated_credset_485.txt	ENSG00000144355	DLX1	0	-0.3712063595704418	0.1104402005145429	0.3948693598685748	0.7236952426779499
height	annotated_credset_485.txt	ENSG00000115844	DLX2	0	-0.2209326511317768	0.3275630068734771	0.4802652283602848	0.70192244134947
height	annotated_credset_485.txt	ENSG00000091409	ITGA6	0	-0.7954185930630788	0.0	0.0	0.2162004093997784
height	annotated_credset_491.txt	ENSG00000170144	HNRNPA3	0	-0.9253880778761552	0.337268821993119	0.3324464028463051	0.0946863616135228
height	annotated_credset_491.txt	ENSG00000116044	NFE2L2	0	-0.4978020059561243	0.5645646752779446	0.7745261718847313	0.3609494670938064
height	annotated_credset_491.txt	ENSG00000018510	AGPS	0	-0.9567972991551934	0.3973334434444325	0.2541612702247521	0.5994405065048766
height	annotated_credset_491.txt	ENSG00000196659	TTC30B	0	-1.0514418010531206	0.0	0.0631089226178626	0.6139230077766517
height	annotated_credset_491.txt	ENSG00000197557	TTC30A	0	-0.9767402542138586	0.2333760505409945	0.0	0.7179925135378311
height	annotated_credset_491.txt	ENSG00000128655	PDE11A	0	0.4978020059561243	1.0	1.0	1.0
height	annotated_credset_491.txt	ENSG00000155636	RBM45	0	-0.9024782312453052	0.5790167570413345	0.2236099243092993	0.5033529179214979
height	annotated_credset_491.txt	ENSG00000079156	OSBPL6	0	-1.080922064427318	0.2553196195858151	0.0213784297439799	0.3738703937486889
height	annotated_credset_491.txt	ENSG00000180228	PRKRA	0	-0.8231813212667458	0.3554961414416394	0.5354365571478877	0.0
height	annotated_credset_493.txt	ENSG00000018510	AGPS	0	-0.5032811940698677	0.3973334434444325	0.3334678467008393	0.0
height	annotated_credset_493.txt	ENSG00000196659	TTC30B	0	-0.5886498720156036	0.0	0.1627304908093675	0.012920209471254
height	annotated_credset_493.txt	ENSG00000197557	TTC30A	0	-0.6168490821166598	0.2333760505409945	0.1063320706072552	0.1057632749591756
height	annotated_credset_493.txt	ENSG00000128655	PDE11A	0	-0.0487127511635735	1.0	1.0	0.7946703080128386
height	annotated_credset_493.txt	ENSG00000155636	RBM45	0	0.0369381048559182	0.5790167570413345	0.3061650886564152	0.8378484148882257
height	annotated_credset_493.txt	ENSG00000079156	OSBPL6	0	-0.0923805304494224	0.2553196195858151	0.125437287650226	1.0
height	annotated_credset_493.txt	ENSG00000180228	PRKRA	0	-0.0369381048559182	0.3554961414416394	0.5848345499547881	0.7505250858719522
height	annotated_credset_493.txt	ENSG00000204311	DFNB59	0	-0.1179433119096092	0.3650227177877107	0.4133443747237487	0.7223393772171857
height	annotated_credset_493.txt	ENSG00000079150	FKBP7	0	-0.2808167914584333	0.4734870661241729	0.7540243126750509	0.7051255701334534
height	annotated_credset_493.txt	ENSG00000116095	PLEKHA3	0	-0.5100227700605334	0.4041170736599012	0.2956123554708509	0.6814699588940819
height	annotated_credset_493.txt	ENSG00000155657	TTN	1	-0.4831350441434715	0.4343042281187371	0.3638605303121767	0.6173883664620756
height	annotated_credset_493.txt	ENSG00000163492	CCDC141	0	-0.6683752744332269	0.1230683244285897	0.0	0.1897629371023143
height	annotated_credset_494.txt	ENSG00000128655	PDE11A	0	0.094222935675862	1.0	1.0	0.4874386585792366
height	annotated_credset_494.txt	ENSG00000155636	RBM45	0	-0.094222935675862	0.5199360968637013	0.3061650886564152	0.5517471197821143
height	annotated_credset_494.txt	ENSG00000079156	OSBPL6	0	-0.1965051425296645	0.1508114016648448	0.125437287650226	1.0
height	annotated_credset_494.txt	ENSG00000180228	PRKRA	0	-0.1730040116062653	0.2650466661061128	0.5848345499547881	0.8351860120284927
height	annotated_credset_494.txt	ENSG00000204311	DFNB59	0	-0.2672419266372513	0.2759101992768855	0.4133443747237487	0.7932068776321698
height	annotated_credset_494.txt	ENSG00000079150	FKBP7	0	-0.2739223882264806	0.3995964012444295	0.7540243126750509	0.767569036487517
height	annotated_credset_494.txt	ENSG00000116095	PLEKHA3	0	-0.1861151031261881	0.3204910451526108	0.2956123554708509	0.732336923092461
height	annotated_credset_494.txt	ENSG00000155657	TTN	1	-0.5855751693577164	0.3549146556798117	0.3638605303121767	0.6368953000350732
height	annotated_credset_494.txt	ENSG00000163492	CCDC141	0	-0.6501677904136155	0.0	0.0	0.0
height	annotated_credset_495.txt	ENSG00000128655	PDE11A	0	-0.1780375050145676	1.0	1.0	0.2561854715319482
height	annotated_credset_495.txt	ENSG00000155636	RBM45	0	-0.5775222042624099	0.54425428653533	0.3061650886564152	0.3100296530234946
height	annotated_credset_495.txt	ENSG00000079156	OSBPL6	0	-0.3746822740465102	0.1938280277148057	0.125437287650226	0.7671961055662534
height	annotated_credset_495.txt	ENSG00000180228	PRKRA	0	-0.230373972255191	0.302276573326096	0.5848345499547881	0.8586199164653876
height	annotated_credset_495.txt	ENSG00000204311	DFNB59	0	-0.3215013592939285	0.3125898017178071	0.4133443747237487	0.8759605797665578
height	annotated_credset_495.txt	ENSG00000079150	FKBP7	0	-0.3229924020904332	0.4300105367348894	0.7540243126750509	0.9061724460768577
height	annotated_credset_495.txt	ENSG00000116095	PLEKHA3	0	-0.3091879789667643	0.3549123535234202	0.2956123554708509	0.972638551959517
height	annotated_credset_495.txt	ENSG00000155657	TTN	1	0.1780375050145676	0.387592196430282	0.3638605303121767	1.0
height	annotated_credset_495.txt	ENSG00000163492	CCDC141	0	-0.4830409096318772	0.0506561512181104	0.0	0.4773773309175687
height	annotated_credset_495.txt	ENSG00000187231	SESTD1	0	-0.6429296660262345	0.0	0.1743659732342347	0.0
height	annotated_credset_496.txt	ENSG00000128655	PDE11A	0	-0.1691055999833633	1.0	1.0	0.2026738003948707
height	annotated_credset_496.txt	ENSG00000155636	RBM45	0	-0.5697273770395858	0.54425428653533	0.3061650886564152	0.2440098919833157
height	annotated_credset_496.txt	ENSG00000079156	OSBPL6	0	-0.6555925573736129	0.1938280277148057	0.125437287650226	0.5949758428064122
height	annotated_credset_496.txt	ENSG00000180228	PRKRA	0	-0.4246599908651917	0.302276573326096	0.5848345499547881	0.6651617554901181
height	annotated_credset_496.txt	ENSG00000204311	DFNB59	0	-0.5075599103670029	0.3125898017178071	0.4133443747237487	0.6784741548351448
height	annotated_credset_496.txt	ENSG00000079150	FKBP7	0	-0.3372199413913518	0.4300105367348894	0.7540243126750509	0.7016677560426676
height	annotated_credset_496.txt	ENSG00000116095	PLEKHA3	0	-0.566784382327131	0.3549123535234202	0.2956123554708509	0.7526936786992177
height	annotated_credset_496.txt	ENSG00000155657	TTN	1	0.1691055999833633	0.387592196430282	0.3638605303121767	1.0
height	annotated_credset_496.txt	ENSG00000163492	CCDC141	0	-0.7162391053277543	0.0506561512181104	0.0	0.8250843985633713
height	annotated_credset_496.txt	ENSG00000187231	SESTD1	0	-0.6364921557742356	0.0	0.1743659732342347	0.4586025888964509
height	annotated_credset_496.txt	ENSG00000144331	ZNF385B	0	-0.4269641443958804	0.2560266930617197	0.5906863812143336	0.0
height	annotated_credset_534.txt	ENSG00000079308	TNS1	0	-0.4383382811485908	0.3736361039364366	0.7844042382129276	0.3003349311995796
height	annotated_credset_534.txt	ENSG00000188282	RUFY4	0	-0.783953517191524	0.7888176228706626	0.046216034880113	0.4391601512720325
height	annotated_credset_534.txt	ENSG00000180871	CXCR2	0	-0.7193240070695065	0.9820300581652404	0.1056154312151513	0.5131360226581161
height	annotated_credset_534.txt	ENSG00000163464	CXCR1	0	-0.8493010218027536	0.0084894936293237	0.0	0.5602775714832126
height	annotated_credset_534.txt	ENSG00000163466	ARPC2	0	-0.3208290005298596	0.7888176228706626	0.6533792317929193	0.698746162933325
height	annotated_credset_534.txt	ENSG00000179921	GPBAR1	0	-0.3873706319288043	0.8953333862790721	0.5109862003182722	0.7138085709248821
height	annotated_credset_534.txt	ENSG00000127837	AAMP	0	-0.308479696781739	0.9823619568270964	0.6620434745888432	0.7239495039281424
height	annotated_credset_534.txt	ENSG00000127838	PNKD	0	-0.1389400063214317	0.8952029975190574	0.7961477273356297	0.8452602961034359
height	annotated_credset_534.txt	ENSG00000135926	TMBIM1	0	-0.1621338444811192	0.7888176228706626	0.611527819876118	0.7593413284091988
height	annotated_credset_534.txt	ENSG00000158428	C2orf62	0	-0.4429946977368474	0.7888176228706626	0.1934211207651742	0.8790306491149181
height	annotated_credset_534.txt	ENSG00000018280	SLC11A1	0	-0.5179897564387411	0.7888176228706626	0.2459578111464208	0.9246711876939864
height	annotated_credset_534.txt	ENSG00000144579	CTDSP1	0	-0.1741013734334587	0.7827130581972449	0.7470661811608919	0.9390108283442672
height	annotated_credset_534.txt	ENSG00000127831	VIL1	0	-0.0528044615584232	0.7888176228706626	0.416117171582716	1.0
height	annotated_credset_534.txt	ENSG00000135913	USP37	0	0.0283964273955056	0.7991064813881897	0.4724682197389867	0.9907571082961733
height	annotated_credset_534.txt	ENSG00000144580	RQCD1	0	-0.2602344198879717	0.7888176228706626	0.8879867337596787	0.8032037382832342
height	annotated_credset_534.txt	ENSG00000115556	PLCD4	0	-0.684248113823574	0.7888176228706626	0.2374848471396944	0.7410948824325382
height	annotated_credset_534.txt	ENSG00000115568	ZNF142	0	-0.3912910796784797	0.7888176228706626	0.610939828058057	0.6933050620228319
height	annotated_credset_534.txt	ENSG00000074582	BCS1L	0	-0.3708471108599539	0.9807380240887308	0.6518277656951085	0.6602606463848248
height	annotated_credset_534.txt	ENSG00000163481	RNF25	0	-0.2851177066171654	0.994547379126656	0.7629070690232151	0.6521770642784436
height	annotated_credset_534.txt	ENSG00000163482	STK36	0	-0.4818856509716734	0.7888176228706626	0.4297506854716694	0.6392401628760349
height	annotated_credset_534.txt	ENSG00000135912	TTLL4	0	-0.3883963829985996	0.9484608792232622	0.6323573208593455	0.5777114229176792
height	annotated_credset_534.txt	ENSG00000135929	CYP27A1	0	-0.4148690339248305	0.9164682189250988	0.5799942371770496	0.4653274414135894
height	annotated_credset_534.txt	ENSG00000115592	PRKAG3	0	-0.805158027092035	0.438972726227462	0.097222394603322	0.4009218972350215
height	annotated_credset_534.txt	ENSG00000115596	WNT6	0	-0.0283964273955056	0.6717285163774208	0.6317749852851382	0.3415820645097858
height	annotated_credset_534.txt	ENSG00000135925	WNT10A	0	-0.6367478818949833	0.4958459326411665	0.4340426849974251	0.3090242488142608
height	annotated_credset_534.txt	ENSG00000171450	CDK5R2	0	-0.7648004186248434	0.0	0.1314799632604224	0.1833451522693229
height	annotated_credset_534.txt	ENSG00000163497	FEV	0	-0.6251368252825747	0.3363686256194948	0.4572647982222426	0.1493750872293301
height	annotated_credset_534.txt	ENSG00000163499	CRYBA2	0	-0.6690835183346181	0.1356529098622501	0.3693714121181559	0.1349482706935884
height	annotated_credset_534.txt	ENSG00000181378	CCDC108	0	-0.788812584435444	0.7888176228706626	0.0364979003922728	0.1148867219248693
height	annotated_credset_534.txt	ENSG00000163501	IHH	1	-0.2974244172457162	1.0	1.0	0.0331411016200639
height	annotated_credset_534.txt	ENSG00000187736	NHEJ1	0	-0.5296810665882062	0.8433793921750148	0.5497980149441706	1.9020193191485332e-05
height	annotated_credset_534.txt	ENSG00000213901	SLC23A3	0	-0.4781510006530599	0.8413880002038805	0.6497522679845067	0.0
height	annotated_credset_535.txt	ENSG00000079308	TNS1	0	-0.3388299539251289	0.372986187449784	0.7844042382129276	0.1699661292200952
height	annotated_credset_535.txt	ENSG00000188282	RUFY4	0	-0.7069520826491839	0.7874455242627804	0.046216034880113	0.2869157819917042
height	annotated_credset_535.txt	ENSG00000180871	CXCR2	0	-0.6772523844816647	0.9803218786866896	0.1056154312151513	0.349234807796702
height	annotated_credset_535.txt	ENSG00000163464	CXCR1	0	-0.6518465871917489	0.0084747266894726	0.0	0.3889479648393024
height	annotated_credset_535.txt	ENSG00000163466	ARPC2	0	-0.315615400155	0.7874455242627804	0.6533792317929193	0.5055971852144826
height	annotated_credset_535.txt	ENSG00000179921	GPBAR1	0	-0.4315090217768755	0.8937760102046974	0.5109862003182722	0.5182861143845394
height	annotated_credset_535.txt	ENSG00000127837	AAMP	0	-0.2919224384364509	0.9806532000317124	0.6620434745888432	0.5268290764838791
height	annotated_credset_535.txt	ENSG00000127838	PNKD	0	-0.0881172297876671	0.8936458482477242	0.7961477273356297	0.6290241604530964
height	annotated_credset_535.txt	ENSG00000135926	TMBIM1	0	-0.0353025096740391	0.7874455242627804	0.611527819876118	0.5566439875054723
height	annotated_credset_535.txt	ENSG00000158428	C2orf62	0	-0.4118635076975285	0.7874455242627804	0.1934211207651742	0.6574731055122599
height	annotated_credset_535.txt	ENSG00000018280	SLC11A1	0	-0.5245202976425558	0.7874455242627804	0.2459578111464208	0.6959217759796689
height	annotated_credset_535.txt	ENSG00000144579	CTDSP1	0	-0.2642597942568718	0.7813515780953992	0.7470661811608919	0.7080018288262967
height	annotated_credset_535.txt	ENSG00000127831	VIL1	0	-0.5188626740993656	0.7874455242627804	0.416117171582716	0.7712314986062476
height	annotated_credset_535.txt	ENSG00000135913	USP37	0	-0.140967148800527	0.797716485958483	0.4724682197389867	0.9248739613950262
height	annotated_credset_535.txt	ENSG00000144580	RQCD1	0	-0.191186271516591	0.7874455242627804	0.8879867337596787	0.963221152475197
height	annotated_credset_535.txt	ENSG00000115556	PLCD4	0	-0.0050306143512717	0.7874455242627804	0.2374848471396944	1.0
height	annotated_credset_535.txt	ENSG00000115568	ZNF142	0	-0.126591578901551	0.7874455242627804	0.610939828058057	0.9822523704556204
height	annotated_credset_535.txt	ENSG00000074582	BCS1L	0	-0.0837481845764334	0.9790320920221371	0.6518277656951085	0.9544149722300764
height	annotated_credset_535.txt	ENSG00000163481	RNF25	0	-0.1656333595343895	0.9928174265561156	0.7629070690232151	0.9476051712443572
height	annotated_credset_535.txt	ENSG00000163482	STK36	0	-0.3635238977685973	0.7874455242627804	0.4297506854716694	0.9367068191570158
height	annotated_credset_535.txt	ENSG00000135912	TTLL4	0	-0.2057817764019687	0.9468110912186828	0.6323573208593455	0.8848735516149304
height	annotated_credset_535.txt	ENSG00000135929	CYP27A1	0	-0.230358522787184	0.9148740801395336	0.5799942371770496	0.7901986243420995
height	annotated_credset_535.txt	ENSG00000115592	PRKAG3	0	-0.6488619110006226	0.4382091607985318	0.097222394603322	0.7359418688021553
height	annotated_credset_535.txt	ENSG00000115596	WNT6	0	0.0050306143512717	0.6705600869008556	0.6317749852851382	0.685952588546595
height	annotated_credset_535.txt	ENSG00000135925	WNT10A	0	-0.4330005677025272	0.4949834398492014	0.4340426849974251	0.6585251136352893
height	annotated_credset_535.txt	ENSG00000171450	CDK5R2	0	-0.7093107772191	0.0	0.1314799632604224	0.5526500666235932
height	annotated_credset_535.txt	ENSG00000163497	FEV	0	-0.50020014331897	0.3357835335658105	0.4572647982222426	0.5240328794224294
height	annotated_credset_535.txt	ENSG00000163499	CRYBA2	0	-0.5917093163438527	0.1354169501633532	0.3693714121181559	0.5118793875455634
height	annotated_credset_535.txt	ENSG00000181378	CCDC108	0	-0.6190085657218087	0.7874455242627804	0.0364979003922728	0.4949790638051224
height	annotated_credset_535.txt	ENSG00000163501	IHH	1	-0.2300601000892403	0.9982605629386312	1.0	0.4261146175232628
height	annotated_credset_535.txt	ENSG00000187736	NHEJ1	0	-0.4551610926171552	0.8419123868034708	0.5497980149441706	0.3982117917980519
height	annotated_credset_535.txt	ENSG00000213901	SLC23A3	0	-0.4051839660969869	0.8399244587333348	0.6497522679845067	0.3981957687369091
height	annotated_credset_535.txt	ENSG00000115649	CNPPD1	0	-0.429345573089025	0.9771506600986156	0.6014290540004308	0.2692528546998628
height	annotated_credset_535.txt	ENSG00000144567	FAM134A	0	-0.4828834867739626	0.9966986194549526	0.4943532266305553	0.2634738706476681
height	annotated_credset_535.txt	ENSG00000158552	ZFAND2B	0	-0.3860239178639579	1.0	0.6707609106312898	0.238088000776983
height	annotated_credset_535.txt	ENSG00000115657	ABCB6	0	-0.4468081883772365	0.8615668423064226	0.5665038234240076	0.2186854089880641
height	annotated_credset_535.txt	ENSG00000198925	ATG9A	0	-0.4619622705856998	0.8088630826374599	0.5361956590070812	0.2186800679676831
height	annotated_credset_535.txt	ENSG00000163516	ANKZF1	0	-0.3854828231128513	0.8762633105392137	0.5006789451270943	0.1919949948893303
height	annotated_credset_535.txt	ENSG00000163521	GLB1L	0	-0.4609947125077076	0.9228257924200776	0.5381307751630655	0.1828498327420379
height	annotated_credset_535.txt	ENSG00000115661	STK16	0	-0.5178972294705919	0.5945691698388713	0.5105282434879682	0.1710341604042674
height	annotated_credset_535.txt	ENSG00000127824	TUBA4A	0	-0.6456650403770203	0.6880254549456218	0.1761900360733049	0.16535131471893
height	annotated_credset_535.txt	ENSG00000135924	DNAJB2	0	-0.2495750449208436	0.7627620840585918	0.734827107826723	0.1258865151240441
height	annotated_credset_535.txt	ENSG00000054356	PTPRN	0	-0.3875957619709631	0.9150870724327624	0.6849286762365545	0.1120586133577483
height	annotated_credset_535.txt	ENSG00000182698	RESP18	0	-0.7097592581269367	0.5306833147753937	0.0249832404355326	0.0616046643290448
height	annotated_credset_535.txt	ENSG00000123992	DNPEP	0	-0.4517943472775676	0.3102954558094239	0.4284603166966485	0.0
height	annotated_credset_536.txt	ENSG00000127838	PNKD	0	-0.348964673354424	0.8936458482477242	0.7909243398488558	0.0
height	annotated_credset_536.txt	ENSG00000158428	C2orf62	0	-0.6627929078716053	0.7874455242627804	0.1727538308212071	0.0287020621945371
height	annotated_credset_536.txt	ENSG00000018280	SLC11A1	0	-0.6399655102643176	0.7874455242627804	0.2266366896191567	0.0674928197694782
height	annotated_credset_536.txt	ENSG00000144579	CTDSP1	0	-0.2786361793642311	0.7813515780953992	0.740585157785296	0.0796803517639388
height	annotated_credset_536.txt	ENSG00000127831	VIL1	0	-0.5527057997172373	0.7874455242627804	0.4011561107133172	0.1434725911875805
height	annotated_credset_536.txt	ENSG00000135913	USP37	0	-0.523808323031071	0.797716485958483	0.4589510640856493	0.2984820480765603
height	annotated_credset_536.txt	ENSG00000144580	RQCD1	0	-0.3107255683272951	0.7874455242627804	0.8851165734932014	0.3371704233776451
height	annotated_credset_536.txt	ENSG00000115556	PLCD4	0	-0.5538061374405685	0.7874455242627804	0.2179466195012736	0.3911959327294575
height	annotated_credset_536.txt	ENSG00000115568	ZNF142	0	-0.4527984624513799	0.7874455242627804	0.6009707852450317	0.4214674074113989
height	annotated_credset_536.txt	ENSG00000074582	BCS1L	0	-0.4318306497261321	0.9790320920221371	0.6429064106955275	0.4265703554820319
height	annotated_credset_536.txt	ENSG00000163481	RNF25	0	-0.374867883579566	0.9928174265561156	0.7568319429886594	0.4386514637970891
height	annotated_credset_536.txt	ENSG00000163482	STK36	0	-0.5457143743108455	0.7874455242627804	0.4151389615261006	0.4794763954973353
height	annotated_credset_536.txt	ENSG00000135912	TTLL4	0	-0.4409959961550798	0.9468110912186828	0.6229370669434668	0.5504704196056666
height	annotated_credset_536.txt	ENSG00000135929	CYP27A1	0	-0.4675363080879466	0.9148740801395336	0.5692322632376453	0.6311328329175176
height	annotated_credset_536.txt	ENSG00000115592	PRKAG3	0	-0.769801174492005	0.4382091607985318	0.0740901666142211	0.6537552740342388
height	annotated_credset_536.txt	ENSG00000115596	WNT6	0	-0.4431495211950749	0.6705600869008556	0.6223398099542973	0.7105316334283512
height	annotated_credset_536.txt	ENSG00000135925	WNT10A	0	-0.590162246724173	0.4949834398492014	0.41954093665489	0.744678816029831
height	annotated_credset_536.txt	ENSG00000171450	CDK5R2	0	-0.7478564850569516	0.0	0.109225530515456	0.8289731057932201
height	annotated_credset_536.txt	ENSG00000163497	FEV	0	-0.5807902106744753	0.3357835335658105	0.4433580792804082	0.860634823983317
height	annotated_credset_536.txt	ENSG00000163499	CRYBA2	0	-0.6258629672409102	0.1354169501633532	0.3532125661475386	0.8710939815388594
height	annotated_credset_536.txt	ENSG00000181378	CCDC108	0	-0.6436597682836334	0.7874455242627804	0.0118097046474193	0.9358992666196068
height	annotated_credset_536.txt	ENSG00000163501	IHH	1	0.013422015554461	0.9982605629386312	1.0	0.9614140069727716
height	annotated_credset_536.txt	ENSG00000187736	NHEJ1	0	-0.0957535753044229	0.8419123868034708	0.5382623112479303	1.0
height	annotated_credset_536.txt	ENSG00000213901	SLC23A3	0	-0.0406747305184245	0.8399244587333348	0.6407777316854056	1.0
height	annotated_credset_536.txt	ENSG00000115649	CNPPD1	0	-0.013422015554461	0.9771506600986156	0.5912163128584498	0.8884747196611685
height	annotated_credset_536.txt	ENSG00000144567	FAM134A	0	-0.3908027750030884	0.9966986194549526	0.4813968391729868	0.882644318592082
height	annotated_credset_536.txt	ENSG00000158552	ZFAND2B	0	-0.291760669772815	1.0	0.6623246870999644	0.85703258450579
height	annotated_credset_536.txt	ENSG00000115657	ABCB6	0	-0.4692027040287949	0.8615668423064226	0.5553961792722086	0.8374573631714796
height	annotated_credset_536.txt	ENSG00000198925	ATG9A	0	-0.4847450852851258	0.8088630826374599	0.524311416759547	0.8374519746307503
height	annotated_credset_536.txt	ENSG00000163516	ANKZF1	0	-0.5045712541137872	0.8762633105392137	0.487884644058889	0.8105294780120595
height	annotated_credset_536.txt	ENSG00000163521	GLB1L	0	-0.4853655175617812	0.9228257924200776	0.5262961171629008	0.8013029491483411
height	annotated_credset_536.txt	ENSG00000115661	STK16	0	-0.547879931980527	0.5945691698388713	0.4979863148909612	0.7893821499199801
height	annotated_credset_536.txt	ENSG00000127824	TUBA4A	0	-0.6753603412235782	0.6880254549456218	0.1550812272245609	0.7836487425840208
height	annotated_credset_536.txt	ENSG00000135924	DNAJB2	0	-0.3732148932281447	0.7627620840585918	0.7280324778296858	0.7438328151353332
height	annotated_credset_536.txt	ENSG00000054356	PTPRN	0	-0.3442029154382124	0.9150870724327624	0.6768554789722943	0.729881883187214
height	annotated_credset_536.txt	ENSG00000182698	RESP18	0	-0.5529812542133001	0.5306833147753937	0.0	0.6789790331880223
height	annotated_credset_536.txt	ENSG00000123992	DNPEP	0	-0.5999384932385627	0.3102954558094239	0.4138155291211055	0.6168262572812656
height	annotated_credset_536.txt	ENSG00000175084	DES	0	-0.6875079148969041	0.2290152301322563	0.2413248009625037	0.5564328399226206
height	annotated_credset_536.txt	ENSG00000072195	SPEG	0	-0.5145369731185305	0.6002726301353328	0.5793142328133184	0.5342468706049714
height	annotated_credset_536.txt	ENSG00000144591	GMPPA	0	-0.4495203916165486	0.6480893999652112	0.6162673520245576	0.4480019290975811
height	annotated_credset_536.txt	ENSG00000072182	ASIC4	0	-0.6964281293705301	0.5408951119451995	0.2266551006987237	0.4273867194025186
height	annotated_credset_536.txt	ENSG00000123989	CHPF	0	-0.517327420259448	0.0748454918406202	0.5848565189208876	0.3940087509901444
height	annotated_credset_536.txt	ENSG00000188760	TMEM198	0	-0.605286082382408	0.2826419564052107	0.4089391946749677	0.3876556614703172
height	annotated_credset_536.txt	ENSG00000124006	OBSL1	0	-0.3991544466539125	0.3240571245330439	0.8212024661319588	0.3781368042720351
height	annotated_credset_536.txt	ENSG00000123999	INHA	0	-0.5021253522355622	0.377021208115953	0.6152606549686593	0.353305061456307
height	annotated_credset_536.txt	ENSG00000144589	STK11IP	0	-0.62230944971685	0.32604505260318	0.3748924600060837	0.314644975994051
height	annotated_credset_536.txt	ENSG00000114923	SLC4A3	0	-0.6773069922822941	0.1419368809171921	0.2648973748751956	0.27494894357659
height	annotated_credset_537.txt	ENSG00000127838	PNKD	0	-0.3969172900676559	0.8936458482477242	0.7909243398488558	0.0
height	annotated_credset_537.txt	ENSG00000158428	C2orf62	0	-0.7666879407759383	0.7874455242627804	0.1727538308212071	0.032368621213865
height	annotated_credset_537.txt	ENSG00000018280	SLC11A1	0	-0.7397465113769635	0.7874455242627804	0.2266366896191567	0.0761147231500915
height	annotated_credset_537.txt	ENSG00000144579	CTDSP1	0	-0.3977412447316378	0.7813515780953992	0.740585157785296	0.0898591573996849
height	annotated_credset_537.txt	ENSG00000127831	VIL1	0	-0.578957557360645	0.7874455242627804	0.4011561107133172	0.1618005677517624
height	annotated_credset_537.txt	ENSG00000135913	USP37	0	-0.4721627704175207	0.797716485958483	0.4589510640856493	0.3366117837751638
height	annotated_credset_537.txt	ENSG00000144580	RQCD1	0	-0.1325108638353879	0.7874455242627804	0.8851165734932014	0.3802424245637205
height	annotated_credset_537.txt	ENSG00000115556	PLCD4	0	-0.7128951906162028	0.7874455242627804	0.2179466195012736	0.4411694491183456
height	annotated_credset_537.txt	ENSG00000115568	ZNF142	0	-0.39211958750354	0.7874455242627804	0.6009707852450317	0.4753079681879392
height	annotated_credset_537.txt	ENSG00000074582	BCS1L	0	-0.2656255659007288	0.9790320920221371	0.6429064106955275	0.4810627948639047
height	annotated_credset_537.txt	ENSG00000163481	RNF25	0	-0.3902152098798951	0.9928174265561156	0.7568319429886594	0.4946872102889465
height	annotated_credset_537.txt	ENSG00000163482	STK36	0	-0.3923327529717092	0.7874455242627804	0.4151389615261006	0.5407273429222976
height	annotated_credset_537.txt	ENSG00000135912	TTLL4	0	-0.1456160838003185	0.9468110912186828	0.6229370669434668	0.6207905334775725
height	annotated_credset_537.txt	ENSG00000135929	CYP27A1	0	-0.1850189588664251	0.9148740801395336	0.5692322632376453	0.7117572063595116
height	annotated_credset_537.txt	ENSG00000115592	PRKAG3	0	-0.6532161229770875	0.4382091607985318	0.0740901666142211	0.7372695623176658
height	annotated_credset_537.txt	ENSG00000115596	WNT6	0	-0.035597243651715	0.6705600869008556	0.6223398099542973	0.8012988456031044
height	annotated_credset_537.txt	ENSG00000135925	WNT10A	0	-0.5019187269627955	0.4949834398492014	0.41954093665489	0.8398081768022526
height	annotated_credset_537.txt	ENSG00000171450	CDK5R2	0	-0.742545675943157	0.0	0.109225530515456	0.9348706819752168
height	annotated_credset_537.txt	ENSG00000163497	FEV	0	-0.5246383084973264	0.3357835335658105	0.4433580792804082	0.9705770418921168
height	annotated_credset_537.txt	ENSG00000163499	CRYBA2	0	-0.5516909120181069	0.1354169501633532	0.3532125661475386	0.9823723096619678
height	annotated_credset_537.txt	ENSG00000181378	CCDC108	0	-0.2223968727211694	0.7874455242627804	0.0118097046474193	1.0
height	annotated_credset_537.txt	ENSG00000163501	IHH	1	0.035597243651715	0.9982605629386312	1.0	0.9249564463023356
height	annotated_credset_537.txt	ENSG00000187736	NHEJ1	0	-0.3583477630625767	0.8419123868034708	0.5382623112479303	0.8932091883700097
height	annotated_credset_537.txt	ENSG00000213901	SLC23A3	0	-0.3012274591930212	0.8399244587333348	0.6407777316854056	0.8931909576624829
height	annotated_credset_537.txt	ENSG00000115649	CNPPD1	0	-0.3386059679076466	0.9771506600986156	0.5912163128584498	0.7464823772916711
height	annotated_credset_537.txt	ENSG00000144567	FAM134A	0	-0.2661290155642818	0.9966986194549526	0.4813968391729868	0.7399071687769988
height	annotated_credset_537.txt	ENSG00000158552	ZFAND2B	0	-0.2580447903541499	1.0	0.6623246870999644	0.7110236511520105
height	annotated_credset_537.txt	ENSG00000115657	ABCB6	0	-0.3823464227699199	0.8615668423064226	0.5553961792722086	0.6889477835626614
height	annotated_credset_537.txt	ENSG00000198925	ATG9A	0	-0.345693612642889	0.8088630826374599	0.524311416759547	0.6889417066601524
height	annotated_credset_537.txt	ENSG00000163516	ANKZF1	0	-0.3492305473101734	0.8762633105392137	0.487884644058889	0.6585799824998646
height	annotated_credset_537.txt	ENSG00000163521	GLB1L	0	-0.3381170949607431	0.9228257924200776	0.5262961171629008	0.6481748061789334
height	annotated_credset_537.txt	ENSG00000115661	STK16	0	-0.4924101453581876	0.5945691698388713	0.4979863148909612	0.6347311786035325
height	annotated_credset_537.txt	ENSG00000127824	TUBA4A	0	-0.4733072358909117	0.6880254549456218	0.1550812272245609	0.6282653543340211
height	annotated_credset_537.txt	ENSG00000135924	DNAJB2	0	-0.1380541495364083	0.7627620840585918	0.7280324778296858	0.5833631216954689
height	annotated_credset_537.txt	ENSG00000054356	PTPRN	0	-0.1724619906246499	0.9150870724327624	0.6768554789722943	0.5676300210998251
height	annotated_credset_537.txt	ENSG00000182698	RESP18	0	-0.7835323425680726	0.5306833147753937	0.0	0.5102245615491303
height	annotated_credset_537.txt	ENSG00000123992	DNPEP	0	-0.5742070136154299	0.3102954558094239	0.4138155291211055	0.4401320487853976
height	annotated_credset_537.txt	ENSG00000175084	DES	0	-0.7797273515640546	0.2290152301322563	0.2413248009625037	0.3720236446908335
height	annotated_credset_537.txt	ENSG00000072195	SPEG	0	-0.6075732318376829	0.6002726301353328	0.5793142328133184	0.3470035178359033
height	annotated_credset_537.txt	ENSG00000144591	GMPPA	0	-0.5485533544372635	0.6480893999652112	0.6162673520245576	0.2497411739547031
height	annotated_credset_537.txt	ENSG00000072182	ASIC4	0	-0.7870622016959447	0.5408951119451995	0.2266551006987237	0.2264924641811287
height	annotated_credset_537.txt	ENSG00000123989	CHPF	0	-0.6079614925848625	0.0748454918406202	0.5848565189208876	0.1888506108151317
height	annotated_credset_537.txt	ENSG00000188760	TMEM198	0	-0.6959201547078225	0.2826419564052107	0.4089391946749677	0.1816859427570923
height	annotated_credset_537.txt	ENSG00000124006	OBSL1	0	-0.489788518979327	0.3240571245330439	0.8212024661319588	0.170951094475051
height	annotated_credset_537.txt	ENSG00000123999	INHA	0	-0.3291782678303249	0.377021208115953	0.6152606549686593	0.1429472084882317
height	annotated_credset_538.txt	ENSG00000127838	PNKD	0	-0.4400784757154994	0.8936458482477242	0.7909243398488558	0.0841131446364847
height	annotated_credset_538.txt	ENSG00000135926	TMBIM1	0	-0.5320426066672033	0.7874455242627804	0.6015738434102306	0.0
height	annotated_credset_538.txt	ENSG00000158428	C2orf62	0	-0.7491637302293237	0.7874455242627804	0.1727538308212071	0.1171737209388984
height	annotated_credset_538.txt	ENSG00000018280	SLC11A1	0	-0.6265380705027428	0.7874455242627804	0.2266366896191567	0.1618549982611553
height	annotated_credset_538.txt	ENSG00000144579	CTDSP1	0	-0.4652480667472791	0.7813515780953992	0.740585157785296	0.1758932519834841
height	annotated_credset_538.txt	ENSG00000127831	VIL1	0	-0.6349625902832687	0.7874455242627804	0.4011561107133172	0.2493725784748246
height	annotated_credset_538.txt	ENSG00000135913	USP37	0	-0.3381095123817399	0.797716485958483	0.4589510640856493	0.4279207936636701
height	annotated_credset_538.txt	ENSG00000144580	RQCD1	0	-0.1359856676663673	0.7874455242627804	0.8851165734932014	0.4724841415858057
height	annotated_credset_538.txt	ENSG00000115556	PLCD4	0	-0.648761399552773	0.7874455242627804	0.2179466195012736	0.5347136239866319
height	annotated_credset_538.txt	ENSG00000115568	ZNF142	0	-0.2558021874313212	0.7874455242627804	0.6009707852450317	0.5695819338566938
height	annotated_credset_538.txt	ENSG00000074582	BCS1L	0	-0.1680386679571111	0.9790320920221371	0.6429064106955275	0.5754597834311584
height	annotated_credset_538.txt	ENSG00000163481	RNF25	0	-0.0107277868431987	0.9928174265561156	0.7568319429886594	0.5893754526454664
height	annotated_credset_538.txt	ENSG00000163482	STK36	0	-0.3183781430072174	0.7874455242627804	0.4151389615261006	0.6363998009438167
height	annotated_credset_538.txt	ENSG00000135912	TTLL4	0	-0.103876830662609	0.9468110912186828	0.6229370669434668	0.7181745297121075
height	annotated_credset_538.txt	ENSG00000135929	CYP27A1	0	-0.0355478865758835	0.9148740801395336	0.5692322632376453	0.811085828278691
height	annotated_credset_538.txt	ENSG00000115592	PRKAG3	0	-0.8103025868117291	0.4382091607985318	0.0740901666142211	0.8371435705975888
height	annotated_credset_538.txt	ENSG00000115596	WNT6	0	-0.448098193417753	0.6705600869008556	0.6223398099542973	0.902541629775357
height	annotated_credset_538.txt	ENSG00000135925	WNT10A	0	-0.5006444711166509	0.4949834398492014	0.41954093665489	0.9418741881210616
height	annotated_credset_538.txt	ENSG00000171450	CDK5R2	0	-0.3450346427914095	0.0	0.109225530515456	1.0
height	annotated_credset_538.txt	ENSG00000163497	FEV	0	-0.5022749756553322	0.3357835335658105	0.4433580792804082	0.9667439091658062
height	annotated_credset_538.txt	ENSG00000163499	CRYBA2	0	-0.549138732587978	0.1354169501633532	0.3532125661475386	0.9526203117986528
height	annotated_credset_538.txt	ENSG00000181378	CCDC108	0	-0.7703714314578496	0.7874455242627804	0.0118097046474193	0.9329804115705644
height	annotated_credset_538.txt	ENSG00000163501	IHH	1	-0.2580324941087077	0.9982605629386312	1.0	0.852952899967228
height	annotated_credset_538.txt	ENSG00000187736	NHEJ1	0	-0.2360590313939834	0.8419123868034708	0.5382623112479303	0.8205269700417825
height	annotated_credset_538.txt	ENSG00000213901	SLC23A3	0	-0.1848013211752457	0.8399244587333348	0.6407777316854056	0.8205083496101845
height	annotated_credset_538.txt	ENSG00000115649	CNPPD1	0	-0.2868793604913726	0.9771506600986156	0.5912163128584498	0.670663529729799
height	annotated_credset_538.txt	ENSG00000144567	FAM134A	0	-0.258218974615293	0.9966986194549526	0.4813968391729868	0.6639477607334202
height	annotated_credset_538.txt	ENSG00000158552	ZFAND2B	0	-0.2089031171724951	1.0	0.6623246870999644	0.6344467902715085
height	annotated_credset_538.txt	ENSG00000115657	ABCB6	0	-0.4074928793947836	0.8615668423064226	0.5553961792722086	0.6118989993088513
height	annotated_credset_538.txt	ENSG00000198925	ATG9A	0	-0.187561747047904	0.8088630826374599	0.524311416759547	0.6118927924983186
height	annotated_credset_538.txt	ENSG00000163516	ANKZF1	0	-0.2744254982740264	0.8762633105392137	0.487884644058889	0.5808820153743283
height	annotated_credset_538.txt	ENSG00000163521	GLB1L	0	-0.3046674173998158	0.9228257924200776	0.5262961171629008	0.5702544040397167
height	annotated_credset_538.txt	ENSG00000115661	STK16	0	-0.4408221783456612	0.5945691698388713	0.4979863148909612	0.5565233874387565
height	annotated_credset_538.txt	ENSG00000127824	TUBA4A	0	-0.6373447933992593	0.6880254549456218	0.1550812272245609	0.5499193410319663
height	annotated_credset_538.txt	ENSG00000135924	DNAJB2	0	-0.0944951665937061	0.7627620840585918	0.7280324778296858	0.5040572180058637
height	annotated_credset_538.txt	ENSG00000054356	PTPRN	0	0.0107277868431987	0.9150870724327624	0.6768554789722943	0.4879877855367096
height	annotated_credset_538.txt	ENSG00000182698	RESP18	0	-0.6999468141007732	0.5306833147753937	0.0	0.4293551498395817
height	annotated_credset_538.txt	ENSG00000123992	DNPEP	0	-0.6320124048334943	0.3102954558094239	0.4138155291211055	0.3577642454528144
height	annotated_credset_538.txt	ENSG00000175084	DES	0	-0.7427898486094504	0.2290152301322563	0.2413248009625037	0.2881998647049729
height	annotated_credset_538.txt	ENSG00000072195	SPEG	0	-0.5955688286297829	0.6002726301353328	0.5793142328133184	0.2626448740392237
height	annotated_credset_538.txt	ENSG00000144591	GMPPA	0	-0.531481841167718	0.6480893999652112	0.6162673520245576	0.1633033197607654
height	annotated_credset_538.txt	ENSG00000072182	ASIC4	0	-0.7717278061937332	0.5408951119451995	0.2266551006987237	0.1395576143652976
height	annotated_credset_540.txt	ENSG00000115592	PRKAG3	0	-0.7731839806022298	0.4382091607985318	0.0740901666142211	0.0
height	annotated_credset_540.txt	ENSG00000115596	WNT6	0	-0.3459907952656573	0.6705600869008556	0.6223398099542973	0.0758366839070627
height	annotated_credset_540.txt	ENSG00000135925	WNT10A	0	-0.5410671566208662	0.4949834398492014	0.41954093665489	0.121447376823976
height	annotated_credset_540.txt	ENSG00000171450	CDK5R2	0	-0.7572721156834727	0.0	0.109225530515456	0.2340400029834371
height	annotated_credset_540.txt	ENSG00000163497	FEV	0	-0.5902058413009965	0.3357835335658105	0.4433580792804082	0.2763308391687856
height	annotated_credset_540.txt	ENSG00000163499	CRYBA2	0	-0.6352785978674313	0.1354169501633532	0.3532125661475386	0.2903012281464925
height	annotated_credset_540.txt	ENSG00000181378	CCDC108	0	-0.7033760566593306	0.7874455242627804	0.0118097046474193	0.3768622188937323
height	annotated_credset_540.txt	ENSG00000163501	IHH	1	-0.2162891039064411	0.9982605629386312	1.0	0.4109424825771132
height	annotated_credset_540.txt	ENSG00000187736	NHEJ1	0	-0.2093940665991265	0.8419123868034708	0.5382623112479303	0.5915966701845089
height	annotated_credset_540.txt	ENSG00000213901	SLC23A3	0	-0.2150986080435968	0.8399244587333348	0.6407777316854056	0.6095220971546167
height	annotated_credset_540.txt	ENSG00000115649	CNPPD1	0	-0.3400706722086617	0.9771506600986156	0.5912163128584498	0.6226197866663025
height	annotated_credset_540.txt	ENSG00000144567	FAM134A	0	-0.2606119894041763	0.9966986194549526	0.4813968391729868	0.6358866179301655
height	annotated_credset_540.txt	ENSG00000158552	ZFAND2B	0	-0.2629625109362929	1.0	0.6623246870999644	0.6793812395645206
height	annotated_credset_540.txt	ENSG00000115657	ABCB6	0	-0.4346853603167846	0.8615668423064226	0.5553961792722086	0.6961856525813681
height	annotated_credset_540.txt	ENSG00000198925	ATG9A	0	-0.2637008470037185	0.8088630826374599	0.524311416759547	0.7154876055133442
height	annotated_credset_540.txt	ENSG00000163516	ANKZF1	0	-0.3265694371733223	0.8762633105392137	0.487884644058889	0.7279968976530942
height	annotated_credset_540.txt	ENSG00000163521	GLB1L	0	-0.3736842391421293	0.9228257924200776	0.5262961171629008	0.7438476390885167
height	annotated_credset_540.txt	ENSG00000115661	STK16	0	-0.4815421718180162	0.5945691698388713	0.4979863148909612	0.7525908281718086
height	annotated_credset_540.txt	ENSG00000127824	TUBA4A	0	-0.6000097627245806	0.6880254549456218	0.1550812272245609	0.802672981239366
height	annotated_credset_540.txt	ENSG00000135924	DNAJB2	0	-0.1918659178556729	0.7627620840585918	0.7280324778296858	0.8183815716277459
height	annotated_credset_540.txt	ENSG00000054356	PTPRN	0	-0.2055274086555234	0.9150870724327624	0.6768554789722943	0.8593138756546492
height	annotated_credset_540.txt	ENSG00000182698	RESP18	0	-0.8052005180528645	0.5306833147753937	0.0	0.9016514957288978
height	annotated_credset_540.txt	ENSG00000123992	DNPEP	0	-0.1653596613750021	0.3102954558094239	0.4138155291211055	1.0
height	annotated_credset_540.txt	ENSG00000175084	DES	0	-0.6820307289798462	0.2290152301322563	0.2413248009625037	0.9450412991061576
height	annotated_credset_540.txt	ENSG00000072195	SPEG	0	-0.5099124912496293	0.6002726301353328	0.5793142328133184	0.9154073042486284
height	annotated_credset_540.txt	ENSG00000144591	GMPPA	0	-0.3497917518229954	0.6480893999652112	0.6162673520245576	0.8002091753535003
height	annotated_credset_540.txt	ENSG00000072182	ASIC4	0	-0.6736424102617913	0.5408951119451995	0.2266551006987237	0.7726732579751066
height	annotated_credset_540.txt	ENSG00000123989	CHPF	0	-0.4310691917665539	0.0748454918406202	0.5848565189208876	0.7280900112336531
height	annotated_credset_540.txt	ENSG00000188760	TMEM198	0	-0.5798248299789914	0.2826419564052107	0.4089391946749677	0.7196041335393119
height	annotated_credset_540.txt	ENSG00000124006	OBSL1	0	0.143446002145378	0.3240571245330439	0.8212024661319588	0.7068897120405384
height	annotated_credset_540.txt	ENSG00000123999	INHA	0	-0.143446002145378	0.377021208115953	0.6152606549686593	0.6737217341907095
height	annotated_credset_540.txt	ENSG00000144589	STK11IP	0	-0.5725831464253719	0.32604505260318	0.3748924600060837	0.6220831171270524
height	annotated_credset_540.txt	ENSG00000114923	SLC4A3	0	-0.6311721072571124	0.1419368809171921	0.2648973748751956	0.5690607765801577
height	annotated_credset_541.txt	ENSG00000144580	RQCD1	0	-0.4781430842037513	0.7874455242627804	0.8851165734932014	0.0
height	annotated_credset_541.txt	ENSG00000115556	PLCD4	0	-0.6748703727727438	0.7874455242627804	0.2179466195012736	0.0539722561390893
height	annotated_credset_541.txt	ENSG00000115568	ZNF142	0	-0.4005525967512979	0.7874455242627804	0.6009707852450317	0.0842138920781845
height	annotated_credset_541.txt	ENSG00000074582	BCS1L	0	-0.3741806693028446	0.9790320920221371	0.6429064106955275	0.0893118101475759
height	annotated_credset_541.txt	ENSG00000163481	RNF25	0	-0.5484530496788005	0.9928174265561156	0.7568319429886594	0.1013810100542025
height	annotated_credset_541.txt	ENSG00000163482	STK36	0	-0.71929954041008	0.7874455242627804	0.4151389615261006	0.1421657004166377
height	annotated_credset_541.txt	ENSG00000135912	TTLL4	0	-0.5851328914565848	0.9468110912186828	0.6229370669434668	0.2130897453630273
height	annotated_credset_541.txt	ENSG00000135929	CYP27A1	0	-0.5083317431614853	0.9148740801395336	0.5692322632376453	0.2936726493337098
height	annotated_credset_541.txt	ENSG00000115592	PRKAG3	0	-0.8843702320783611	0.4382091607985318	0.0740901666142211	0.3162727913979359
height	annotated_credset_541.txt	ENSG00000115596	WNT6	0	-0.5468089022296121	0.6705600869008556	0.6223398099542973	0.3729931860527847
height	annotated_credset_541.txt	ENSG00000135925	WNT10A	0	-0.6440184303748295	0.4949834398492014	0.41954093665489	0.407106709606885
height	annotated_credset_541.txt	ENSG00000171450	CDK5R2	0	-0.793548560908078	0.0	0.109225530515456	0.4913179100704606
height	annotated_credset_541.txt	ENSG00000163497	FEV	0	-0.6341215158232398	0.3357835335658105	0.4433580792804082	0.522948419147785
height	annotated_credset_541.txt	ENSG00000163499	CRYBA2	0	-0.6791942723896747	0.1354169501633532	0.3532125661475386	0.5333972670598109
height	annotated_credset_541.txt	ENSG00000181378	CCDC108	0	-0.7301980727343084	0.7874455242627804	0.0118097046474193	0.5981386732493938
height	annotated_credset_541.txt	ENSG00000163501	IHH	1	-0.2611287696319926	0.9982605629386312	1.0	0.6236282635963506
height	annotated_credset_541.txt	ENSG00000187736	NHEJ1	0	-0.421479597192842	0.8419123868034708	0.5382623112479303	0.7587446253520929
height	annotated_credset_541.txt	ENSG00000213901	SLC23A3	0	-0.3702218869741043	0.8399244587333348	0.6407777316854056	0.7721515577193782
height	annotated_credset_541.txt	ENSG00000115649	CNPPD1	0	-0.4190124201867156	0.9771506600986156	0.5912163128584498	0.7819476890887286
height	annotated_credset_541.txt	ENSG00000144567	FAM134A	0	-0.4714780089657873	0.9966986194549526	0.4813968391729868	0.7918703263447007
height	annotated_credset_541.txt	ENSG00000158552	ZFAND2B	0	-0.268812751956339	1.0	0.6623246870999644	0.8244011805087259
height	annotated_credset_541.txt	ENSG00000115657	ABCB6	0	-0.5927982890199361	0.8615668423064226	0.5553961792722086	0.8369696749253167
height	annotated_credset_541.txt	ENSG00000198925	ATG9A	0	-0.4139454857593603	0.8088630826374599	0.524311416759547	0.8514061498805334
height	annotated_credset_541.txt	ENSG00000163516	ANKZF1	0	-0.4586198773205656	0.8762633105392137	0.487884644058889	0.860762202261317
height	annotated_credset_541.txt	ENSG00000163521	GLB1L	0	-0.4495650501923878	0.9228257924200776	0.5262961171629008	0.8726174188065304
height	annotated_credset_541.txt	ENSG00000115661	STK16	0	-0.531375991520008	0.5945691698388713	0.4979863148909612	0.8791566964990258
height	annotated_credset_541.txt	ENSG00000127824	TUBA4A	0	-0.5654240935197121	0.6880254549456218	0.1550812272245609	0.9166145512047728
height	annotated_credset_541.txt	ENSG00000135924	DNAJB2	0	-0.3173101964085254	0.7627620840585918	0.7280324778296858	0.9283634489729318
height	annotated_credset_541.txt	ENSG00000054356	PTPRN	0	-0.0450295499670123	0.9150870724327624	0.6768554789722943	0.9589778735353696
height	annotated_credset_541.txt	ENSG00000182698	RESP18	0	-0.5083590609985698	0.5306833147753937	0.0	0.9906433736026106
height	annotated_credset_541.txt	ENSG00000123992	DNPEP	0	0.0450295499670123	0.3102954558094239	0.4138155291211055	1.0
height	annotated_credset_541.txt	ENSG00000175084	DES	0	-0.5198399195657797	0.2290152301322563	0.2413248009625037	0.9396661127326074
height	annotated_credset_541.txt	ENSG00000072195	SPEG	0	-0.5008283712886878	0.6002726301353328	0.5793142328133184	0.9175020122350346
height	annotated_credset_541.txt	ENSG00000144591	GMPPA	0	-0.3268921692727899	0.6480893999652112	0.6162673520245576	0.8313420827945638
height	annotated_credset_541.txt	ENSG00000072182	ASIC4	0	-0.719665287790779	0.5408951119451995	0.2266551006987237	0.8107471936140211
height	annotated_credset_541.txt	ENSG00000123989	CHPF	0	-0.4069396077667635	0.0748454918406202	0.5848565189208876	0.7774021260307822
height	annotated_credset_541.txt	ENSG00000188760	TMEM198	0	-0.4965160591582171	0.2826419564052107	0.4089391946749677	0.7710552987828282
height	annotated_credset_541.txt	ENSG00000124006	OBSL1	0	-0.0994421359846533	0.3240571245330439	0.8212024661319588	0.7615458243693332
height	annotated_credset_541.txt	ENSG00000123999	INHA	0	-0.5810641836866643	0.377021208115953	0.6152606549686593	0.7367385583257506
height	annotated_credset_541.txt	ENSG00000144589	STK11IP	0	-0.7353667546977679	0.32604505260318	0.3748924600060837	0.6981165803016237
height	annotated_credset_541.txt	ENSG00000114923	SLC4A3	0	-0.7923503836317727	0.1419368809171921	0.2648973748751956	0.6584596764603474
height	annotated_credset_554.txt	ENSG00000144460	NYAP2	0	-0.8354069408311815	0.8526488770639331	0.0	0.0
height	annotated_credset_554.txt	ENSG00000169047	IRS1	1	0.638185400115016	1.0	1.0	1.0
height	annotated_credset_554.txt	ENSG00000144468	RHBDD1	0	-0.6606420300221816	0.2300649503091009	0.3817654440240057	0.6732926099959372
height	annotated_credset_554.txt	ENSG00000081052	COL4A4	0	-0.638185400115016	0.0	0.3923697934684637	0.1495969327595083
height	annotated_credset_555.txt	ENSG00000169047	IRS1	1	0.609133344520267	1.0	1.0	1.0
height	annotated_credset_555.txt	ENSG00000144468	RHBDD1	0	-0.609133344520267	0.7928797275165355	0.1740244164898548	0.7593433783883595
height	annotated_credset_555.txt	ENSG00000081052	COL4A4	0	-0.6831146950817174	0.730989941857283	0.1881920712019148	0.3735827978432676
height	annotated_credset_555.txt	ENSG00000169031	COL4A3	0	-0.7699698988307156	0.0	0.0	0.0
height	annotated_credset_556.txt	ENSG00000169047	IRS1	1	0.5681839134090855	1.0	1.0	1.0
height	annotated_credset_556.txt	ENSG00000144468	RHBDD1	0	-0.6001830187230318	0.7928797275165355	0.1740244164898548	0.7593433783883595
height	annotated_credset_556.txt	ENSG00000081052	COL4A4	0	-0.5681839134090855	0.730989941857283	0.1881920712019148	0.3735827978432676
height	annotated_credset_556.txt	ENSG00000169031	COL4A3	0	-0.6797913168078945	0.0	0.0	0.0
height	annotated_credset_557.txt	ENSG00000169047	IRS1	1	0.2791597228600028	1.0	1.0	1.0
height	annotated_credset_557.txt	ENSG00000144468	RHBDD1	0	-0.2791597228600028	0.8020684341498839	0.3319766595548617	0.9165427193379888
height	annotated_credset_557.txt	ENSG00000081052	COL4A4	0	-0.8845791396143049	0.7429243337738964	0.3434350176661307	0.6256405977352579
height	annotated_credset_557.txt	ENSG00000169031	COL4A3	0	-0.8859080109301848	0.0443641103942738	0.1912311286415487	0.3439217442087311
height	annotated_credset_557.txt	ENSG00000168958	MFF	0	-0.856577849070292	0.0	0.1502175851356873	0.0644099384306172
height	annotated_credset_557.txt	ENSG00000168955	TM4SF20	0	-1.0939279813216682	0.0603269823835072	0.0	0.0
height	annotated_credset_60.txt	ENSG00000116819	TFAP2E	0	-0.8220922993175526	0.3280446897148731	0.2937725764179636	0.0
height	annotated_credset_60.txt	ENSG00000126067	PSMB2	0	-0.6945224452005083	0.38754531190824	0.5996706464684584	0.0671491416597434
height	annotated_credset_60.txt	ENSG00000142686	C1orf216	0	-0.7992194339224103	0.3468998539198182	0.2987349019042928	0.1792106596054516
height	annotated_credset_60.txt	ENSG00000092853	CLSPN	0	-0.7552937721420399	0.2460504247146026	0.4781279925853953	0.2521037696774429
height	annotated_credset_60.txt	ENSG00000134698	AGO4	0	-0.6091796569892567	0.3399745712276145	0.574051424764741	0.3790268495241542
height	annotated_credset_60.txt	ENSG00000092847	AGO1	0	-0.5906093188882777	0.2598333603852188	0.5808777746803828	0.4825597508879171
height	annotated_credset_60.txt	ENSG00000126070	AGO3	0	-0.45806918202554	0.3544608559216577	0.8351308646824085	0.6888315896479296
height	annotated_credset_60.txt	ENSG00000092850	TEKT2	0	-0.6181321721660697	0.1923524319645079	0.3928902260456364	0.7116039198070674
height	annotated_credset_60.txt	ENSG00000116863	ADPRHL2	0	-0.5548210732489269	0.3455202077584807	0.4595160573790673	0.7197702001056564
height	annotated_credset_60.txt	ENSG00000171812	COL8A2	1	-0.209505502123092	0.5318535951955852	1.0	0.7649366448612255
height	annotated_credset_60.txt	ENSG00000054116	TRAPPC3	0	-0.5330245680534751	0.3353622247470648	0.5818687380275394	0.7999822143872722
height	annotated_credset_60.txt	ENSG00000116871	MAP7D1	0	-0.4578752820725555	0.522196072066223	0.7163580124277329	0.845241047677243
height	annotated_credset_60.txt	ENSG00000054118	THRAP3	0	-0.3183496467604396	0.4423794838500243	0.7889950603346797	1.0
height	annotated_credset_60.txt	ENSG00000214193	SH3D21	0	-0.0213147723105693	0.6557377049180327	0.6012278226926725	0.9735359549523712
height	annotated_credset_60.txt	ENSG00000142694	EVA1B	0	0.0213147723105693	1.0	0.8465616227808969	0.9509527325745866
height	annotated_credset_60.txt	ENSG00000116883	RP11-268J15.5	0	-0.6826307515516947	0.0	0.3208507889845913	0.9484943314169948
height	annotated_credset_60.txt	ENSG00000196182	STK40	0	-0.4232794087701528	0.3886950170426878	0.7383657685540229	0.9255559906101042
height	annotated_credset_60.txt	ENSG00000181817	LSM10	0	-0.6196588986953835	0.3644971054482497	0.5143890228954562	0.8510475247569353
height	annotated_credset_60.txt	ENSG00000116885	OSCP1	0	-0.5190307032582351	0.2550045988205378	0.4399784616365743	0.815551561125681
height	annotated_credset_60.txt	ENSG00000116898	MRPS15	0	-0.60644463948012	0.3384731915814532	0.4455583517202702	0.7579660763473504
height	annotated_credset_60.txt	ENSG00000119535	CSF3R	0	-0.852699643095093	0.3779283666071524	0.2252184113238202	0.7430612073208466
height	annotated_credset_60.txt	ENSG00000163873	GRIK3	0	-0.9943577684347376	0.1734566899312882	0.0	0.2674277093713473
height	annotated_credset_612.txt	ENSG00000168016	TRANK1	0	-0.7926904111229172	0.4079949196605169	0.2662071323828225	0.0653041590369248
height	annotated_credset_612.txt	ENSG00000178567	EPM2AIP1	0	-0.6680249280805453	0.584893928068214	0.4521504660975711	0.1318969181584687
height	annotated_credset_612.txt	ENSG00000076242	MLH1	0	-0.583480327471557	0.6594055738203756	0.4297041944456747	0.2320821197427593
height	annotated_credset_612.txt	ENSG00000093167	LRRFIP2	0	-0.6278064790283473	0.6644859133034775	0.5016999988607808	0.3946751726687003
height	annotated_credset_612.txt	ENSG00000144674	GOLGA4	0	-0.6357779112502633	0.417520556191333	0.5611373405250418	0.647345881112916
height	annotated_credset_612.txt	ENSG00000198590	C3orf35	0	-0.6406409474297989	0.4896507928107903	0.2374334306034095	0.7422323158875063
height	annotated_credset_612.txt	ENSG00000144668	ITGA9	0	0.1701379103123195	0.8759285841861203	1.0	1.0
height	annotated_credset_612.txt	ENSG00000144677	CTDSPL	0	-0.5184385970686634	0.7290088707490193	0.7049677614144869	0.6691435658615975
height	annotated_credset_612.txt	ENSG00000136059	VILL	0	-0.1701379103123195	1.0	0.6452640363935441	0.4950958461594903
height	annotated_credset_612.txt	ENSG00000187091	PLCD1	1	-0.4055222038196822	0.7781320491364084	0.7012193110731546	0.46826799242671
height	annotated_credset_612.txt	ENSG00000008226	DLEC1	0	-0.797821062928276	0.1669566252786579	0.255945828772105	0.4245017520597434
height	annotated_credset_612.txt	ENSG00000060971	ACAA1	0	-0.7343152549729477	0.316694339522792	0.3829574446827615	0.3362708665314085
height	annotated_credset_612.txt	ENSG00000172936	MYD88	0	-0.5711915537164309	0.2997466445283817	0.1464735811740663	0.287480528433963
height	annotated_credset_612.txt	ENSG00000172939	OXSR1	0	-0.9257939773143284	0.2049004107930753	0.0	0.2507507853829255
height	annotated_credset_612.txt	ENSG00000172940	SLC22A13	0	-0.7642191324402625	0.0	0.2700778332494137	0.1117282041447289
height	annotated_credset_612.txt	ENSG00000144671	SLC22A14	0	-0.8431102503255752	0.2071892095706186	0.1653674539775065	0.0889789792013897
height	annotated_credset_612.txt	ENSG00000093217	XYLB	0	-0.7074653317672952	0.2658380244888239	0.3349044138586541	0.0
height	annotated_credset_613.txt	ENSG00000076242	MLH1	0	-0.5816814934260419	0.6594055738203756	0.4297041944456747	0.0
height	annotated_credset_613.txt	ENSG00000093167	LRRFIP2	0	-0.5478231595473464	0.6644859133034775	0.5016999988607808	0.1812278989716054
height	annotated_credset_613.txt	ENSG00000144674	GOLGA4	0	-0.5521919082251034	0.417520556191333	0.5611373405250418	0.4628572847232187
height	annotated_credset_613.txt	ENSG00000198590	C3orf35	0	-0.6467737034645451	0.4896507928107903	0.2374334306034095	0.5686186866137279
height	annotated_credset_613.txt	ENSG00000144668	ITGA9	0	0.2585729300038917	0.8759285841861203	1.0	1.0
height	annotated_credset_613.txt	ENSG00000144677	CTDSPL	0	-0.2585729300038917	0.7290088707490193	0.7049677614144869	0.7752947813053911
height	annotated_credset_613.txt	ENSG00000136059	VILL	0	-0.4250523474078567	1.0	0.6452640363935441	0.5812993922356078
height	annotated_credset_613.txt	ENSG00000187091	PLCD1	1	-0.4062414275973482	0.7781320491364084	0.7012193110731546	0.5513967889052929
height	annotated_credset_613.txt	ENSG00000008226	DLEC1	0	-0.6702204272012424	0.1669566252786579	0.255945828772105	0.502614484588734
height	annotated_credset_613.txt	ENSG00000060971	ACAA1	0	-0.6520490775970493	0.316694339522792	0.3829574446827615	0.4042714267461116
height	annotated_credset_613.txt	ENSG00000172936	MYD88	0	-0.7702910093513968	0.2997466445283817	0.1464735811740663	0.3498892111200736
height	annotated_credset_613.txt	ENSG00000172939	OXSR1	0	-0.8453967035753625	0.2049004107930753	0.0	0.3089498595111313
height	annotated_credset_613.txt	ENSG00000172940	SLC22A13	0	-0.7892236130805688	0.0	0.2700778332494137	0.1539938521417169
height	annotated_credset_613.txt	ENSG00000144671	SLC22A14	0	-0.5436119648335269	0.2071892095706186	0.1653674539775065	0.1286373306574215
height	annotated_credset_613.txt	ENSG00000093217	XYLB	0	-0.6745409522200712	0.2658380244888239	0.3349044138586541	0.029460439867069
height	annotated_credset_614.txt	ENSG00000144674	GOLGA4	0	-0.6313226989193442	0.417520556191333	0.659476063790155	0.1588433360447382
height	annotated_credset_614.txt	ENSG00000198590	C3orf35	0	-0.7569074658084958	0.4896507928107903	0.4083065300118521	0.2540067215241435
height	annotated_credset_614.txt	ENSG00000144668	ITGA9	0	-0.3575626295799857	0.8759285841861203	1.0	0.791129046365769
height	annotated_credset_614.txt	ENSG00000144677	CTDSPL	0	-0.2321112527633256	0.7290088707490193	0.771077495378315	1.0
height	annotated_credset_614.txt	ENSG00000136059	VILL	0	0.2321112527633256	1.0	0.7247519604721454	0.9810953846744556
height	annotated_credset_614.txt	ENSG00000187091	PLCD1	1	-0.3069165340638263	0.7781320491364084	0.7681689839400334	0.9541892268825374
height	annotated_credset_614.txt	ENSG00000008226	DLEC1	0	-0.7279702623194322	0.1669566252786579	0.4226707383968395	0.9102952433756212
height	annotated_credset_614.txt	ENSG00000060971	ACAA1	0	-0.6217903448313805	0.316694339522792	0.5212220606852597	0.8218068330915973
height	annotated_credset_614.txt	ENSG00000172936	MYD88	0	-0.6933908106630097	0.2997466445283817	0.3377286275724166	0.772874087720063
height	annotated_credset_614.txt	ENSG00000172939	OXSR1	0	-0.7941582907927661	0.2049004107930753	0.2240763052905036	0.7360371393740872
height	annotated_credset_614.txt	ENSG00000172940	SLC22A13	0	-0.7422943264237418	0.0	0.433636095524524	0.596608784624107
height	annotated_credset_614.txt	ENSG00000144671	SLC22A14	0	-0.76487604986229	0.2071892095706186	0.3523888311654331	0.5737931601590974
height	annotated_credset_614.txt	ENSG00000093217	XYLB	0	-0.7008915091480493	0.2658380244888239	0.4839365754662288	0.484554472696331
height	annotated_credset_614.txt	ENSG00000114739	ACVR2B	0	-0.7096645437377446	0.0628374489816168	0.5027923741533544	0.3363110532337443
height	annotated_credset_614.txt	ENSG00000157036	EXOG	0	-0.514114129848889	0.0702859675466855	0.4813828068810167	0.2777894332918227
height	annotated_credset_614.txt	ENSG00000183873	SCN5A	0	-0.7123294094804166	0.4963716585853107	0.4974626426680105	0.205904020206763
height	annotated_credset_614.txt	ENSG00000185313	SCN10A	0	-0.959900764822448	0.0361537596496682	0.0	0.0
height	annotated_credset_636.txt	ENSG00000047849	MAP4	0	-0.6266938552281776	0.5862272112658062	0.8928754839857175	0.1209068998348236
height	annotated_credset_636.txt	ENSG00000164045	CDC25A	0	-0.639206817008898	0.5792121080917382	0.8678495604242763	0.260994102373668
height	annotated_credset_636.txt	ENSG00000164047	CAMP	0	-0.726995690016413	0.8101071903033057	0.6243731833133606	0.3134107388249779
height	annotated_credset_636.txt	ENSG00000164048	ZNF589	0	-0.954103702772978	0.4148599522783707	0.2431497210479107	0.4176560929170679
height	annotated_credset_636.txt	ENSG00000172113	NME6	0	-0.7816346601377411	0.1479335020270454	0.5880878063183849	0.4210931567324736
height	annotated_credset_636.txt	ENSG00000229453	SPINK8	0	-1.0756785632969337	0.1888860891568745	0.0	0.4587651851302767
height	annotated_credset_636.txt	ENSG00000164049	FBXW12	0	-0.917137564342522	0.0717468789888787	0.1106761198418063	0.5617004412960176
height	annotated_credset_636.txt	ENSG00000164050	PLXNB1	0	-0.8437234886107565	0.2296399347465276	0.4600244033701566	0.6025834108897918
height	annotated_credset_636.txt	ENSG00000164051	CCDC51	0	-0.8406729956330645	0.5051335649618665	0.4661253893255407	0.6171004830574927
height	annotated_credset_636.txt	ENSG00000232112	TMA7	0	-0.8145178378311262	0.2918413048801695	0.4308930518456159	0.6224002319504909
height	annotated_credset_636.txt	ENSG00000164053	ATRIP	0	-0.5881961014524903	0.3250003844702414	0.6804395387859323	0.6527840456706427
height	annotated_credset_636.txt	ENSG00000213689	TREX1	0	-0.7367605927218204	0.5599294467532376	0.6660065649295228	0.6555102365012011
height	annotated_credset_636.txt	ENSG00000164054	SHISA5	0	-0.6489309940719812	0.5470349063489642	0.8380055602028342	0.7024518790294509
height	annotated_credset_636.txt	ENSG00000114268	PFKFB4	0	-0.7759827619337267	0.5970870168539925	0.581679605694248	0.7832751695472315
height	annotated_credset_636.txt	ENSG00000145040	UCN2	0	-0.855426821203463	0.4054670485343403	0.3294975818965965	0.7857596918282691
height	annotated_credset_636.txt	ENSG00000114270	COL7A1	0	-0.5597701985639949	0.7785096513860449	0.9503113116420858	0.8302691029312257
height	annotated_credset_636.txt	ENSG00000010256	UQCRC1	0	-0.801314211403312	0.3000985426803373	0.5361520045303457	0.8524701043605882
height	annotated_credset_636.txt	ENSG00000183396	TMEM89	0	-0.9709534950437844	0.0	0.1968734372494009	0.8678450292157691
height	annotated_credset_636.txt	ENSG00000225697	SLC26A6	0	-0.7401963883413307	0.1855500704467781	0.6583876506543083	0.8871191559898252
height	annotated_credset_636.txt	ENSG00000008300	CELSR3	0	-0.8047025033307729	0.3297914751709118	0.3161131011106048	0.9258737464281712
height	annotated_credset_636.txt	ENSG00000213672	NCKIPSD	0	-0.6693772858476352	0.5920474992281021	0.5024143806508549	0.9590134295726824
height	annotated_credset_636.txt	ENSG00000068745	IP6K2	0	0.1998385550381138	0.906378538752826	0.8857301719194235	1.0
height	annotated_credset_636.txt	ENSG00000114302	PRKAR2A	0	-0.4225034660805622	0.7785096513860449	0.7175129284644198	0.9586878298177264
height	annotated_credset_636.txt	ENSG00000178537	SLC25A20	0	-0.5357948042040102	0.7785096513860449	0.4914700318806099	0.7999228989135848
height	annotated_credset_636.txt	ENSG00000221883	ARIH2OS	0	-0.6214458407688805	0.9820304524090906	0.4853320717956079	0.7139228136771235
height	annotated_credset_636.txt	ENSG00000177479	ARIH2	0	-0.4676143744532917	0.7785096513860449	0.8355790660494049	0.7124629095153989
height	annotated_credset_636.txt	ENSG00000178467	P4HTM	0	-0.322786956004427	0.95111904499958	0.93717254640264	0.6120291348271533
height	annotated_credset_636.txt	ENSG00000178252	WDR6	1	-0.540950375649992	0.7785096513860449	0.9949550992776476	0.5877548716308498
height	annotated_credset_636.txt	ENSG00000178149	DALRD3	0	-0.6077609497601015	1.0	0.8410994854583682	0.5758466891848756
height	annotated_credset_636.txt	ENSG00000178057	NDUFAF3	0	-0.6808835795582899	0.1381407492319467	0.7861026189207685	0.568821342052317
height	annotated_credset_636.txt	ENSG00000178035	IMPDH2	0	-0.4828445808329356	0.9762101644467946	0.9553864927218804	0.5633576542602288
height	annotated_credset_636.txt	ENSG00000198218	QRICH1	0	-0.6951166865205718	0.7785096513860449	0.6870386371663096	0.5557514546489977
height	annotated_credset_636.txt	ENSG00000172053	QARS	0	-0.6543737154220066	0.8157973498762007	0.6158140223794922	0.4621578891986485
height	annotated_credset_636.txt	ENSG00000172046	USP19	0	-0.5639752881998994	0.9867623938418514	0.7966108768237069	0.4450375803747068
height	annotated_credset_636.txt	ENSG00000172037	LAMB2	0	-0.1998385550381138	0.7785096513860449	1.0	0.4265690154323865
height	annotated_credset_636.txt	ENSG00000177352	CCDC71	0	-0.7733540691288119	0.5357373961782476	0.6046489883362433	0.368030109059885
height	annotated_credset_636.txt	ENSG00000185909	KLHDC8B	0	-0.8597147858248739	0.2013784145393632	0.4319275549441188	0.3552033034724577
height	annotated_credset_636.txt	ENSG00000236980	C3orf84	0	-1.033522970018576	0.4296117796950027	0.084311186556715	0.3466940266498597
height	annotated_credset_636.txt	ENSG00000173421	CCDC36	0	-0.8080078373862558	0.6868282861263026	0.4681777459955494	0.3173037391888486
height	annotated_credset_636.txt	ENSG00000225399	RP11-3B7.1	0	-0.8980636230049481	0.0557765766533107	0.3552298805839703	0.230165974523357
height	annotated_credset_636.txt	ENSG00000188315	C3orf62	0	-0.8027972012006312	0.5650281136470375	0.5406687920408101	0.2181291848375794
height	annotated_credset_636.txt	ENSG00000114316	USP4	0	-0.6985787258314322	0.6526636689817691	0.5439714702038294	0.2050861494953178
height	annotated_credset_636.txt	ENSG00000233276	GPX1	0	-0.4522347495066225	0.572823987157511	0.812985959985712	0.092950529251332
height	annotated_credset_636.txt	ENSG00000067560	RHOA	0	-0.5699621858067476	0.6901051555684896	0.944269049154566	0.0901678077659151
height	annotated_credset_636.txt	ENSG00000145022	TCTA	0	-0.6331969071860557	0.8384042000712159	0.8080929899942775	0.015178480829547
height	annotated_credset_636.txt	ENSG00000145020	AMT	0	-0.7573974571180784	0.5333477657547033	0.6365622123577102	0.0087170269792035
height	annotated_credset_636.txt	ENSG00000145029	NICN1	0	-0.7480797248819746	0.8803173713118954	0.575900491885765	0.0
height	annotated_credset_639.txt	ENSG00000164045	CDC25A	0	-0.5239389946802631	0.5792121080917382	0.8678495604242763	0.0
height	annotated_credset_639.txt	ENSG00000164047	CAMP	0	-0.6002834182630343	0.8101071903033057	0.6243731833133606	0.0532060588819917
height	annotated_credset_639.txt	ENSG00000164048	ZNF589	0	-0.6048212501266552	0.4148599522783707	0.2431497210479107	0.1590214034653852
height	annotated_credset_639.txt	ENSG00000172113	NME6	0	-0.6687787993645871	0.1479335020270454	0.5880878063183849	0.1625102312903738
height	annotated_credset_639.txt	ENSG00000229453	SPINK8	0	-0.9628227025237794	0.1888860891568745	0.0	0.2007496204774205
height	annotated_credset_639.txt	ENSG00000164049	FBXW12	0	-0.9074846426028762	0.0717468789888787	0.1106761198418063	0.30523513636272
height	annotated_credset_639.txt	ENSG00000164050	PLXNB1	0	-0.7328105008387011	0.2296399347465276	0.4600244033701566	0.3467338252283745
height	annotated_credset_639.txt	ENSG00000164051	CCDC51	0	-0.7297600078610091	0.5051335649618665	0.4661253893255407	0.3614695322260239
height	annotated_credset_639.txt	ENSG00000232112	TMA7	0	-0.691782566791096	0.2918413048801695	0.4308930518456159	0.3668490981568246
height	annotated_credset_639.txt	ENSG00000164053	ATRIP	0	-0.5670093233209379	0.3250003844702414	0.6804395387859323	0.3976905082758341
height	annotated_credset_639.txt	ENSG00000213689	TREX1	0	-0.6248604924276397	0.5599294467532376	0.6660065649295228	0.400457756990638
height	annotated_credset_639.txt	ENSG00000164054	SHISA5	0	-0.5388609947909841	0.5470349063489642	0.8380055602028342	0.4481063656283839
height	annotated_credset_639.txt	ENSG00000114268	PFKFB4	0	-0.5918702635873305	0.5970870168539925	0.581679605694248	0.5301468978994678
height	annotated_credset_639.txt	ENSG00000145040	UCN2	0	-0.7966602086106984	0.4054670485343403	0.3294975818965965	0.5326688384078271
height	annotated_credset_639.txt	ENSG00000114270	COL7A1	0	-0.2442800628312766	0.7785096513860449	0.9503113116420858	0.5778485849210642
height	annotated_credset_639.txt	ENSG00000010256	UQCRC1	0	-0.692152586908692	0.3000985426803373	0.5361520045303457	0.6003839452429173
height	annotated_credset_639.txt	ENSG00000183396	TMEM89	0	-0.8617918705491643	0.0	0.1968734372494009	0.615990424645899
height	annotated_credset_639.txt	ENSG00000225697	SLC26A6	0	-0.6310347638467106	0.1855500704467781	0.6583876506543083	0.6355548300230351
height	annotated_credset_639.txt	ENSG00000008300	CELSR3	0	-0.7978488541283586	0.3297914751709118	0.3161131011106048	0.6748930852108801
height	annotated_credset_639.txt	ENSG00000213672	NCKIPSD	0	-0.461232850378894	0.5920474992281021	0.5024143806508549	0.7085318696139059
height	annotated_credset_639.txt	ENSG00000068745	IP6K2	0	-0.2997059371435966	0.906378538752826	0.8857301719194235	0.7859818389573731
height	annotated_credset_639.txt	ENSG00000114302	PRKAR2A	0	-0.3187333201244553	0.7785096513860449	0.7175129284644198	0.9401860204505906
height	annotated_credset_639.txt	ENSG00000178537	SLC25A20	0	-0.3392283325643095	0.7785096513860449	0.4914700318806099	1.0
height	annotated_credset_639.txt	ENSG00000221883	ARIH2OS	0	-0.2667036026611318	0.9820304524090906	0.4853320717956079	0.9594786194608584
height	annotated_credset_639.txt	ENSG00000177479	ARIH2	0	-0.1761002070814743	0.7785096513860449	0.8355790660494049	0.9579967283657872
height	annotated_credset_639.txt	ENSG00000178467	P4HTM	0	-0.2740125256664536	0.95111904499958	0.93717254640264	0.8560503675998256
height	annotated_credset_639.txt	ENSG00000178252	WDR6	1	-0.348900326758857	0.7785096513860449	0.9949550992776476	0.8314105210858432
height	annotated_credset_639.txt	ENSG00000178149	DALRD3	0	-0.2399838314910674	1.0	0.8410994854583682	0.8193229950770626
height	annotated_credset_639.txt	ENSG00000178057	NDUFAF3	0	-0.4263850290802409	0.1381407492319467	0.7861026189207685	0.8121918424791932
height	annotated_credset_639.txt	ENSG00000178035	IMPDH2	0	-0.1786703869108252	0.9762101644467946	0.9553864927218804	0.8066458686422663
height	annotated_credset_639.txt	ENSG00000198218	QRICH1	0	-0.5460609580220455	0.7785096513860449	0.6870386371663096	0.7989251156183811
height	annotated_credset_639.txt	ENSG00000172053	QARS	0	-0.5236135730326417	0.8157973498762007	0.6158140223794922	0.7039219812804397
height	annotated_credset_639.txt	ENSG00000172046	USP19	0	-0.5111804053625364	0.9867623938418514	0.7966108768237069	0.686543831497581
height	annotated_credset_639.txt	ENSG00000172037	LAMB2	0	0.1460482805999998	0.7785096513860449	1.0	0.6677971201419265
height	annotated_credset_639.txt	ENSG00000177352	CCDC71	0	-0.6579040950057433	0.5357373961782476	0.6046489883362433	0.6083765866966737
height	annotated_credset_639.txt	ENSG00000185909	KLHDC8B	0	-0.7442648117018054	0.2013784145393632	0.4319275549441188	0.595356602593221
height	annotated_credset_639.txt	ENSG00000236980	C3orf84	0	-0.9180729958955074	0.4296117796950027	0.084311186556715	0.5867191715347273
height	annotated_credset_639.txt	ENSG00000173421	CCDC36	0	-0.6815500774660681	0.6868282861263026	0.4681777459955494	0.5568862507088786
height	annotated_credset_639.txt	ENSG00000225399	RP11-3B7.1	0	-0.7852077622317943	0.0557765766533107	0.3552298805839703	0.46843614495011
height	annotated_credset_639.txt	ENSG00000188315	C3orf62	0	-0.6631808218766044	0.5650281136470375	0.5406687920408101	0.4562180748080753
height	annotated_credset_639.txt	ENSG00000114316	USP4	0	-0.2296370877755633	0.6526636689817691	0.5439714702038294	0.442978604414646
height	annotated_credset_639.txt	ENSG00000233276	GPX1	0	-0.5513707948995452	0.572823987157511	0.812985959985712	0.3291541620734763
height	annotated_credset_639.txt	ENSG00000067560	RHOA	0	-0.1460482805999998	0.6901051555684896	0.944269049154566	0.3263295313220772
height	annotated_credset_639.txt	ENSG00000145022	TCTA	0	-0.1980791765055225	0.8384042000712159	0.8080929899942775	0.2502108252276189
height	annotated_credset_639.txt	ENSG00000145020	AMT	0	-0.6445415963449244	0.5333477657547033	0.6365622123577102	0.2436520584447866
height	annotated_credset_639.txt	ENSG00000145029	NICN1	0	-0.4431951628034312	0.8803173713118954	0.575900491885765	0.2348037484018055
height	annotated_credset_639.txt	ENSG00000173402	DAG1	0	-0.2712235424651132	0.7187452310902749	0.9003520600465317	0.1691486566804833
height	annotated_credset_639.txt	ENSG00000164061	BSN	0	-0.7873587049001423	0.6272531434878431	0.3022990689701139	0.0460986174057191
height	annotated_credset_640.txt	ENSG00000164054	SHISA5	0	-0.1949280758829635	0.6048314825638029	0.7814168507462427	0.174045434528163
height	annotated_credset_640.txt	ENSG00000114268	PFKFB4	0	-0.0156558729109582	0.646045197740113	0.51566268414997	0.2529293201165514
height	annotated_credset_640.txt	ENSG00000145040	UCN2	0	-0.6795766392968595	0.4882622248197935	0.2542048708224424	0.2553542247461898
height	annotated_credset_640.txt	ENSG00000114270	COL7A1	0	-0.2763695407174816	0.795431521527372	0.897853445842221	0.2987956049542841
height	annotated_credset_640.txt	ENSG00000010256	UQCRC1	0	-0.6314556442542038	0.4015000974089227	0.4684604812843407	0.3204638795998976
height	annotated_credset_640.txt	ENSG00000183396	TMEM89	0	-0.8073346204284729	0.1543941165010715	0.1167025289358023	0.3354698736077676
height	annotated_credset_640.txt	ENSG00000225697	SLC26A6	0	-0.4410014101345708	0.3071790375998441	0.5951922136456159	0.3542815057687504
height	annotated_credset_640.txt	ENSG00000008300	CELSR3	0	-0.7455218446691761	0.4259497369959088	0.240328080454396	0.3921061557994344
height	annotated_credset_640.txt	ENSG00000213672	NCKIPSD	0	-0.6024506217297506	0.6418955776349115	0.4334819160656076	0.4244506317154693
height	annotated_credset_640.txt	ENSG00000068745	IP6K2	0	-0.1507441942298518	0.900720826027664	0.8308968748709475	0.4989205839620814
height	annotated_credset_640.txt	ENSG00000114302	PRKAR2A	0	-0.1045405855543012	0.795431521527372	0.6564922445352812	0.6471915016831928
height	annotated_credset_640.txt	ENSG00000178537	SLC25A20	0	-0.528458532642394	0.795431521527372	0.4221350109425918	0.71774132938064
height	annotated_credset_640.txt	ENSG00000221883	ARIH2OS	0	-0.6034654833483969	0.9630138320670174	0.4157712836715158	0.7458691196011091
height	annotated_credset_640.txt	ENSG00000177479	ARIH2	0	0.0156558729109582	0.795431521527372	0.7789011049930215	0.8382817108820418
height	annotated_credset_640.txt	ENSG00000178467	P4HTM	0	-0.0702037458424936	0.9375608805766608	0.8842314089595065	0.866933655686847
height	annotated_credset_640.txt	ENSG00000178252	WDR6	1	-0.1112327200446744	0.795431521527372	0.944139326644012	0.8790705930225625
height	annotated_credset_640.txt	ENSG00000178149	DALRD3	0	-0.4152175232366401	0.9778102474186636	0.7846245771326397	0.8878156984559568
height	annotated_credset_640.txt	ENSG00000178057	NDUFAF3	0	-0.4964550468603771	0.2681414377556984	0.7276048092354459	0.8894736821674614
height	annotated_credset_640.txt	ENSG00000178035	IMPDH2	0	-0.3559721603815112	0.9582213130722774	0.9031153028428968	0.8976298033705624
height	annotated_credset_640.txt	ENSG00000198218	QRICH1	0	-0.4177157720919747	0.795431521527372	0.6248970441894262	0.987225753437774
height	annotated_credset_640.txt	ENSG00000172053	QARS	0	-0.1323687743804208	0.8261348139489577	0.5510526370551608	1.0
height	annotated_credset_640.txt	ENSG00000172046	USP19	0	-0.2125951390204207	0.96691018897331	0.738499583144424	0.9939005434636244
height	annotated_credset_640.txt	ENSG00000172037	LAMB2	0	-0.1479439179779976	0.795431521527372	0.9493697895114964	0.9758751431791456
height	annotated_credset_640.txt	ENSG00000177352	CCDC71	0	-0.4668899532191354	0.5955289304500292	0.5394769293868872	0.9187409141323598
height	annotated_credset_640.txt	ENSG00000185909	KLHDC8B	0	-0.6797892645450997	0.320212351451393	0.3604024354581029	0.9062218956917468
height	annotated_credset_640.txt	ENSG00000236980	C3orf84	0	-0.7255870150958065	0.5081433859341515	0.0	0.897916804238361
height	annotated_credset_640.txt	ENSG00000173421	CCDC36	0	-0.3206329141897605	0.7199396064679525	0.3979859853966866	0.8692317549334924
height	annotated_credset_640.txt	ENSG00000225399	RP11-3B7.1	0	-0.6580527531125265	0.2003214494447691	0.2808836580150219	0.7841849149166489
height	annotated_credset_640.txt	ENSG00000188315	C3orf62	0	-0.3526352357792902	0.6196473796999805	0.47314340581626	0.7724369554566775
height	annotated_credset_640.txt	ENSG00000114316	USP4	0	-0.3222224476021172	0.6918079096045198	0.4765675634846927	0.7597068958281609
height	annotated_credset_640.txt	ENSG00000233276	GPX1	0	-0.2854517620481746	0.6260666277030977	0.7554769765847655	0.650262039264649
height	annotated_credset_640.txt	ENSG00000067560	RHOA	0	-0.1328829524953952	0.7226378336255601	0.8915889361291672	0.6475460909052873
height	annotated_credset_640.txt	ENSG00000145022	TCTA	0	-0.2535009864822083	0.8447496590687708	0.7504040327826165	0.5743561793277903
height	annotated_credset_640.txt	ENSG00000145020	AMT	0	-0.3342825899495879	0.5935612702123515	0.5725639894525932	0.5680497720657274
height	annotated_credset_640.txt	ENSG00000145029	NICN1	0	-0.558811416145811	0.8792616403662575	0.5096710022823151	0.5595419155494537
height	annotated_credset_640.txt	ENSG00000173402	DAG1	0	-0.3312328472443143	0.7462205338008961	0.8460565870457575	0.4964130132828679
height	annotated_credset_640.txt	ENSG00000164061	BSN	0	-0.7053577215532526	0.6708844730177284	0.226005938922266	0.378097530056555
height	annotated_credset_640.txt	ENSG00000164062	APEH	0	-0.5581169811960275	0.5950711085135398	0.6050342240648167	0.2132467752203966
height	annotated_credset_640.txt	ENSG00000173531	MST1	1	-0.0546239694321052	0.7074907461523475	0.7010927134892675	0.1995290980066575
height	annotated_credset_640.txt	ENSG00000164068	RNF123	0	-0.5691052996769376	0.5431618936294564	0.5911707329312437	0.1918709236586757
height	annotated_credset_640.txt	ENSG00000176020	AMIGO3	0	-0.5083991952238868	1.0	0.5934106071663248	0.1541662774407212
height	annotated_credset_640.txt	ENSG00000173540	GMPPB	0	-0.3051044988070491	1.0	1.0	0.1541524838990282
height	annotated_credset_640.txt	ENSG00000176095	IP6K1	0	-0.2782031395708374	0.4771673485291253	0.6276404755830193	0.1438762953377053
height	annotated_credset_640.txt	ENSG00000187492	CDHR4	0	-0.6396060478872837	0.6940093512565751	0.3575092862542036	0.0522347630374142
height	annotated_credset_640.txt	ENSG00000185614	FAM212A	0	-0.7888510193958321	0.0	0.0437972706357885	0.0349624901293759
height	annotated_credset_640.txt	ENSG00000182179	UBA7	0	-0.7202914366616474	0.4452172218975259	0.2907888964694533	0.0322686114367231
height	annotated_credset_640.txt	ENSG00000183763	TRAIP	0	-0.8013281864468154	0.3917884278199883	0.1287153968991174	0.0
height	annotated_credset_643.txt	ENSG00000010256	UQCRC1	0	-0.664349961577298	0.4015000974089227	0.4684604812843407	0.0002323254962199
height	annotated_credset_643.txt	ENSG00000183396	TMEM89	0	-0.8402289377515672	0.1543941165010715	0.1167025289358023	0.0150997906337292
height	annotated_credset_643.txt	ENSG00000225697	SLC26A6	0	-0.6009840953966604	0.3071790375998441	0.5951922136456159	0.0337377619128314
height	annotated_credset_643.txt	ENSG00000008300	CELSR3	0	-0.7784161619922704	0.4259497369959088	0.240328080454396	0.0712132310736717
height	annotated_credset_643.txt	ENSG00000213672	NCKIPSD	0	-0.6322356031534918	0.6418955776349115	0.4334819160656076	0.1032591167257957
height	annotated_credset_643.txt	ENSG00000068745	IP6K2	0	-0.4284065350438518	0.900720826027664	0.8308968748709475	0.1770415944635467
height	annotated_credset_643.txt	ENSG00000114302	PRKAR2A	0	-0.515608850211685	0.795431521527372	0.6564922445352812	0.3239437389645389
height	annotated_credset_643.txt	ENSG00000178537	SLC25A20	0	-0.6327874670080297	0.795431521527372	0.4221350109425918	0.3938422810537191
height	annotated_credset_643.txt	ENSG00000221883	ARIH2OS	0	-0.6359693306435675	0.9630138320670174	0.4157712836715158	0.4217104076355824
height	annotated_credset_643.txt	ENSG00000177479	ARIH2	0	-0.4544044199828146	0.795431521527372	0.7789011049930215	0.5132698856958559
height	annotated_credset_643.txt	ENSG00000178467	P4HTM	0	-0.4017392679995722	0.9375608805766608	0.8842314089595065	0.541657328092799
height	annotated_credset_643.txt	ENSG00000178252	WDR6	1	-0.3709912560796217	0.795431521527372	0.944139326644012	0.5536822224530292
height	annotated_credset_643.txt	ENSG00000178149	DALRD3	0	-0.450748630835308	0.9778102474186636	0.7846245771326397	0.5623465968414666
height	annotated_credset_643.txt	ENSG00000178057	NDUFAF3	0	-0.5332414282780148	0.2681414377556984	0.7276048092354459	0.563989274761798
height	annotated_credset_643.txt	ENSG00000178035	IMPDH2	0	-0.3915032679801792	0.9582213130722774	0.9031153028428968	0.5720701021685535
height	annotated_credset_643.txt	ENSG00000198218	QRICH1	0	-0.5303099633393243	0.795431521527372	0.6248970441894262	0.6608389410330558
height	annotated_credset_643.txt	ENSG00000172053	QARS	0	-0.4910520664654779	0.8261348139489577	0.5510526370551608	0.6755396784615132
height	annotated_credset_643.txt	ENSG00000172046	USP19	0	-0.471361972975595	0.96691018897331	0.738499583144424	0.6971568825744945
height	annotated_credset_643.txt	ENSG00000172037	LAMB2	0	-0.3659268697920587	0.795431521527372	0.9493697895114964	0.7138023210683693
height	annotated_credset_643.txt	ENSG00000177352	CCDC71	0	-0.5033246672325983	0.5955289304500292	0.5394769293868872	0.7591782237212531
height	annotated_credset_643.txt	ENSG00000185909	KLHDC8B	0	-0.5963387723360284	0.320212351451393	0.3604024354581029	0.7730671885335068
height	annotated_credset_643.txt	ENSG00000236980	C3orf84	0	-0.8915191975807965	0.5081433859341515	0.0	0.7940776131151842
height	annotated_credset_643.txt	ENSG00000173421	CCDC36	0	-0.640773458777259	0.7199396064679525	0.3979859853966866	0.884610759130392
height	annotated_credset_643.txt	ENSG00000225399	RP11-3B7.1	0	-0.7510773685732856	0.2003214494447691	0.2808836580150219	0.8889935112855526
height	annotated_credset_643.txt	ENSG00000188315	C3orf62	0	-0.5002978197802409	0.6196473796999805	0.47314340581626	0.9116766794400136
height	annotated_credset_643.txt	ENSG00000114316	USP4	0	-0.2648448151571451	0.6918079096045198	0.4765675634846927	0.9975045508464848
height	annotated_credset_643.txt	ENSG00000233276	GPX1	0	-0.0788461528041911	0.6260666277030977	0.7554769765847655	1.0
height	annotated_credset_643.txt	ENSG00000067560	RHOA	0	0.0788461528041911	0.7226378336255601	0.8915889361291672	0.9973091241055468
height	annotated_credset_643.txt	ENSG00000145022	TCTA	0	-0.1443576737241257	0.8447496590687708	0.7504040327826165	0.9247948702530434
height	annotated_credset_643.txt	ENSG00000145020	AMT	0	-0.4354276826099014	0.5935612702123515	0.5725639894525932	0.9185466810252936
height	annotated_credset_643.txt	ENSG00000145029	NICN1	0	-0.4779286920336635	0.8792616403662575	0.5096710022823151	0.910117365374208
height	annotated_credset_643.txt	ENSG00000173402	DAG1	0	-0.3127690608152723	0.7462205338008961	0.8460565870457575	0.8475712419301056
height	annotated_credset_643.txt	ENSG00000164061	BSN	0	-0.731855506817631	0.6708844730177284	0.226005938922266	0.7303479962609262
height	annotated_credset_643.txt	ENSG00000164062	APEH	0	-0.5891299375114313	0.5950711085135398	0.6050342240648167	0.5670190725566191
height	annotated_credset_643.txt	ENSG00000173531	MST1	1	-0.4967529297376823	0.7074907461523475	0.7010927134892675	0.5534280310277533
height	annotated_credset_643.txt	ENSG00000164068	RNF123	0	-0.6011540655092481	0.5431618936294564	0.5911707329312437	0.5458405536453237
height	annotated_credset_643.txt	ENSG00000176020	AMIGO3	0	-0.532154689991439	1.0	0.5934106071663248	0.5084839804737253
height	annotated_credset_643.txt	ENSG00000173540	GMPPB	0	-0.3288599935746014	1.0	1.0	0.5084703142680653
height	annotated_credset_643.txt	ENSG00000176095	IP6K1	0	-0.5847599644279587	0.4771673485291253	0.6276404755830193	0.4982889910513685
height	annotated_credset_643.txt	ENSG00000187492	CDHR4	0	-0.6693354777820942	0.6940093512565751	0.3575092862542036	0.4074934538874888
height	annotated_credset_643.txt	ENSG00000185614	FAM212A	0	-0.8766815669015741	0.0	0.0437972706357885	0.3903806311600422
height	annotated_credset_643.txt	ENSG00000182179	UBA7	0	-0.7531857539847416	0.4452172218975259	0.2907888964694533	0.387711621194645
height	annotated_credset_643.txt	ENSG00000183763	TRAIP	0	-0.8342225037699097	0.3917884278199883	0.1287153968991174	0.355740899673651
height	annotated_credset_643.txt	ENSG00000164076	CAMKV	0	-0.8405732319591322	0.4801967660237678	0.1160139405206719	0.3155800211006215
height	annotated_credset_643.txt	ENSG00000164078	MST1R	0	-0.8510080912522274	0.453409312293006	0.0951442219344816	0.2759288919987099
height	annotated_credset_643.txt	ENSG00000228008	CTD-2330K9.3	0	-0.7581383732119574	0.2003214494447691	0.2808836580150219	0.252910901805579
height	annotated_credset_643.txt	ENSG00000164077	MON1A	0	-0.5651551226490891	0.653662575491915	0.5658699965202141	0.2460450000819972
height	annotated_credset_643.txt	ENSG00000004534	RBM6	0	-0.42021757399846	0.4431131891681278	0.9567252564420168	0.2034911688979025
height	annotated_credset_643.txt	ENSG00000003756	RBM5	0	-0.5001255437640894	0.5571790375998442	0.7827571476831579	0.0
height	annotated_credset_644.txt	ENSG00000177479	ARIH2	0	-0.4920204592092457	0.795431521527372	0.7811386380807713	0.0
height	annotated_credset_644.txt	ENSG00000178467	P4HTM	0	-0.2819751926882975	0.9375608805766608	0.8854029935256217	0.0279309437033402
height	annotated_credset_644.txt	ENSG00000178252	WDR6	1	-0.4124713808519368	0.795431521527372	0.9447046397584627	0.0397624656389116
height	annotated_credset_644.txt	ENSG00000178149	DALRD3	0	-0.2121987009129834	0.9778102474186636	0.7868041883647021	0.0482875081518703
height	annotated_credset_644.txt	ENSG00000178057	NDUFAF3	0	-0.4532564480270679	0.2681414377556984	0.7303614636830421	0.0499037701551157
height	annotated_credset_644.txt	ENSG00000178035	IMPDH2	0	-0.1327521946934499	0.9582213130722774	0.9040957813549166	0.0578546497101827
height	annotated_credset_644.txt	ENSG00000198218	QRICH1	0	-0.5736277891897307	0.795431521527372	0.6286931069192396	0.1451959961501241
height	annotated_credset_644.txt	ENSG00000172053	QARS	0	-0.6101763380077002	0.8261348139489577	0.5555960092833007	0.1596603308996345
height	annotated_credset_644.txt	ENSG00000172046	USP19	0	-0.5174013517116324	0.96691018897331	0.7411459818754363	0.1809299085762875
height	annotated_credset_644.txt	ENSG00000172037	LAMB2	0	-0.4130332576236234	0.795431521527372	0.9498821700514544	0.1973076716374603
height	annotated_credset_644.txt	ENSG00000177352	CCDC71	0	-0.654893135796701	0.5955289304500292	0.5441374484190444	0.2419538840282751
height	annotated_credset_644.txt	ENSG00000185909	KLHDC8B	0	-0.7464491799812015	0.320212351451393	0.3668751983068792	0.2556195002836693
height	annotated_credset_644.txt	ENSG00000236980	C3orf84	0	-0.9248267513862456	0.5081433859341515	0.010120055496791	0.2762920560556292
height	annotated_credset_644.txt	ENSG00000173421	CCDC36	0	-0.6892819431363296	0.7199396064679525	0.4040784006343182	0.3653693378085405
height	annotated_credset_644.txt	ENSG00000225399	RP11-3B7.1	0	-0.7858062014823615	0.2003214494447691	0.2881611553045593	0.3696816108904109
height	annotated_credset_644.txt	ENSG00000188315	C3orf62	0	-0.6724557434924999	0.6196473796999805	0.4784752237882498	0.3920000108320651
height	annotated_credset_644.txt	ENSG00000114316	USP4	0	-0.4863216298956722	0.6918079096045198	0.4818647287910482	0.4764476835357467
height	annotated_credset_644.txt	ENSG00000233276	GPX1	0	-0.5327175738106394	0.6260666277030977	0.7579515631519708	0.5005006741464414
height	annotated_credset_644.txt	ENSG00000067560	RHOA	0	-0.4443529788830812	0.7226378336255601	0.8926860621120064	0.5736466146227701
height	annotated_credset_644.txt	ENSG00000145022	TCTA	0	-0.5108819652471289	0.8447496590687708	0.7529299578226316	0.5783219415656026
height	annotated_credset_644.txt	ENSG00000145020	AMT	0	-0.6365077546305148	0.5935612702123515	0.57688966560066	0.5867636161549329
height	annotated_credset_644.txt	ENSG00000145029	NICN1	0	-0.6300303646829929	0.8792616403662575	0.5146331589509041	0.5956019607034624
height	annotated_credset_644.txt	ENSG00000173402	DAG1	0	-0.4649601905886219	0.7462205338008961	0.8476145029282198	0.7385228193248915
height	annotated_credset_644.txt	ENSG00000164061	BSN	0	-0.5817740145808271	0.6708844730177284	0.2338388017745594	0.9213002686602966
height	annotated_credset_644.txt	ENSG00000164062	APEH	0	-0.6154109547557872	0.5950711085135398	0.6090312996366138	0.9379980569766878
height	annotated_credset_644.txt	ENSG00000173531	MST1	1	-0.1858747133218906	0.7074907461523475	0.7041176718171513	0.9454446950581964
height	annotated_credset_644.txt	ENSG00000164068	RNF123	0	-0.5573546286527898	0.5431618936294564	0.5953081078026919	0.988510950831862
height	annotated_credset_644.txt	ENSG00000176020	AMIGO3	0	-0.3249722550286954	1.0	0.597525314386208	0.9917206158915516
height	annotated_credset_644.txt	ENSG00000173540	GMPPB	0	-0.1194332450083593	1.0	1.0	0.9917676784290836
height	annotated_credset_644.txt	ENSG00000176095	IP6K1	0	0.1194332450083593	0.4771673485291253	0.6314087746348779	1.0
height	annotated_credset_644.txt	ENSG00000187492	CDHR4	0	-0.5273593074973059	0.6940093512565751	0.3640113279334839	0.9184356553157283
height	annotated_credset_644.txt	ENSG00000185614	FAM212A	0	-0.782606728390797	0.0	0.0534740953231374	0.9015980240306704
height	annotated_credset_644.txt	ENSG00000182179	UBA7	0	-0.7753155291703077	0.4452172218975259	0.2979661521961229	0.8989719344363789
height	annotated_credset_644.txt	ENSG00000183763	TRAIP	0	-0.6666338575839396	0.3917884278199883	0.1375328454359979	0.8675153343499192
height	annotated_credset_644.txt	ENSG00000164076	CAMKV	0	-0.861818641017873	0.4801967660237678	0.1249599285009924	0.8280002831940335
height	annotated_credset_644.txt	ENSG00000164078	MST1R	0	-0.7638242652850139	0.453409312293006	0.1043014126250966	0.788986784223847
height	annotated_credset_644.txt	ENSG00000228008	CTD-2330K9.3	0	-0.7812623009925543	0.2003214494447691	0.2881611553045593	0.7663389465194681
height	annotated_credset_644.txt	ENSG00000164077	MON1A	0	-0.4364029820822926	0.653662575491915	0.5702634162482516	0.7595834554177167
height	annotated_credset_644.txt	ENSG00000004534	RBM6	0	-0.3388122605422238	0.4431131891681278	0.9571631992484332	0.7177139327412961
height	annotated_credset_644.txt	ENSG00000003756	RBM5	0	-0.3986780668338708	0.5571790375998442	0.7849556574048855	0.5174951069964926
height	annotated_credset_644.txt	ENSG00000001617	SEMA3F	0	-0.8081629314712027	0.5705922462497565	0.2375978570700409	0.4285643914318955
height	annotated_credset_644.txt	ENSG00000114349	GNAT1	0	-0.9298867791346412	0.1336635495811416	0.0	0.3793947968622806
height	annotated_credset_644.txt	ENSG00000114353	GNAI2	0	-0.3908661665141714	0.5966393921683226	0.8290130193693576	0.3327638900315404
height	annotated_credset_644.txt	ENSG00000179564	LSMEM2	0	-0.7568309210548868	0.545246444574323	0.3402618779026728	0.261855437053881
height	annotated_credset_644.txt	ENSG00000214706	IFRD2	0	-0.5064864470082694	0.5150691603350867	0.8468006642527436	0.2501503116476815
height	annotated_credset_644.txt	ENSG00000186792	HYAL3	0	-0.5876419044496163	0.7354178842781999	0.6073584780077452	0.2432939722512183
height	annotated_credset_644.txt	ENSG00000243477	NAT6	0	-0.5428950490858383	0.7211085135398403	0.6968521887353012	0.2384922487790141
height	annotated_credset_644.txt	ENSG00000114378	HYAL1	0	-0.5556618623930017	0.9481005260081824	0.6646249605126975	0.2338034753968868
height	annotated_credset_644.txt	ENSG00000068001	HYAL2	0	-0.6726233831160463	0.5802065069160336	0.5086769537803538	0.2097330044151088
height	annotated_credset_644.txt	ENSG00000114383	TUSC2	0	-0.5560368921775026	0.8377751802065069	0.6638749009436958	0.2067250359448424
height	annotated_credset_644.txt	ENSG00000068028	RASSF1	0	-0.4374952569872633	0.5017631015000974	0.8802527098220992	0.1935999665491028
height	annotated_credset_644.txt	ENSG00000004838	ZMYND10	0	-0.7673298875066082	0.3887395285408143	0.3251137832560658	0.1783759079794313
height	annotated_credset_644.txt	ENSG00000114388	NPRL2	0	-0.6061950546287843	0.3373076173777518	0.6473834490117134	0.1700122227380113
height	annotated_credset_644.txt	ENSG00000114395	CYB561D2	0	-0.5986202620815503	0.5269238262224819	0.6625330341061819	0.1654874959152816
height	annotated_credset_644.txt	ENSG00000272104	XXcos-LUCA11.5	0	-0.7858062014823615	0.2003214494447691	0.2881611553045593	0.1652226010611724
height	annotated_credset_644.txt	ENSG00000126062	TMEM115	0	-0.593942691914659	0.3822715760763686	0.6718881744399643	0.1600363094251343
height	annotated_credset_644.txt	ENSG00000007402	CACNA2D2	0	-0.4701627062065917	0.8212059224624976	0.8236771907703444	0.1492078918609614
height	annotated_credset_645.txt	ENSG00000198218	QRICH1	0	-0.448617941387335	0.795431521527372	0.6286931069192396	0.0
height	annotated_credset_645.txt	ENSG00000172053	QARS	0	-0.4851664902053045	0.8261348139489577	0.5555960092833007	0.0157958387407809
height	annotated_credset_645.txt	ENSG00000172046	USP19	0	-0.2996236692458456	0.96691018897331	0.7411459818754363	0.0390233721796275
height	annotated_credset_645.txt	ENSG00000172037	LAMB2	0	-0.02636509893103	0.795431521527372	0.9498821700514544	0.0569087785069224
height	annotated_credset_645.txt	ENSG00000177352	CCDC71	0	-0.5456931816023987	0.5955289304500292	0.5441374484190444	0.1056648660508611
height	annotated_credset_645.txt	ENSG00000185909	KLHDC8B	0	-0.6399872247493015	0.320212351451393	0.3668751983068792	0.1205884608377493
height	annotated_credset_645.txt	ENSG00000236980	C3orf84	0	-0.8183647961543457	0.5081433859341515	0.010120055496791	0.1431640139474236
height	annotated_credset_645.txt	ENSG00000173421	CCDC36	0	-0.5683353439682723	0.7199396064679525	0.4040784006343182	0.2404412411689327
height	annotated_credset_645.txt	ENSG00000225399	RP11-3B7.1	0	-0.6793442462504615	0.2003214494447691	0.2881611553045593	0.2451504774654544
height	annotated_credset_645.txt	ENSG00000188315	C3orf62	0	-0.3654200458709209	0.6196473796999805	0.4784752237882498	0.269523381752847
height	annotated_credset_645.txt	ENSG00000114316	USP4	0	-0.4888447410776515	0.6918079096045198	0.4818647287910482	0.3617448245749409
height	annotated_credset_645.txt	ENSG00000233276	GPX1	0	-0.3710493793552591	0.6260666277030977	0.7579515631519708	0.3880119960349287
height	annotated_credset_645.txt	ENSG00000067560	RHOA	0	-0.126691382423459	0.7226378336255601	0.8926860621120064	0.4678913337518573
height	annotated_credset_645.txt	ENSG00000145022	TCTA	0	-0.389459721013764	0.8447496590687708	0.7529299578226316	0.4729970445728758
height	annotated_credset_645.txt	ENSG00000145020	AMT	0	-0.5293170730115908	0.5935612702123515	0.57688966560066	0.4822158114795061
height	annotated_credset_645.txt	ENSG00000145029	NICN1	0	-0.508608120449628	0.8792616403662575	0.5146331589509041	0.4918677635147532
height	annotated_credset_645.txt	ENSG00000173402	DAG1	0	-0.3431719738363361	0.7462205338008961	0.8476145029282198	0.6479450995674504
height	annotated_credset_645.txt	ENSG00000164061	BSN	0	-0.5667192987860303	0.6708844730177284	0.2338388017745594	0.8475479962890596
height	annotated_credset_645.txt	ENSG00000164062	APEH	0	-0.4686610280273051	0.5950711085135398	0.6090312996366138	0.8657828875675776
height	annotated_credset_645.txt	ENSG00000173531	MST1	1	-0.1584498283643436	0.7074907461523475	0.7041176718171513	0.873915020592254
height	annotated_credset_645.txt	ENSG00000164068	RNF123	0	-0.2451001271486119	0.5431618936294564	0.5953081078026919	0.9209457097425496
height	annotated_credset_645.txt	ENSG00000176020	AMIGO3	0	-0.1727458535382504	1.0	0.597525314386208	0.9244508382239336
height	annotated_credset_645.txt	ENSG00000173540	GMPPB	0	0.0250010412705987	1.0	1.0	0.9245022330697016
height	annotated_credset_645.txt	ENSG00000176095	IP6K1	0	-0.2289393801811883	0.4771673485291253	0.6314087746348779	1.0
height	annotated_credset_645.txt	ENSG00000187492	CDHR4	0	-0.1590390081873418	0.6940093512565751	0.3640113279334839	0.97743493278062
height	annotated_credset_645.txt	ENSG00000185614	FAM212A	0	-0.619620377216209	0.0	0.0534740953231374	0.9590473253889626
height	annotated_credset_645.txt	ENSG00000182179	UBA7	0	-0.3210661937199017	0.4452172218975259	0.2979661521961229	0.9561794929951032
height	annotated_credset_645.txt	ENSG00000183763	TRAIP	0	-0.4927143456274911	0.3917884278199883	0.1375328454359979	0.9218271780837126
height	annotated_credset_645.txt	ENSG00000164076	CAMKV	0	-0.6141789123103258	0.4801967660237678	0.1249599285009924	0.8786745971526604
height	annotated_credset_645.txt	ENSG00000164078	MST1R	0	-0.708567051054243	0.453409312293006	0.1043014126250966	0.8360697384350795
height	annotated_credset_645.txt	ENSG00000228008	CTD-2330K9.3	0	-0.6732590888560523	0.2003214494447691	0.2881611553045593	0.8113370702273104
height	annotated_credset_645.txt	ENSG00000164077	MON1A	0	-0.2804903909403584	0.653662575491915	0.5702634162482516	0.8039597072233424
height	annotated_credset_645.txt	ENSG00000004534	RBM6	0	-0.2010377204333095	0.4431131891681278	0.9571631992484332	0.7582359155797209
height	annotated_credset_645.txt	ENSG00000003756	RBM5	0	-0.1956325067893487	0.5571790375998442	0.7849556574048855	0.5395860890164579
height	annotated_credset_645.txt	ENSG00000001617	SEMA3F	0	-0.5297253635989219	0.5705922462497565	0.2375978570700409	0.4424689200289123
height	annotated_credset_645.txt	ENSG00000114349	GNAT1	0	-0.669005640171662	0.1336635495811416	0.0	0.3887730535945778
height	annotated_credset_645.txt	ENSG00000114353	GNAI2	0	-0.2363532116408528	0.5966393921683226	0.8290130193693576	0.3378495719833905
height	annotated_credset_645.txt	ENSG00000179564	LSMEM2	0	-0.4854159724300424	0.545246444574323	0.3402618779026728	0.2604136920766934
height	annotated_credset_645.txt	ENSG00000214706	IFRD2	0	-0.3364182295693381	0.5150691603350867	0.8468006642527436	0.2476310597220873
height	annotated_credset_645.txt	ENSG00000186792	HYAL3	0	-0.466695305281559	0.7354178842781999	0.6073584780077452	0.2401435649057591
height	annotated_credset_645.txt	ENSG00000243477	NAT6	0	-0.3203950098237869	0.7211085135398403	0.6968521887353012	0.2348998222132492
height	annotated_credset_645.txt	ENSG00000114378	HYAL1	0	-0.0250010412705987	0.9481005260081824	0.6646249605126975	0.2297794271505828
height	annotated_credset_645.txt	ENSG00000068001	HYAL2	0	-0.5634234289217439	0.5802065069160336	0.5086769537803538	0.2034931661764525
height	annotated_credset_645.txt	ENSG00000114383	TUSC2	0	-0.3243048086954805	0.8377751802065069	0.6638749009436958	0.2002083013197892
height	annotated_credset_645.txt	ENSG00000068028	RASSF1	0	-0.3153885130132978	0.5017631015000974	0.8802527098220992	0.1858750130471516
height	annotated_credset_645.txt	ENSG00000004838	ZMYND10	0	-0.594722869828114	0.3887395285408143	0.3251137832560658	0.1692495146532573
height	annotated_credset_645.txt	ENSG00000114388	NPRL2	0	-0.4997330993968842	0.3373076173777518	0.6473834490117134	0.1601159163481855
height	annotated_credset_645.txt	ENSG00000114395	CYB561D2	0	-0.4242483508712567	0.5269238262224819	0.6625330341061819	0.1551746690336249
height	annotated_credset_645.txt	ENSG00000272104	XXcos-LUCA11.5	0	-0.6793442462504615	0.2003214494447691	0.2881611553045593	0.1548853894731588
height	annotated_credset_645.txt	ENSG00000126062	TMEM115	0	-0.423242546031819	0.3822715760763686	0.6718881744399643	0.1492216774695154
height	annotated_credset_645.txt	ENSG00000007402	CACNA2D2	0	-0.3461447392979033	0.8212059224624976	0.8236771907703444	0.1373964576703606
height	annotated_credset_646.txt	ENSG00000173402	DAG1	0	-0.3802857880912954	0.7462205338008961	0.7975386807830235	0.0
height	annotated_credset_646.txt	ENSG00000164061	BSN	0	-0.6717227407949119	0.6708844730177284	0.2200239481968353	0.205673769596354
height	annotated_credset_646.txt	ENSG00000164062	APEH	0	-0.5382536723007599	0.5950711085135398	0.5730506233550005	0.2244632705957472
height	annotated_credset_646.txt	ENSG00000173531	MST1	1	-0.4504749988566986	0.7074907461523475	0.6625194320732622	0.2328427404407013
height	annotated_credset_646.txt	ENSG00000164068	RNF123	0	-0.5488404970736686	0.5431618936294564	0.5601381775750522	0.2813038564020934
height	annotated_credset_646.txt	ENSG00000176020	AMIGO3	0	-0.2352345055388259	1.0	0.5622243948442612	0.2849155925017513
height	annotated_credset_646.txt	ENSG00000173540	GMPPB	0	-0.0585389631130598	1.0	0.9409214661002124	0.2849685505090776
height	annotated_credset_646.txt	ENSG00000176095	IP6K1	0	-0.5328697702487376	0.4771673485291253	0.5941060699379879	0.3796741115537727
height	annotated_credset_646.txt	ENSG00000187492	CDHR4	0	-0.6104816787152002	0.6940093512565751	0.3425060723562589	0.399787562736325
height	annotated_credset_646.txt	ENSG00000185614	FAM212A	0	-0.8047653431328171	0.0	0.0503149241698289	0.4076480441094807
height	annotated_credset_646.txt	ENSG00000182179	UBA7	0	-0.6897414308314241	0.4452172218975259	0.2803627487726149	0.4211387182043906
height	annotated_credset_646.txt	ENSG00000183763	TRAIP	0	-0.765219001935445	0.3917884278199883	0.129407606564573	0.4856385449560524
height	annotated_credset_646.txt	ENSG00000164076	CAMKV	0	-0.7444967499031437	0.4801967660237678	0.1175774791289315	0.5062891416414864
height	annotated_credset_646.txt	ENSG00000164078	MST1R	0	-0.6509533459568507	0.453409312293006	0.0981394380835291	0.5571954044554328
height	annotated_credset_646.txt	ENSG00000228008	CTD-2330K9.3	0	-0.6877956401640782	0.2003214494447691	0.2711370167222969	0.5769729505629436
height	annotated_credset_646.txt	ENSG00000164077	MON1A	0	-0.422539285051383	0.653662575491915	0.5365730896796206	0.5970001558478502
height	annotated_credset_646.txt	ENSG00000004534	RBM6	0	-0.3728759652938441	0.4431131891681278	0.9006154007340055	0.8540310878633866
height	annotated_credset_646.txt	ENSG00000003756	RBM5	0	-0.4487171419418901	0.5571790375998442	0.7385816279890609	0.8827434063498164
height	annotated_credset_646.txt	ENSG00000001617	SEMA3F	0	-0.415812564538161	0.5705922462497565	0.2235609240166116	0.9887411276424154
height	annotated_credset_646.txt	ENSG00000114349	GNAT1	0	-0.5593705276527291	0.1336635495811416	0.0	1.0
height	annotated_credset_646.txt	ENSG00000114353	GNAI2	0	-0.1447774598112455	0.5966393921683226	0.7800361456011797	0.9742511125183676
height	annotated_credset_646.txt	ENSG00000179564	LSMEM2	0	-0.5177594365897237	0.545246444574323	0.3201597050141944	0.8944600394226998
height	annotated_credset_646.txt	ENSG00000214706	IFRD2	0	-0.2538733753305099	0.5150691603350867	0.7967729225033253	0.8812886264576717
height	annotated_credset_646.txt	ENSG00000186792	HYAL3	0	-0.380556389081134	0.7354178842781999	0.5714766295754413	0.8735734013331826
height	annotated_credset_646.txt	ENSG00000243477	NAT6	0	-0.2911123616345988	0.7211085135398403	0.6556831830799615	0.86817017149997
height	annotated_credset_646.txt	ENSG00000114378	HYAL1	0	0.0585389631130598	0.9481005260081824	0.6253598922524032	0.8628940408843407
height	annotated_credset_646.txt	ENSG00000068001	HYAL2	0	-0.338987357388587	0.5802065069160336	0.4786250651224005	0.835808289765792
height	annotated_credset_646.txt	ENSG00000114383	TUSC2	0	-0.3783633355867258	0.8377751802065069	0.6246541451030756	0.8324235165546756
height	annotated_credset_646.txt	ENSG00000068028	RASSF1	0	-0.2821597304996078	0.5017631015000974	0.8282486702644944	0.8176542848543151
height	annotated_credset_646.txt	ENSG00000004838	ZMYND10	0	-0.6702303968655047	0.3887395285408143	0.3059065375906841	0.8005231260271988
height	annotated_credset_646.txt	ENSG00000114388	NPRL2	0	-0.4973174804217265	0.3373076173777518	0.6091369839731136	0.7911117315823424
height	annotated_credset_646.txt	ENSG00000114395	CYB561D2	0	-0.490190195512778	0.5269238262224819	0.6233915537910107	0.7860201974493937
height	annotated_credset_646.txt	ENSG00000272104	XXcos-LUCA11.5	0	-0.6876151572996984	0.2003214494447691	0.2711370167222969	0.7857221195224424
height	annotated_credset_646.txt	ENSG00000126062	TMEM115	0	-0.4384354632453032	0.3822715760763686	0.6321940061494464	0.7798861471150773
height	annotated_credset_646.txt	ENSG00000007402	CACNA2D2	0	-0.385772855530499	0.8212059224624976	0.7750155499329368	0.7677012661722432
height	annotated_credset_646.txt	ENSG00000088543	C3orf18	0	-0.5571825129108351	0.950837716734853	0.441020225994103	0.4723030143917193
height	annotated_credset_646.txt	ENSG00000114735	HEMK1	0	-0.2531529186178972	0.9536625754919152	0.6979418956972272	0.4554759858352486
height	annotated_credset_646.txt	ENSG00000114737	CISH	0	-0.2776926259078865	0.9918566140658484	1.0	0.3989803836194855
height	annotated_credset_646.txt	ENSG00000114738	MAPKAPK3	0	-0.5124013655247192	0.795431521527372	0.5305825207663347	0.3913695614237255
height	annotated_credset_646.txt	ENSG00000088538	DOCK3	0	-0.6319901671495994	0.968683031365673	0.276977374830112	0.2949542132853508
height	annotated_credset_649.txt	ENSG00000164061	BSN	0	-0.6494742972325012	0.6708844730177284	0.2200239481968353	0.0
height	annotated_credset_649.txt	ENSG00000164062	APEH	0	-0.5213052141471322	0.5950711085135398	0.5730506233550005	0.0192186533378414
height	annotated_credset_649.txt	ENSG00000173531	MST1	1	-0.2017497667734749	0.7074907461523475	0.6625194320732622	0.0277895103345371
height	annotated_credset_649.txt	ENSG00000164068	RNF123	0	-0.3768399730707366	0.5431618936294564	0.5601381775750522	0.0773574785342783
height	annotated_credset_649.txt	ENSG00000176020	AMIGO3	0	-0.4658907155256095	1.0	0.5622243948442612	0.0810517067125218
height	annotated_credset_649.txt	ENSG00000173540	GMPPB	0	-0.1640989712031759	1.0	0.9409214661002124	0.0811058742811178
height	annotated_credset_649.txt	ENSG00000176095	IP6K1	0	-0.1863657410158556	0.4771673485291253	0.5941060699379879	0.1779745110236558
height	annotated_credset_649.txt	ENSG00000187492	CDHR4	0	-0.5910662439189638	0.6940093512565751	0.3425060723562589	0.1985473535763959
height	annotated_credset_649.txt	ENSG00000185614	FAM212A	0	-0.7864080099906334	0.0	0.0503149241698289	0.2065873684008512
height	annotated_credset_649.txt	ENSG00000182179	UBA7	0	-0.6447674051462107	0.4452172218975259	0.2803627487726149	0.2203861695894641
height	annotated_credset_649.txt	ENSG00000183763	TRAIP	0	-0.7468616687932614	0.3917884278199883	0.129407606564573	0.2863591728496918
height	annotated_credset_649.txt	ENSG00000164076	CAMKV	0	-0.7527767325110821	0.4801967660237678	0.1175774791289315	0.3074814293124765
height	annotated_credset_649.txt	ENSG00000164078	MST1R	0	-0.7624957530337833	0.453409312293006	0.0981394380835291	0.3595503915365334
height	annotated_credset_649.txt	ENSG00000228008	CTD-2330K9.3	0	-0.6759969637143994	0.2003214494447691	0.2711370167222969	0.3797796569398936
height	annotated_credset_649.txt	ENSG00000164077	MON1A	0	-0.3964669651080519	0.653662575491915	0.5365730896796206	0.4002642837380631
height	annotated_credset_649.txt	ENSG00000004534	RBM6	0	-0.3557431499739261	0.4431131891681278	0.9006154007340055	0.6631658040960765
height	annotated_credset_649.txt	ENSG00000003756	RBM5	0	-0.3097210806579218	0.5571790375998442	0.7385816279890609	0.6925339121439811
height	annotated_credset_649.txt	ENSG00000001617	SEMA3F	0	-0.6210767190134701	0.5705922462497565	0.2235609240166116	0.8009526221559917
height	annotated_credset_649.txt	ENSG00000114349	GNAT1	0	-0.6548070444556138	0.1336635495811416	0.0	0.8124686472394897
height	annotated_credset_649.txt	ENSG00000114353	GNAI2	0	-0.0224826199933416	0.5966393921683226	0.7800361456011797	0.9097195522518334
height	annotated_credset_649.txt	ENSG00000179564	LSMEM2	0	-0.5348562574621274	0.545246444574323	0.3201597050141944	0.9542267218998964
height	annotated_credset_649.txt	ENSG00000214706	IFRD2	0	-0.3149828619515098	0.5150691603350867	0.7967729225033253	0.961661607600894
height	annotated_credset_649.txt	ENSG00000186792	HYAL3	0	-0.0458868620684058	0.7354178842781999	0.5714766295754413	0.9717986811524212
height	annotated_credset_649.txt	ENSG00000243477	NAT6	0	-0.1923848407330157	0.7211085135398403	0.6556831830799615	0.9717259418460208
height	annotated_credset_649.txt	ENSG00000114378	HYAL1	0	0.0224826199933416	0.9481005260081824	0.6253598922524032	0.9917834186746908
height	annotated_credset_649.txt	ENSG00000068001	HYAL2	0	-0.150336693100163	0.5802065069160336	0.4786250651224005	1.0
height	annotated_credset_649.txt	ENSG00000114383	TUSC2	0	-0.1720398941223986	0.8377751802065069	0.6246541451030756	0.9965379185443106
height	annotated_credset_649.txt	ENSG00000068028	RASSF1	0	-0.3062831045260032	0.5017631015000974	0.8282486702644944	0.98143135748531
height	annotated_credset_649.txt	ENSG00000004838	ZMYND10	0	-0.439358186403985	0.3887395285408143	0.3059065375906841	0.96390892286693
height	annotated_credset_649.txt	ENSG00000114388	NPRL2	0	-0.4573631195009173	0.3373076173777518	0.6091369839731136	0.954282572105022
height	annotated_credset_649.txt	ENSG00000114395	CYB561D2	0	-0.4293005375796397	0.5269238262224819	0.6233915537910107	0.949074747295726
height	annotated_credset_649.txt	ENSG00000272104	XXcos-LUCA11.5	0	-0.6043027088392163	0.2003214494447691	0.2711370167222969	0.9487698612667717
height	annotated_credset_649.txt	ENSG00000126062	TMEM115	0	-0.1356242612371527	0.3822715760763686	0.6321940061494464	0.9428005952074984
height	annotated_credset_649.txt	ENSG00000007402	CACNA2D2	0	-0.0365026939428807	0.8212059224624976	0.7750155499329368	0.93033741149598
height	annotated_credset_649.txt	ENSG00000088543	C3orf18	0	-0.5342627422343191	0.950837716734853	0.441020225994103	0.6281922615126125
height	annotated_credset_649.txt	ENSG00000114735	HEMK1	0	-0.4079684170110529	0.9536625754919152	0.6979418956972272	0.6109809035024552
height	annotated_credset_649.txt	ENSG00000114737	CISH	0	-0.2569393648596665	0.9918566140658484	1.0	0.5531949413243004
height	annotated_credset_649.txt	ENSG00000114738	MAPKAPK3	0	-0.407555487441587	0.795431521527372	0.5305825207663347	0.5454102878946545
height	annotated_credset_649.txt	ENSG00000088538	DOCK3	0	-0.6119296908876037	0.968683031365673	0.276977374830112	0.446792812508876
height	annotated_credset_674.txt	ENSG00000114251	WNT5A	0	-0.1848056018352508	0.6175319082295826	1.0	0.0
height	annotated_credset_674.txt	ENSG00000187672	ERC2	0	0.1848056018352508	1.0	0.0	1.0
height	annotated_credset_674.txt	ENSG00000180376	CCDC66	1	-0.588391089376278	0.0	0.23948527587162	0.5355566777175226
height	annotated_credset_674.txt	ENSG00000163946	FAM208A	0	-0.6219866263333136	0.0703938610915355	0.1732572938078296	0.4491459371638088
height	annotated_credset_674.txt	ENSG00000163947	ARHGEF3	0	-0.5843548474675094	0.3680604494557982	0.2340989116895843	0.3019285024260654
height	annotated_credset_675.txt	ENSG00000187672	ERC2	0	0.2359298646040578	1.0	0.2460058449060996	1.0
height	annotated_credset_675.txt	ENSG00000180376	CCDC66	1	-0.2359298646040578	0.5174107733293025	1.0	0.7637643071407781
height	annotated_credset_675.txt	ENSG00000163946	FAM208A	0	-0.4811396147750199	0.5513820923158312	0.7914881773085275	0.6734980339472121
height	annotated_credset_675.txt	ENSG00000163947	ARHGEF3	0	-0.3829669755402017	0.6950327810002456	0.9830415999660908	0.519711952520995
height	annotated_credset_675.txt	ENSG00000186451	SPATA12	0	-0.8886008441038747	0.0	0.0	0.0423451053866978
height	annotated_credset_675.txt	ENSG00000144730	IL17RD	0	-0.6664668885887889	0.236457762578646	0.4425585094226584	0.0
height	annotated_credset_676.txt	ENSG00000187672	ERC2	0	-0.9752338784582496	1.0	0.2460058449060996	0.6893820143939327
height	annotated_credset_676.txt	ENSG00000180376	CCDC66	1	-0.0904079096339861	0.5352366395545607	1.0	0.9330656571541892
height	annotated_credset_676.txt	ENSG00000163946	FAM208A	0	0.0904079096339861	0.5679531269901923	0.7914881773085275	1.0
height	annotated_credset_676.txt	ENSG00000163947	ARHGEF3	0	-0.4086785553830573	0.7062976508906963	0.9830415999660908	0.8992435365802406
height	annotated_credset_676.txt	ENSG00000186451	SPATA12	0	-1.1524547951244035	0.0369379696853903	0.0	0.3704093000747575
height	annotated_credset_676.txt	ENSG00000144730	IL17RD	0	-0.9311755404130744	0.2646614625980311	0.4425585094226584	0.3234987498106362
height	annotated_credset_676.txt	ENSG00000163666	HESX1	0	-0.8867416893951728	0.0001637643976199	0.5314262114584616	0.152101595611128
height	annotated_credset_676.txt	ENSG00000157500	APPL1	0	-0.8972512231766735	0.0140655421511363	0.5104071438954602	0.1047464106334237
height	annotated_credset_676.txt	ENSG00000239388	ASB14	0	-0.9157069746776344	0.0	0.4734956408935384	0.0402584973526963
height	annotated_credset_676.txt	ENSG00000174844	DNAH12	0	-1.1013735263277853	0.349600596830249	0.0999161577409418	0.0
height	annotated_credset_677.txt	ENSG00000187672	ERC2	0	-0.6332586811701564	1.0	0.1759311655593421	0.1138324517846583
height	annotated_credset_677.txt	ENSG00000180376	CCDC66	1	-0.3453684646782287	0.5352366395545607	0.7151503478565518	0.3474820418763975
height	annotated_credset_677.txt	ENSG00000163946	FAM208A	0	-0.4914894061348842	0.5679531269901923	0.5660330453265416	0.4409982138736901
height	annotated_credset_677.txt	ENSG00000163947	ARHGEF3	0	0.2343723333315412	0.7062976508906963	0.7030225421732111	1.0
height	annotated_credset_677.txt	ENSG00000186451	SPATA12	0	-0.364341453357176	0.0369379696853903	0.0	0.9846734163699358
height	annotated_credset_677.txt	ENSG00000144730	IL17RD	0	-0.360082951619179	0.2646614625980311	0.3164958719604912	0.93969448091068
height	annotated_credset_677.txt	ENSG00000163666	HESX1	0	-0.501859415194706	0.0001637643976199	0.3800496399846083	0.7753548708819304
height	annotated_credset_677.txt	ENSG00000157500	APPL1	0	-0.4822952528828426	0.0140655421511363	0.3650178465053074	0.7299496092343741
height	annotated_credset_677.txt	ENSG00000239388	ASB14	0	-0.5254063617599491	0.0	0.338620572293575	0.6681170859954733
height	annotated_credset_677.txt	ENSG00000174844	DNAH12	0	-0.7256848005793035	0.349600596830249	0.0714550749649246	0.6295162948319024
height	annotated_credset_677.txt	ENSG00000174840	PDE12	0	-0.5871996615309167	0.5522681369070364	0.3746125345344767	0.3032610436735986
height	annotated_credset_677.txt	ENSG00000168374	ARF4	0	-0.2343723333315412	0.7497861964808848	1.0	0.280289675091838
height	annotated_credset_677.txt	ENSG00000174839	DENND6A	0	-0.4647448010486326	0.6595884054806483	0.5392550645658174	0.1979265006991981
height	annotated_credset_677.txt	ENSG00000163681	SLMAP	0	-0.5140129186630074	0.330658514838874	0.5274085399541331	0.0
height	annotated_credset_680.txt	ENSG00000163666	HESX1	0	-0.6959325916669308	0.4329304687742589	0.326855668045472	0.0
height	annotated_credset_680.txt	ENSG00000157500	APPL1	0	-0.6994828298465681	0.4417168953552695	0.3197551916861973	0.0626962968899087
height	annotated_credset_680.txt	ENSG00000239388	ASB14	0	-0.7057173893403437	0.4328269637490899	0.3072860726986463	0.088356012067507
height	annotated_credset_680.txt	ENSG00000174844	DNAH12	0	-0.7303455950626732	0.6537871913681409	0.1810867405691725	0.3599384695584804
height	annotated_credset_680.txt	ENSG00000174840	PDE12	0	-0.655518162772595	0.7818804102939197	0.3242873757944706	0.3899865382321538
height	annotated_credset_680.txt	ENSG00000168374	ARF4	0	-0.5078129365120225	0.906718971206052	0.6196978283156156	0.4318882361301617
height	annotated_credset_680.txt	ENSG00000174839	DENND6A	0	-0.6160277023155205	0.8497107034546526	0.4020585608382582	0.5585829128858384
height	annotated_credset_680.txt	ENSG00000163681	SLMAP	0	-0.4438364140271498	0.6418151101235965	0.3964626904545504	0.8738592686374895
height	annotated_credset_680.txt	ENSG00000136068	FLNB	1	0.4027797291488952	1.0	1.0	1.0
height	annotated_credset_680.txt	ENSG00000163687	DNASE1L3	0	-0.6441018865077097	0.5702816371734848	0.3923110971093363	0.774793338505263
height	annotated_credset_680.txt	ENSG00000163686	ABHD6	0	-0.4027797291488952	0.5696491064641187	0.3237780293577882	0.7143646691979275
height	annotated_credset_680.txt	ENSG00000163684	RPP14	0	-0.6322925760999434	0.6758682634041883	0.3692428301837804	0.6225631452558392
height	annotated_credset_680.txt	ENSG00000255154	RPP14	0	-0.7327042094146314	0.0218430104781587	0.2224435446487643	0.6073828609618994
height	annotated_credset_680.txt	ENSG00000168297	PXK	0	-0.645427032030645	0.582771243543874	0.4157792037761734	0.5869955802342417
height	annotated_credset_680.txt	ENSG00000168291	PDHB	0	-0.6510770899178346	0.6454492865628626	0.3396237508588498	0.4604598243751058
height	annotated_credset_680.txt	ENSG00000168301	KCTD6	0	-0.6708817873206581	0.509604691307763	0.3769572767380176	0.3743433950260766
height	annotated_credset_680.txt	ENSG00000168306	ACOX2	0	-0.6935115555435929	0.4398308037855237	0.3316977402921477	0.3569529083474733
height	annotated_credset_680.txt	ENSG00000168309	FAM107A	0	-0.7929635569133024	0.2159954365784459	0.1327937375527288	0.2781855688611652
height	annotated_credset_680.txt	ENSG00000198643	FAM3D	0	-0.8593604256896668	0.0	0.0	0.1849310538649899
height	annotated_credset_680.txt	ENSG00000163689	C3orf67	0	-0.7680354643475784	0.172454322657365	0.1800921681675749	0.073527505389916
height	annotated_credset_681.txt	ENSG00000174844	DNAH12	0	-0.8143539070763	0.6537871913681409	0.1810867405691725	0.0
height	annotated_credset_681.txt	ENSG00000174840	PDE12	0	-0.7361852768186925	0.7818804102939197	0.3242873757944706	0.0367183891017347
height	annotated_credset_681.txt	ENSG00000168374	ARF4	0	-0.5528035712185204	0.906718971206052	0.6196978283156156	0.0879217747220027
height	annotated_credset_681.txt	ENSG00000174839	DENND6A	0	-0.6472808373081207	0.8497107034546526	0.4020585608382582	0.2427411905305571
height	annotated_credset_681.txt	ENSG00000163681	SLMAP	0	-0.5840872516183218	0.6418151101235965	0.3964626904545504	0.6280052163415989
height	annotated_credset_681.txt	ENSG00000136068	FLNB	1	0.5528035712185204	1.0	1.0	1.0
height	annotated_credset_681.txt	ENSG00000163687	DNASE1L3	0	-0.6044591708418932	0.5702816371734848	0.3923110971093363	0.9426523716412324
height	annotated_credset_681.txt	ENSG00000163686	ABHD6	0	-0.6667898960590675	0.5696491064641187	0.3237780293577882	0.868809243265037
height	annotated_credset_681.txt	ENSG00000163684	RPP14	0	-0.6406282616182088	0.6758682634041883	0.3692428301837804	0.7566288528098215
height	annotated_credset_681.txt	ENSG00000255154	RPP14	0	-0.7644979585353444	0.0218430104781587	0.2224435446487643	0.7380787226356251
height	annotated_credset_681.txt	ENSG00000168297	PXK	0	-0.5821531608739532	0.582771243543874	0.4157792037761734	0.7131657036121992
height	annotated_credset_681.txt	ENSG00000168291	PDHB	0	-0.5861816744000283	0.6454492865628626	0.3396237508588498	0.5585404872837828
height	annotated_credset_681.txt	ENSG00000168301	KCTD6	0	-0.6373142154689284	0.509604691307763	0.3769572767380176	0.4533072160466155
height	annotated_credset_681.txt	ENSG00000168306	ACOX2	0	-0.5821955658375542	0.4398308037855237	0.3316977402921477	0.432056244362936
height	annotated_credset_681.txt	ENSG00000168309	FAM107A	0	-0.7991165203398931	0.2159954365784459	0.1327937375527288	0.3358034751358507
height	annotated_credset_681.txt	ENSG00000198643	FAM3D	0	-0.9299659180698095	0.0	0.0	0.2218475465765158
height	annotated_credset_681.txt	ENSG00000163689	C3orf67	0	-0.83694293960736	0.172454322657365	0.1800921681675749	0.085713710999733
height	annotated_credset_68.txt	ENSG00000084070	SMAP2	0	-0.7870519048504134	0.3047074852630408	0.1454091821513559	0.0
height	annotated_credset_68.txt	ENSG00000187801	ZFP69B	0	-0.8597564959260914	0.1596040484929373	0.0	0.0554137925357648
height	annotated_credset_68.txt	ENSG00000187815	ZFP69	0	-0.7489926731095251	0.121510399288177	0.2215276456331326	0.1001720362840152
height	annotated_credset_68.txt	ENSG00000164002	EXO5	0	-0.720161448554549	0.1788872205538872	0.2791900947430847	0.1279022548551534
height	annotated_credset_68.txt	ENSG00000117010	ZNF684	0	-0.8364895312233286	0.1658603047491936	0.0465339294055256	0.1712721356095883
height	annotated_credset_68.txt	ENSG00000117016	RIMS3	0	-0.8530514788608358	0.1735763541319097	0.0134100341305111	0.3324539453105674
height	annotated_credset_68.txt	ENSG00000066136	NFYC	0	-0.6916577885790568	0.1505394283172061	0.3361974146940691	0.4778012830010542
height	annotated_credset_68.txt	ENSG00000117013	KCNQ4	0	-0.7415204699665766	0.3591369146924702	0.2342933829431994	0.5722552392868255
height	annotated_credset_68.txt	ENSG00000179862	CITED4	0	-0.7188377384386856	0.0	0.2722303191206244	0.6022916220799043
height	annotated_credset_68.txt	ENSG00000171793	CTPS1	0	-0.4536316132810619	0.6511789567345123	0.4640868758094681	0.8083743531490515
height	annotated_credset_68.txt	ENSG00000171790	SLFNL1	0	-0.6737501806739357	0.6511789567345123	0.2379390154301538	0.8230180157933066
height	annotated_credset_68.txt	ENSG00000010803	SCMH1	1	0.4536316132810619	0.7052886219552886	1.0	1.0
height	annotated_credset_68.txt	ENSG00000204060	FOXO6	0	-0.4857309415414751	0.2804471137804471	0.3216487783706729	0.7123399678426727
height	annotated_credset_68.txt	ENSG00000127129	EDN2	0	-0.7840227601182239	0.1551134467801135	0.1492888026399048	0.5520306866634987
height	annotated_credset_68.txt	ENSG00000127124	HIVEP3	0	-0.5170458488748692	1.0	0.5738483132217073	0.5141799603795377
height	annotated_credset_69.txt	ENSG00000084070	SMAP2	0	-0.8956526405147811	0.3047074852630408	0.1454091821513559	0.0
height	annotated_credset_69.txt	ENSG00000187801	ZFP69B	0	-0.968357231590459	0.1596040484929373	0.0	0.0591466997475211
height	annotated_credset_69.txt	ENSG00000187815	ZFP69	0	-0.8575934087738928	0.121510399288177	0.2215276456331326	0.1069200479170319
height	annotated_credset_69.txt	ENSG00000164002	EXO5	0	-0.8287621842189167	0.1788872205538872	0.2791900947430847	0.1365182911829421
height	annotated_credset_69.txt	ENSG00000117010	ZNF684	0	-0.7725918023033457	0.1658603047491936	0.0465339294055256	0.1828097503609572
height	annotated_credset_69.txt	ENSG00000117016	RIMS3	0	-0.9616522145252034	0.1735763541319097	0.0134100341305111	0.3548494478242362
height	annotated_credset_69.txt	ENSG00000066136	NFYC	0	-0.7851960728808146	0.1505394283172061	0.3361974146940691	0.5099879963351016
height	annotated_credset_69.txt	ENSG00000117013	KCNQ4	0	-0.8486302550465327	0.3591369146924702	0.2342933829431994	0.6108047702239183
height	annotated_credset_69.txt	ENSG00000179862	CITED4	0	-0.818635166092952	0.0	0.2722303191206244	0.6428645306782714
height	annotated_credset_69.txt	ENSG00000171793	CTPS1	0	-0.5089572406080273	0.6511789567345123	0.4640868758094681	0.8628298652983295
height	annotated_credset_69.txt	ENSG00000171790	SLFNL1	0	-0.5240411347869423	0.6511789567345123	0.2379390154301538	0.8784599869339267
height	annotated_credset_69.txt	ENSG00000010803	SCMH1	1	0.5089572406080273	0.7052886219552886	1.0	1.0
height	annotated_credset_69.txt	ENSG00000204060	FOXO6	0	-0.5744050099924028	0.2804471137804471	0.3216487783706729	0.6255977471721041
height	annotated_credset_69.txt	ENSG00000127129	EDN2	0	-0.7765879747521656	0.1551134467801135	0.1492888026399048	0.4544893554386583
height	annotated_credset_69.txt	ENSG00000127124	HIVEP3	0	-0.6395364337251804	1.0	0.5738483132217073	0.414088844296994
height	annotated_credset_70.txt	ENSG00000117016	RIMS3	0	-0.7922152431635872	0.1735763541319097	0.0	0.0
height	annotated_credset_70.txt	ENSG00000066136	NFYC	0	-0.6286278402250811	0.1505394283172061	0.3271748058770121	0.1837754576346451
height	annotated_credset_70.txt	ENSG00000117013	KCNQ4	0	-0.6802724115648378	0.3591369146924702	0.2238856631974988	0.3032019247281425
height	annotated_credset_70.txt	ENSG00000179862	CITED4	0	-0.6610461182262517	0.0	0.2623382498746711	0.341179572486934
height	annotated_credset_70.txt	ENSG00000171793	CTPS1	0	-0.517267851660526	0.6511789567345123	0.4568025798658636	0.6017481443962415
height	annotated_credset_70.txt	ENSG00000171790	SLFNL1	0	-0.6318787174724485	0.6511789567345123	0.2275808482420188	0.6202634185433749
height	annotated_credset_70.txt	ENSG00000010803	SCMH1	1	0.4168813077778801	0.7052886219552886	1.0	1.0
height	annotated_credset_70.txt	ENSG00000204060	FOXO6	0	-0.6200027888700452	0.2804471137804471	0.3124284200159168	0.9079338991463825
height	annotated_credset_70.txt	ENSG00000127129	EDN2	0	-0.7132456039243151	0.1551134467801135	0.1377256745051554	0.7052407368229011
height	annotated_credset_70.txt	ENSG00000127124	HIVEP3	0	-0.4168813077778801	1.0	0.5680559284801542	0.657382725419546
height	annotated_credset_72.txt	ENSG00000171793	CTPS1	0	-0.5360326140826237	0.6710875609746506	0.5204207082133445	0.1089028351151452
height	annotated_credset_72.txt	ENSG00000171790	SLFNL1	0	-0.6372204986708168	0.6710875609746506	0.3180449390369584	0.1231404352378602
height	annotated_credset_72.txt	ENSG00000010803	SCMH1	1	-0.2962429681892959	0.7221089724009822	1.0	0.4151446235519304
height	annotated_credset_72.txt	ENSG00000204060	FOXO6	0	-0.6174130993283036	0.3215148587406941	0.3929553433814696	0.603800161396816
height	annotated_credset_72.txt	ENSG00000127129	EDN2	0	-0.569316388637535	0.2033344825823232	0.2387134124375674	0.7386291941496989
height	annotated_credset_72.txt	ENSG00000127124	HIVEP3	0	0.2962429681892959	1.0	0.6186443008882876	1.0
height	annotated_credset_72.txt	ENSG00000044012	GUCA2B	0	-0.8302570739861099	0.142717060579405	0.0	0.3693559466723577
height	annotated_credset_72.txt	ENSG00000197273	GUCA2A	0	-0.828482314924462	0.0152552971420406	0.0035495181232958	0.356991083159376
height	annotated_credset_72.txt	ENSG00000198815	FOXJ3	0	-0.5905044953421232	0.0	0.4795051572879734	0.3385198177949993
height	annotated_credset_72.txt	ENSG00000177181	RIMKLA	0	-0.4243323441381084	0.1940137673911305	0.1083398905279122	0.0660713213864119
height	annotated_credset_72.txt	ENSG00000066185	ZMYND12	0	-0.6698447527433979	0.0163958065958152	0.3184592917621574	0.0
height	annotated_credset_73.txt	ENSG00000066136	NFYC	0	-0.6096446697541029	0.1990215215444858	0.4059746638449771	0.0711506983101024
height	annotated_credset_73.txt	ENSG00000117013	KCNQ4	0	-0.6724694611399189	0.3957135197563767	0.3147825262179987	0.1698215956335527
height	annotated_credset_73.txt	ENSG00000179862	CITED4	0	-0.6554949104494447	0.0570739771137769	0.3487316275989467	0.2011989667790976
height	annotated_credset_73.txt	ENSG00000171793	CTPS1	0	-0.5206170263502843	0.6710875609746506	0.5204207082133445	0.4164823577250334
height	annotated_credset_73.txt	ENSG00000171790	SLFNL1	0	-0.6218049109384773	0.6710875609746506	0.3180449390369584	0.4317797935342755
height	annotated_credset_73.txt	ENSG00000010803	SCMH1	1	0.1600375997638381	0.7221089724009822	1.0	0.7455205425554347
height	annotated_credset_73.txt	ENSG00000204060	FOXO6	0	-0.4633236100380418	0.3215148587406941	0.3929553433814696	0.9482194493491356
height	annotated_credset_73.txt	ENSG00000127129	EDN2	0	-0.1600375997638381	0.2033344825823232	0.2387134124375674	1.0
height	annotated_credset_73.txt	ENSG00000127124	HIVEP3	0	-0.3559873157176163	1.0	0.6186443008882876	0.960459410345045
height	annotated_credset_73.txt	ENSG00000044012	GUCA2B	0	-0.8298607242489182	0.142717060579405	0.0	0.0331315459095052
height	annotated_credset_73.txt	ENSG00000197273	GUCA2A	0	-0.8280859651872703	0.0152552971420406	0.0035495181232958	0.0198462517412764
height	annotated_credset_73.txt	ENSG00000198815	FOXJ3	0	-0.5884623421533934	0.0	0.4795051572879734	0.0
height	annotated_credset_74.txt	ENSG00000204060	FOXO6	0	-0.6562087212578963	0.3832793343287103	0.6351878499765377	0.1484056949572831
height	annotated_credset_74.txt	ENSG00000127129	EDN2	0	-0.7808699609415338	0.2758572615057202	0.3858653706092628	0.2925061476259247
height	annotated_credset_74.txt	ENSG00000127124	HIVEP3	0	0.4907503522966204	1.0	1.0	1.0
height	annotated_credset_74.txt	ENSG00000044012	GUCA2B	0	-0.9640863738920392	0.2207580197160911	0.0	0.7541402432127131
height	annotated_credset_74.txt	ENSG00000197273	GUCA2A	0	-0.9633439224504556	0.1048994712903637	0.005737575078602	0.7409251188954429
height	annotated_credset_74.txt	ENSG00000198815	FOXJ3	0	-0.502044867365819	0.0910329082128136	0.7750902361817127	0.7211836904655013
height	annotated_credset_74.txt	ENSG00000177181	RIMKLA	0	-0.886240301961775	0.2673850381250052	0.1751246885687804	0.4300004722833713
height	annotated_credset_74.txt	ENSG00000066185	ZMYND12	0	-0.7164178361825357	0.105936156851717	0.5147696201272589	0.3593858047610775
height	annotated_credset_74.txt	ENSG00000127125	PPCS	0	-0.7224239791333553	0.0941155582670907	0.5027573342256197	0.3226229540713511
height	annotated_credset_74.txt	ENSG00000186409	CCDC30	0	-0.4907503522966204	0.0608296105994544	0.502658924446941	0.3123402473075463
height	annotated_credset_74.txt	ENSG00000171960	PPIH	0	-0.5528420231786267	0.0	0.2782208085893006	0.0342167652495274
height	annotated_credset_74.txt	ENSG00000065978	YBX1	0	-0.543877393412623	0.0042992660981181	0.8579942978194892	0.0
height	annotated_credset_771.txt	ENSG00000075651	PLD1	0	-0.838466735241056	0.0624070850593193	0.0447417208360221	0.2977933780247516
height	annotated_credset_771.txt	ENSG00000183657	PP13439	0	-0.8251102013648985	0.0	0.0695797456729925	0.2961738944951909
height	annotated_credset_771.txt	ENSG00000186329	TMEM212	0	-0.842041229393494	0.1538107347205845	0.0354094739976683	0.4994632738866773
height	annotated_credset_771.txt	ENSG00000075420	FNDC3B	0	0.6599888632719022	1.0	1.0	1.0
height	annotated_credset_771.txt	ENSG00000267979	AC092964.2	0	-0.7302049308006902	0.0164282389552913	0.2038374465685605	0.927667314968985
height	annotated_credset_771.txt	ENSG00000203443	AC092964.1	0	-0.7708302347843785	0.0164282389552913	0.2038374465685605	0.9043379128569884
height	annotated_credset_771.txt	ENSG00000121853	GHSR	1	-0.6599888632719022	0.670265296964298	0.4385457118255687	0.7011842796482914
height	annotated_credset_771.txt	ENSG00000121858	TNFSF10	0	-0.7915934698799547	0.623969735739254	0.2005297726306122	0.6058857239979666
height	annotated_credset_771.txt	ENSG00000144959	NCEH1	0	-0.8802864063174827	0.27678645294942	0.0477182987500023	0.4089890427494831
height	annotated_credset_771.txt	ENSG00000269496	AC007919.2	0	-0.8022268324082036	0.0164282389552913	0.2038374465685605	0.3877684418026845
height	annotated_credset_771.txt	ENSG00000114346	ECT2	0	-0.8800441795690483	0.0663639349221457	0.0482027522468707	0.218892298192372
height	annotated_credset_771.txt	ENSG00000144962	SPATA16	0	-0.9033900668199556	0.1987191004287771	0.0	0.0
height	annotated_credset_772.txt	ENSG00000075651	PLD1	0	-0.9278461799594168	0.0624070850593193	0.0447417208360221	0.1288112785194303
height	annotated_credset_772.txt	ENSG00000183657	PP13439	0	-0.9262687755884168	0.0	0.0695797456729925	0.127031025008478
height	annotated_credset_772.txt	ENSG00000186329	TMEM212	0	-0.90876134255172	0.1538107347205845	0.0354094739976683	0.3505014245494718
height	annotated_credset_772.txt	ENSG00000075420	FNDC3B	0	0.640320150059889	1.0	1.0	1.0
height	annotated_credset_772.txt	ENSG00000267979	AC092964.2	0	-0.7817865966742177	0.0164282389552913	0.2038374465685605	0.9806712592094844
height	annotated_credset_772.txt	ENSG00000203443	AC092964.1	0	-0.7518605052416463	0.0164282389552913	0.2038374465685605	0.994113688138314
height	annotated_credset_772.txt	ENSG00000121853	GHSR	1	-0.640320150059889	0.670265296964298	0.4385457118255687	0.7707925106265032
height	annotated_credset_772.txt	ENSG00000121858	TNFSF10	0	-0.8199901806333956	0.623969735739254	0.2005297726306122	0.666033440720318
height	annotated_credset_772.txt	ENSG00000144959	NCEH1	0	-0.9257106739671332	0.27678645294942	0.0477182987500023	0.4495903576699254
height	annotated_credset_772.txt	ENSG00000269496	AC007919.2	0	-0.8585075198595662	0.0164282389552913	0.2038374465685605	0.4262631372008777
height	annotated_credset_772.txt	ENSG00000114346	ECT2	0	-0.8957766020400948	0.0663639349221457	0.0482027522468707	0.2406222571976835
height	annotated_credset_772.txt	ENSG00000144962	SPATA16	0	-0.960367711382677	0.1987191004287771	0.0	0.0
height	annotated_credset_773.txt	ENSG00000075651	PLD1	0	-0.7428478167029624	0.0624070850593193	0.0447417208360221	0.0016299689305279
height	annotated_credset_773.txt	ENSG00000183657	PP13439	0	-0.7304288042844772	0.0	0.0695797456729925	0.0
height	annotated_credset_773.txt	ENSG00000186329	TMEM212	0	-0.7475139401221392	0.1538107347205845	0.0354094739976683	0.2046055833641548
height	annotated_credset_773.txt	ENSG00000075420	FNDC3B	0	-0.1224840303237932	1.0	1.0	0.9400774316954472
height	annotated_credset_773.txt	ENSG00000267979	AC092964.2	0	-0.6551667808478017	0.0164282389552913	0.2038374465685605	0.7815780455065181
height	annotated_credset_773.txt	ENSG00000203443	AC092964.1	0	-0.6551667808478017	0.0164282389552913	0.2038374465685605	0.8130764801903166
height	annotated_credset_773.txt	ENSG00000121853	GHSR	1	0.1224840303237932	0.670265296964298	0.4385457118255687	1.0
height	annotated_credset_773.txt	ENSG00000121858	TNFSF10	0	-0.2684348451116976	0.623969735739254	0.2005297726306122	0.9040844306231736
height	annotated_credset_773.txt	ENSG00000144959	NCEH1	0	-0.4691100675256354	0.27678645294942	0.0477182987500023	0.7059129351426817
height	annotated_credset_773.txt	ENSG00000269496	AC007919.2	0	-0.6557000636046071	0.0164282389552913	0.2038374465685605	0.6845549406962709
height	annotated_credset_773.txt	ENSG00000114346	ECT2	0	-0.7347716713054605	0.0663639349221457	0.0482027522468707	0.5145854027739971
height	annotated_credset_773.txt	ENSG00000144962	SPATA16	0	-0.763777317601015	0.1987191004287771	0.0	0.2942758789826799
height	annotated_credset_777.txt	ENSG00000145191	EIF2B5	0	-0.5886969381062578	0.5343848370280309	0.6596460797687034	0.0124504496338624
height	annotated_credset_777.txt	ENSG00000177383	MAGEF1	0	-0.7035010910167698	0.0	0.4300377739476795	0.0506233029860371
height	annotated_credset_777.txt	ENSG00000156931	VPS8	0	-0.6783674356968121	0.1561433020769141	0.479583391548654	0.5270020488540007
height	annotated_credset_777.txt	ENSG00000187068	C3orf70	0	-0.6920198590526856	0.1412867873619693	0.2839795255002071	0.6674401022273367
height	annotated_credset_777.txt	ENSG00000113790	EHHADH	0	-0.7040701278990911	0.5053879848770007	0.3916034050170213	0.8478498469671711
height	annotated_credset_777.txt	ENSG00000073803	MAP3K13	0	0.3777071823548761	0.5274229276660948	0.4904058640221173	1.0
height	annotated_credset_777.txt	ENSG00000163900	TMEM41A	0	-0.3777071823548761	0.3700471344581202	0.5855615839892098	0.8800780015444415
height	annotated_credset_777.txt	ENSG00000163898	LIPH	0	-0.7779359561838926	0.5987242051264969	0.0	0.838441755561267
height	annotated_credset_777.txt	ENSG00000163904	SENP2	0	-0.4472441614027479	0.7199746839659565	0.8912946785057707	0.7318067499749832
height	annotated_credset_777.txt	ENSG00000073792	IGF2BP2	1	-0.3919167858996213	0.9319964690794624	1.0	0.6461409362026403
height	annotated_credset_777.txt	ENSG00000163915	C3orf65	0	-0.7576405967343065	0.9930714012091736	0.2707352196315941	0.5499198878610227
height	annotated_credset_777.txt	ENSG00000136527	TRA2B	0	-0.4129820671109236	1.0	0.9516060622951076	0.2654377123733502
height	annotated_credset_777.txt	ENSG00000244405	ETV5	0	-0.4566632340416403	0.3490281640878733	0.9237134878979382	0.0830319008788966
height	annotated_credset_777.txt	ENSG00000058866	DGKG	0	-0.7142966914092184	0.1367898602621542	0.4068902362830522	0.0
height	annotated_credset_779.txt	ENSG00000156931	VPS8	0	-0.9011406159534036	0.0224203133441383	0.479583391548654	0.0
height	annotated_credset_779.txt	ENSG00000187068	C3orf70	0	-0.9989425489776268	0.0052095392451956	0.2839795255002071	0.1703927348882519
height	annotated_credset_779.txt	ENSG00000113790	EHHADH	0	-0.9436677920271423	0.4270085667978698	0.3916034050170213	0.3892829079454947
height	annotated_credset_779.txt	ENSG00000073803	MAP3K13	0	-0.8780799675615205	0.4525353090993285	0.4904058640221173	0.7407722320939129
height	annotated_credset_779.txt	ENSG00000163900	TMEM41A	0	-0.8305021075779744	0.2702207301072779	0.5855615839892098	0.7576757344792414
height	annotated_credset_779.txt	ENSG00000163898	LIPH	0	-1.1232828995725792	0.5351354480203752	0.0	0.8485676997150504
height	annotated_credset_779.txt	ENSG00000163904	SENP2	0	0.1192480227491539	0.6756000617426873	0.8912946785057707	0.9859307194001632
height	annotated_credset_779.txt	ENSG00000073792	IGF2BP2	1	-0.1192480227491539	0.9212201898587636	1.0	1.0
height	annotated_credset_779.txt	ENSG00000163915	C3orf65	0	-0.9582332495422436	0.9919734506444392	0.2707352196315941	0.8832555195196419
height	annotated_credset_779.txt	ENSG00000136527	TRA2B	0	-0.6151168708931345	1.0	0.9516060622951076	0.5380948259329597
height	annotated_credset_779.txt	ENSG00000244405	ETV5	0	-0.6790755677787614	0.2458709577834374	0.9237134878979382	0.3167828358170959
height	annotated_credset_779.txt	ENSG00000058866	DGKG	0	-0.936301061155174	0.0	0.4068902362830522	0.2160406770226076
height	annotated_credset_780.txt	ENSG00000156931	VPS8	0	-0.663502040755485	0.0224203133441383	0.479583391548654	0.0
height	annotated_credset_780.txt	ENSG00000187068	C3orf70	0	-0.7613039737797085	0.0052095392451956	0.2839795255002071	0.1865848468573276
height	annotated_credset_780.txt	ENSG00000113790	EHHADH	0	-0.7018754883441164	0.4270085667978698	0.3916034050170213	0.4262757553062389
height	annotated_credset_780.txt	ENSG00000073803	MAP3K13	0	-0.6386587366476596	0.4525353090993285	0.4904058640221173	0.8111664712233759
height	annotated_credset_780.txt	ENSG00000163900	TMEM41A	0	-0.2876543725289816	0.2702207301072779	0.5855615839892098	0.8296762827243618
height	annotated_credset_780.txt	ENSG00000163898	LIPH	0	-0.7781540232424585	0.5351354480203752	0.0	0.929205546253157
height	annotated_credset_780.txt	ENSG00000163904	SENP2	0	0.2876543725289816	0.6756000617426873	0.8912946785057707	1.0
height	annotated_credset_780.txt	ENSG00000073792	IGF2BP2	1	-0.3511817532305566	0.9212201898587636	1.0	0.9014445458312969
height	annotated_credset_780.txt	ENSG00000163915	C3orf65	0	-0.7110913097813368	0.9919734506444392	0.2707352196315941	0.7736060495118874
height	annotated_credset_780.txt	ENSG00000136527	TRA2B	0	-0.3759125412816112	1.0	0.9516060622951076	0.395645362418764
height	annotated_credset_780.txt	ENSG00000244405	ETV5	0	-0.4414369925808429	0.2458709577834374	0.9237134878979382	0.1533024960369304
height	annotated_credset_780.txt	ENSG00000058866	DGKG	0	-0.6985426806212571	0.0	0.4068902362830522	0.0429869929547494
height	annotated_credset_781.txt	ENSG00000113790	EHHADH	0	-0.754707912049031	0.5913596164722104	0.3916034050170213	0.102796881280525
height	annotated_credset_781.txt	ENSG00000073803	MAP3K13	0	-0.7053066825464829	0.6095645269819341	0.4904058640221173	0.3878907346941023
height	annotated_credset_781.txt	ENSG00000163900	TMEM41A	0	-0.4709238723256626	0.479543212237883	0.5855615839892098	0.4016012069620567
height	annotated_credset_781.txt	ENSG00000163898	LIPH	0	-0.9211199351256264	0.6684724800372079	0.0	0.4753239030245632
height	annotated_credset_781.txt	ENSG00000163904	SENP2	0	-0.4722823168657828	0.768647648979603	0.8912946785057707	0.5867393853964199
height	annotated_credset_781.txt	ENSG00000073792	IGF2BP2	1	-0.4082347222273719	0.9438165913747528	1.0	0.8503562520304163
height	annotated_credset_781.txt	ENSG00000163915	C3orf65	0	-0.7777921250000759	0.994275704631863	0.2707352196315941	0.7192133823019278
height	annotated_credset_781.txt	ENSG00000136527	TRA2B	0	0.4082347222273719	1.0	0.9516060622951076	1.0
height	annotated_credset_781.txt	ENSG00000244405	ETV5	0	-0.4796554898750824	0.4621776815778138	0.9237134878979382	0.8450771695858776
height	annotated_credset_781.txt	ENSG00000058866	DGKG	0	-0.7344576968135068	0.2868298549524098	0.4068902362830522	0.7633649573543744
height	annotated_credset_781.txt	ENSG00000213139	CRYGS	0	-0.6717194881691095	0.2579056509528337	0.5644108258588343	0.1676297952239102
height	annotated_credset_781.txt	ENSG00000113838	TBCCD1	0	-0.5206787814302416	0.1110829788902847	0.4917566455407939	0.157123939365574
height	annotated_credset_781.txt	ENSG00000090520	DNAJB11	0	-0.5027739343486701	0.0556329956090801	0.5232049486364317	0.1277620544784789
height	annotated_credset_781.txt	ENSG00000145192	AHSG	0	-0.6986413178737341	0.0792498421002659	0.3953399440069582	0.0651013418642938
height	annotated_credset_781.txt	ENSG00000090512	FETUB	0	-0.849254873504969	0.1480982542275159	0.2093400551871152	0.0333772912732018
height	annotated_credset_781.txt	ENSG00000113905	HRG	0	-0.8681949776372564	0.0	0.1693326763597963	0.0
height	annotated_credset_783.txt	ENSG00000113790	EHHADH	0	-0.8462671582314727	0.5913596164722104	0.3916034050170213	0.0870492521897736
height	annotated_credset_783.txt	ENSG00000073803	MAP3K13	0	-0.6602973228291138	0.6095645269819341	0.4904058640221173	0.3752145241364632
height	annotated_credset_783.txt	ENSG00000163900	TMEM41A	0	-0.7508830890395679	0.479543212237883	0.5855615839892098	0.3890727042491056
height	annotated_credset_783.txt	ENSG00000163898	LIPH	0	-1.0220832445328605	0.6684724800372079	0.0	0.4635896414090128
height	annotated_credset_783.txt	ENSG00000163904	SENP2	0	-0.5742664154194403	0.768647648979603	0.8912946785057707	0.576205442810323
height	annotated_credset_783.txt	ENSG00000073792	IGF2BP2	1	-0.5142287530606162	0.9438165913747528	1.0	0.8426623486809637
height	annotated_credset_783.txt	ENSG00000163915	C3orf65	0	-0.8559619029894634	0.994275704631863	0.2707352196315941	0.7101066296898665
height	annotated_credset_783.txt	ENSG00000136527	TRA2B	0	0.5142287530606162	1.0	0.9516060622951076	1.0
height	annotated_credset_783.txt	ENSG00000244405	ETV5	0	-0.5742236977350754	0.4621776815778138	0.9237134878979382	0.8541814896176771
height	annotated_credset_783.txt	ENSG00000058866	DGKG	0	-0.7903766436757276	0.2868298549524098	0.4068902362830522	0.7715889623600013
height	annotated_credset_783.txt	ENSG00000213139	CRYGS	0	-0.7614584681047556	0.2579056509528337	0.5644108258588343	0.1694357312466894
height	annotated_credset_783.txt	ENSG00000113838	TBCCD1	0	-0.6551480074329348	0.1110829788902847	0.4917566455407939	0.1588166920278454
height	annotated_credset_783.txt	ENSG00000090520	DNAJB11	0	-0.6436638918958579	0.0556329956090801	0.5232049486364317	0.1291384810034817
height	annotated_credset_783.txt	ENSG00000145192	AHSG	0	-0.8042188016469656	0.0792498421002659	0.3953399440069582	0.0658027020147787
height	annotated_credset_783.txt	ENSG00000090512	FETUB	0	-0.938993853440615	0.1480982542275159	0.2093400551871152	0.0337368768264297
height	annotated_credset_783.txt	ENSG00000113905	HRG	0	-0.9582731676063192	0.0	0.1693326763597963	0.0
height	annotated_credset_801.txt	ENSG00000131127	ZNF141	0	-0.9100550509730756	0.0	0.0018536159835016	0.0
height	annotated_credset_801.txt	ENSG00000182903	ZNF721	0	-0.9109818589648264	0.0334924802118999	0.0	0.1625335525853457
height	annotated_credset_801.txt	ENSG00000174227	PIGG	0	-0.8261846591104486	0.2624179432526183	0.1695943997087554	0.2208961413763598
height	annotated_credset_801.txt	ENSG00000133256	PDE6B	0	-0.7577027092181624	0.1694180813348846	0.2627611641402395	0.4066012344529528
height	annotated_credset_801.txt	ENSG00000169020	ATP5I	0	-0.7864228582205991	0.0699773334985426	0.205320866135366	0.4116581878092112
height	annotated_credset_801.txt	ENSG00000215375	MYL5	0	-0.8331719226455131	0.2101593109910067	0.1556198726386264	0.4226011732075264
height	annotated_credset_801.txt	ENSG00000169026	MFSD7	0	-0.7936742072586348	0.1687093180976238	0.1908181680592945	0.4331360186696081
height	annotated_credset_801.txt	ENSG00000185619	PCGF3	0	-0.6461318418419438	0.2740872236946638	0.4832885199635382	0.5486069125451628
height	annotated_credset_801.txt	ENSG00000168993	CPLX1	0	-0.8543023045467615	0.2850730538722077	0.1028049143857512	0.6276154093300352
height	annotated_credset_801.txt	ENSG00000178950	GAK	0	-0.4435457701785735	0.4354574250353148	0.531005409689205	0.7786058543808619
height	annotated_credset_801.txt	ENSG00000127419	TMEM175	0	-0.649862512706752	0.4434689809136389	0.4728003351629381	0.8159826555795516
height	annotated_credset_801.txt	ENSG00000145214	DGKQ	0	-0.7002756905387332	0.3988168969662022	0.3552616715689832	0.8561410655422576
height	annotated_credset_801.txt	ENSG00000145217	SLC26A1	0	-0.5898791268836819	0.4049932623194758	0.2881290786642421	0.8654486470148985
height	annotated_credset_801.txt	ENSG00000127415	IDUA	0	-0.4332819978992314	0.596409962325437	0.4860338869413704	0.8812167850391375
height	annotated_credset_801.txt	ENSG00000127418	FGFRL1	0	0.2837443697491629	0.9772056680302345	1.0	0.9130275245290544
height	annotated_credset_801.txt	ENSG00000178222	RNF212	0	-0.5261216574019151	0.3581895756874972	0.1215628065376875	1.0
height	annotated_credset_801.txt	ENSG00000159674	SPON2	0	-0.2837443697491629	0.6555157537184441	0.414564232810599	0.8878300504867919
height	annotated_credset_801.txt	ENSG00000159692	CTBP1	0	-0.4702260079241657	0.463909206416788	0.4216704507080301	0.8245242755691313
height	annotated_credset_801.txt	ENSG00000090316	MAEA	0	-0.3889175806342243	0.4643142139809371	0.3098498777671609	0.7130281242781499
height	annotated_credset_801.txt	ENSG00000163945	UVSSA	0	-0.4518902766004665	0.3960198134762976	0.3487015534768883	0.6313788056759062
height	annotated_credset_801.txt	ENSG00000179979	CRIPAK	0	-0.6745135077800156	0.1556731371265751	0.2074936157454758	0.5684001115433805
height	annotated_credset_801.txt	ENSG00000235608	NKX1-1	0	-0.8986881633320871	0.2951223040576569	0.0183002933345702	0.5522167231310574
height	annotated_credset_801.txt	ENSG00000174137	FAM53A	0	-0.7201328483687766	0.3550887365244807	0.3816980211920995	0.2352014936361633
height	annotated_credset_801.txt	ENSG00000163950	SLBP	0	-0.5615115272221544	0.9281744397954358	0.4125811149166185	0.1287082562673744
height	annotated_credset_801.txt	ENSG00000168936	TMEM129	0	-0.4722618656421943	1.0	0.5470779051175539	0.0957840200176288
height	annotated_credset_801.txt	ENSG00000013810	TACC3	0	-0.6634711942913664	0.7705505584231638	0.4000326256191976	0.0878942626440287
height	annotated_credset_802.txt	ENSG00000133256	PDE6B	0	-0.7025289575556171	0.1069229293200094	0.2370227220682557	0.0752774241488774
height	annotated_credset_802.txt	ENSG00000169020	ATP5I	0	-0.7279965423628703	0.0	0.1860875524537493	0.0801347371641815
height	annotated_credset_802.txt	ENSG00000215375	MYL5	0	-0.7500327140201893	0.1507296354612496	0.1420152091391111	0.0906457111947678
height	annotated_credset_802.txt	ENSG00000169026	MFSD7	0	-0.734426674274007	0.1061608368863625	0.1732272886314759	0.100764657993804
height	annotated_credset_802.txt	ENSG00000185619	PCGF3	0	-0.6047526692732572	0.2194676512175107	0.4325752986329754	0.211676947706026
height	annotated_credset_802.txt	ENSG00000168993	CPLX1	0	-0.7734495394043912	0.231280083939038	0.0951815583707074	0.2875663168017134
height	annotated_credset_802.txt	ENSG00000178950	GAK	0	-0.5531810816319361	0.392979767806766	0.4748882384343554	0.4325959032471329
height	annotated_credset_802.txt	ENSG00000127419	TMEM175	0	-0.6094028668725239	0.4015941340656679	0.4232749034344419	0.4684971287761647
height	annotated_credset_802.txt	ENSG00000145214	DGKQ	0	-0.6615165568634128	0.3535823107459115	0.3190475234526641	0.5070701496533223
height	annotated_credset_802.txt	ENSG00000145217	SLC26A1	0	-0.520986521214981	0.3602234019534062	0.2595177138062294	0.5160102828606241
height	annotated_credset_802.txt	ENSG00000127415	IDUA	0	-0.6014676382028048	0.566042794211908	0.4350097521007844	0.5311559202941707
height	annotated_credset_802.txt	ENSG00000127418	FGFRL1	0	-0.3455821399352808	0.9754905629821766	0.8907690718475023	0.5617108232298673
height	annotated_credset_802.txt	ENSG00000178222	RNF212	0	-0.7609265807896746	0.3098980837457932	0.111815114455121	0.6800907536211296
height	annotated_credset_802.txt	ENSG00000159674	SPON2	0	-0.4924326757722866	0.6295958596606783	0.3716340545176679	0.8104022445266442
height	annotated_credset_802.txt	ENSG00000159692	CTBP1	0	-0.4736496259463798	0.4235723355003069	0.3779354914268668	0.8663938412112139
height	annotated_credset_802.txt	ENSG00000090316	MAEA	0	-0.5851637214459834	0.4240078168909622	0.2787786268741929	0.9895942040071466
height	annotated_credset_802.txt	ENSG00000163945	UVSSA	0	0.2937762599998096	0.3505747673916978	0.3132303404066482	1.0
height	annotated_credset_802.txt	ENSG00000179979	CRIPAK	0	-0.6051818747463055	0.0921437796246422	0.1880142376166885	0.940189211192036
height	annotated_credset_802.txt	ENSG00000235608	NKX1-1	0	-0.8039378955548327	0.2420854659446748	0.0202471071934815	0.9246447167842292
height	annotated_credset_802.txt	ENSG00000174137	FAM53A	0	-0.6482179663991906	0.3065639293485879	0.3424899497424367	0.6201447359075088
height	annotated_credset_802.txt	ENSG00000163950	SLBP	0	-0.6064723718008259	0.9227700971259588	0.3698755252306699	0.5178556793408479
height	annotated_credset_802.txt	ENSG00000168936	TMEM129	0	-0.5384625609729566	1.0	0.4891405196586254	0.4862312386967758
height	annotated_credset_802.txt	ENSG00000013810	TACC3	0	-0.6144021822274374	0.7532861834002659	0.3587481555447445	0.4786529561858346
height	annotated_credset_802.txt	ENSG00000068078	FGFR3	1	-0.2937762599998096	0.6651148105860083	1.0	0.380568289231408
height	annotated_credset_802.txt	ENSG00000168924	LETM1	0	-0.586123858190649	0.3846647950039397	0.4698329207981918	0.3557462723264289
height	annotated_credset_802.txt	ENSG00000109685	WHSC1	0	-0.5797735129123752	0.6939518439234696	0.4280054941748687	0.2738644869770466
height	annotated_credset_802.txt	ENSG00000185049	NELFA	0	-0.4889272633158581	0.4572404905153514	0.3134718495309279	0.1218480737393661
height	annotated_credset_802.txt	ENSG00000243449	C4orf48	0	-0.7569591060294211	0.1742728481435564	0.1281624251206476	0.0409183545237483
height	annotated_credset_802.txt	ENSG00000185818	NAT8L	0	-0.8210403185897449	0.066790597412424	0.0	0.0169459576118848
height	annotated_credset_802.txt	ENSG00000130997	POLN	0	-0.7311832966445044	0.2914581686102292	0.1778357823243187	0.0
height	annotated_credset_803.txt	ENSG00000178950	GAK	0	-0.4123356157617664	0.349534809111325	0.4748882384343554	0.0
height	annotated_credset_803.txt	ENSG00000127419	TMEM175	0	-0.7091260984548994	0.358765712952431	0.4232749034344419	0.0387239073586002
height	annotated_credset_803.txt	ENSG00000145214	DGKQ	0	-0.7612397884457883	0.3073176422550821	0.3190475234526641	0.0803296761026368
height	annotated_credset_803.txt	ENSG00000145217	SLC26A1	0	-0.7951176521770867	0.3144340420567562	0.2595177138062294	0.0899727143274223
height	annotated_credset_803.txt	ENSG00000127415	IDUA	0	-0.7032586741217283	0.5349841047627382	0.4350097521007844	0.1063091555552943
height	annotated_credset_803.txt	ENSG00000127418	FGFRL1	0	-0.3905647041745167	0.9737364015516086	0.8907690718475023	0.1392663934544888
height	annotated_credset_803.txt	ENSG00000178222	RNF212	0	-0.8648559929445598	0.2605068976580045	0.111815114455121	0.2669537743179022
height	annotated_credset_803.txt	ENSG00000159674	SPON2	0	-0.6407221891501639	0.6030857176189226	0.3716340545176679	0.4075108173499177
height	annotated_credset_803.txt	ENSG00000159692	CTBP1	0	-0.7197020220337603	0.3823169131157581	0.3779354914268668	0.4679046721814203
height	annotated_credset_803.txt	ENSG00000090316	MAEA	0	-0.7433326450907368	0.3827835622830811	0.2787786268741929	0.600791484961605
height	annotated_credset_803.txt	ENSG00000163945	UVSSA	0	-0.4591833607427221	0.3040948464432584	0.3132303404066482	0.6713676220194624
height	annotated_credset_803.txt	ENSG00000179979	CRIPAK	0	-0.7233938710915594	0.0271677312100796	0.1880142376166885	0.683070395528931
height	annotated_credset_803.txt	ENSG00000235608	NKX1-1	0	-0.7096629095545056	0.1878408726339429	0.0202471071934815	0.6983033019011323
height	annotated_credset_803.txt	ENSG00000174137	FAM53A	0	-0.1241192241809069	0.2569341149706886	0.3424899497424367	1.0
height	annotated_credset_803.txt	ENSG00000163950	SLBP	0	-0.5997412309771956	0.9172426867325808	0.3698755252306699	0.8896686145969341
height	annotated_credset_803.txt	ENSG00000168936	TMEM129	0	-0.2975869709153175	1.0	0.4891405196586254	0.8555577481370051
height	annotated_credset_803.txt	ENSG00000013810	TACC3	0	-0.3725664209471114	0.7356286639251028	0.3587481555447445	0.8473836341460028
height	annotated_credset_803.txt	ENSG00000068078	FGFR3	1	0.1241192241809069	0.641146790328696	1.0	0.7415872023954794
height	annotated_credset_803.txt	ENSG00000168924	LETM1	0	-0.6752452712114706	0.3406247265727535	0.4698329207981918	0.7148135903831335
height	annotated_credset_803.txt	ENSG00000109685	WHSC1	0	-0.4328931959679868	0.6720477148773588	0.4280054941748687	0.6264939683228173
height	annotated_credset_803.txt	ENSG00000185049	NELFA	0	-0.5683714450248815	0.4183947268644093	0.3134718495309279	0.4625254848947983
height	annotated_credset_803.txt	ENSG00000243449	C4orf48	0	-0.8371233118473312	0.1151748476098813	0.1281624251206476	0.3752327837882904
height	annotated_credset_803.txt	ENSG00000185818	NAT8L	0	-0.9248765090802016	0.0	0.0	0.3493755919097592
height	annotated_credset_803.txt	ENSG00000130997	POLN	0	-0.8344499051494874	0.2407472219791758	0.1778357823243187	0.3310972829385308
height	annotated_credset_807.txt	ENSG00000159674	SPON2	0	-0.8198578806781938	0.6564381555861303	0.3716340545176679	0.0
height	annotated_credset_807.txt	ENSG00000159692	CTBP1	0	-0.8499661963803936	0.4653446600103505	0.3779354914268668	0.0592119903734162
height	annotated_credset_807.txt	ENSG00000090316	MAEA	0	-0.781172665155754	0.4657485831134897	0.2787786268741929	0.189498303460189
height	annotated_credset_807.txt	ENSG00000163945	UVSSA	0	-0.8653207192934571	0.3976370498466354	0.3132303404066482	0.2586933160938741
height	annotated_credset_807.txt	ENSG00000179979	CRIPAK	0	-0.9449268232854828	0.1579339333274428	0.1880142376166885	0.2701670747124988
height	annotated_credset_807.txt	ENSG00000235608	NKX1-1	0	-1.0288103884970865	0.2970097067770723	0.0202471071934815	0.2851018840235854
height	annotated_credset_807.txt	ENSG00000174137	FAM53A	0	-0.7540455594009534	0.356815571235626	0.3424899497424367	0.6981023028390189
height	annotated_credset_807.txt	ENSG00000163950	SLBP	0	-0.7559918979576485	0.9283667621776504	0.3698755252306699	0.7389140996729612
height	annotated_credset_807.txt	ENSG00000168936	TMEM129	0	-0.6600732850973086	1.0	0.4891405196586254	0.7516301385902158
height	annotated_credset_807.txt	ENSG00000013810	TACC3	0	-0.7638022606761301	0.7711649394746475	0.3587481555447445	0.7860283022544874
height	annotated_credset_807.txt	ENSG00000068078	FGFR3	1	-0.0500921700143592	0.6893831336859245	1.0	0.8780451595835838
height	annotated_credset_807.txt	ENSG00000168924	LETM1	0	-0.775703844914946	0.4292566552642541	0.4698329207981918	0.9464789144063642
height	annotated_credset_807.txt	ENSG00000109685	WHSC1	0	0.0500921700143592	0.7161304166719261	0.4280054941748687	1.0
height	annotated_credset_807.txt	ENSG00000185049	NELFA	0	-0.6318470055752807	0.496572964921803	0.3134718495309279	0.8708379896322094
height	annotated_credset_807.txt	ENSG00000243449	C4orf48	0	-0.9547233469231822	0.2341113060601088	0.1281624251206476	0.7852535441284607
height	annotated_credset_807.txt	ENSG00000185818	NAT8L	0	-0.932571956887223	0.1344180351665551	0.0	0.7599023589645599
height	annotated_credset_807.txt	ENSG00000130997	POLN	0	-0.8429705196587794	0.3428044885954837	0.1778357823243187	0.7419817434008361
height	annotated_credset_807.txt	ENSG00000214367	HAUS3	0	-0.8245630994250166	0.4417656488645974	0.2188370146222889	0.5172936837139926
height	annotated_credset_807.txt	ENSG00000123933	MXD4	0	-0.6110795591945863	0.5942087525087411	0.6292740581568796	0.4884496685941767
height	annotated_credset_807.txt	ENSG00000159733	ZFYVE28	0	-0.8854340043091639	0.2575514686391578	0.1026417746782131	0.4564537283445812
height	annotated_credset_807.txt	ENSG00000249428	RP11-503N18.3	0	-0.9546887684317142	0.0	0.1684903473242256	0.1958767686351102
height	annotated_credset_807.txt	ENSG00000063978	RNF4	0	-0.7149755005786893	0.285497898337604	0.3334845004466573	0.1781858304754354
height	annotated_credset_808.txt	ENSG00000174137	FAM53A	0	-0.4019929691416577	0.356815571235626	0.3424899497424367	0.0
height	annotated_credset_808.txt	ENSG00000163950	SLBP	0	-0.334352017411335	0.9283667621776504	0.3698755252306699	0.0440891214828907
height	annotated_credset_808.txt	ENSG00000168936	TMEM129	0	-0.2639319139580385	1.0	0.4891405196586254	0.0578263011244823
height	annotated_credset_808.txt	ENSG00000013810	TACC3	0	-0.3399157022542978	0.7711649394746475	0.3587481555447445	0.0949867531073541
height	annotated_credset_808.txt	ENSG00000068078	FGFR3	1	-0.023464846974607	0.6893831336859245	1.0	0.1943928737876934
height	annotated_credset_808.txt	ENSG00000168924	LETM1	0	-0.3383214836137802	0.4292566552642541	0.4698329207981918	0.2683220894551252
height	annotated_credset_808.txt	ENSG00000109685	WHSC1	0	-0.0949095781815452	0.7161304166719261	0.4280054941748687	0.4648840737394461
height	annotated_credset_808.txt	ENSG00000185049	NELFA	0	-0.4137226546615355	0.496572964921803	0.3134718495309279	0.5580403472694304
height	annotated_credset_808.txt	ENSG00000243449	C4orf48	0	-0.5063773668666758	0.2341113060601088	0.1281624251206476	0.561265923813696
height	annotated_credset_808.txt	ENSG00000185818	NAT8L	0	-0.5704585794269996	0.1344180351665551	0.0	0.6004644033567086
height	annotated_credset_808.txt	ENSG00000130997	POLN	0	-0.4720236146335537	0.3428044885954837	0.1778357823243187	0.8704827684304195
height	annotated_credset_808.txt	ENSG00000214367	HAUS3	0	-0.4515229984845685	0.4417656488645974	0.2188370146222889	0.8705498704098116
height	annotated_credset_808.txt	ENSG00000123933	MXD4	0	-0.05174907491521	0.5942087525087411	0.6292740581568796	0.9019629598321948
height	annotated_credset_808.txt	ENSG00000159733	ZFYVE28	0	0.023464846974607	0.2575514686391578	0.1026417746782131	1.0
height	annotated_credset_808.txt	ENSG00000249428	RP11-503N18.3	0	-0.4799974161751956	0.0	0.1684903473242256	0.8051618682997752
height	annotated_credset_808.txt	ENSG00000063978	RNF4	0	-0.1024949585066494	0.285497898337604	0.3334845004466573	0.786050288262223
height	annotated_credset_808.txt	ENSG00000125386	FAM193A	0	-0.1479242130685278	0.2760688183986973	0.4945321478628176	0.5316229900747034
height	annotated_credset_808.txt	ENSG00000168884	TNIP2	0	-0.4231786126448358	0.2260202214003509	0.3001186627360804	0.3499997790164366
height	annotated_credset_808.txt	ENSG00000087266	SH3BP2	0	-0.4306968875903343	0.3359504184390897	0.2850821128450837	0.2698285187543932
height	annotated_credset_808.txt	ENSG00000087274	ADD1	0	-0.194495985963657	0.6802065056864799	0.6579377220219	0.190501495023771
height	annotated_credset_808.txt	ENSG00000109736	MFSD10	0	-0.385420447205739	0.4363884225540562	0.3756349936142742	0.0551989363909689
height	annotated_credset_808.txt	ENSG00000087269	NOP14	0	-0.2675804073891448	0.7711649394746475	0.3843565599875749	0.0436948482030996
height	annotated_credset_808.txt	ENSG00000125388	GRK4	0	-0.2076177479175438	0.7424611539578152	0.4010769133393461	0.003628724461436
height	annotated_credset_814.txt	ENSG00000196526	AFAP1	0	-0.3265285428742752	0.8884097791441364	1.0	0.1329802044345922
height	annotated_credset_814.txt	ENSG00000228919	AC097381.1	0	-0.6061105751972499	0.1034772337939209	0.5233440225122539	0.1334741565332862
height	annotated_credset_814.txt	ENSG00000163995	ABLIM2	0	-0.5939655472511045	0.2254233454658161	0.5476340784045446	0.4260129364582162
height	annotated_credset_814.txt	ENSG00000125089	SH3TC1	0	-0.8387902315835343	0.0	0.0	0.5370798729913954
height	annotated_credset_814.txt	ENSG00000170801	HTRA3	0	-0.5024886205441315	0.1755590505669038	0.7203737222619109	0.6245027013423717
height	annotated_credset_814.txt	ENSG00000087008	ACOX3	0	-0.4647228871191891	0.5205191138959511	0.7779297395497229	0.8033588742711195
height	annotated_credset_814.txt	ENSG00000155275	TRMT44	0	-0.6006840158509786	0.4689281391228592	0.506007482086144	0.8740489079508886
height	annotated_credset_814.txt	ENSG00000155269	GPR78	0	0.0039089720056539	1.0	0.2033723070196852	1.0
height	annotated_credset_814.txt	ENSG00000109625	CPZ	1	-0.0039089720056539	0.8719178397758353	0.6847700150358874	0.9932546758121428
height	annotated_credset_814.txt	ENSG00000215612	HMX1	0	-0.6854939338611896	0.1034772337939209	0.3543630956277947	0.6540273828838236
height	annotated_credset_814.txt	ENSG00000229924	FAM90A26	0	-0.745124337004888	0.1034772337939209	0.2453164988969776	0.2198675833560899
height	annotated_credset_814.txt	ENSG00000231396	USP17L10	0	-0.7616375209321558	0.1034772337939209	0.212290131042442	0.1659906617619499
height	annotated_credset_814.txt	ENSG00000232399	USP17L13	0	-0.775680829180685	0.1034772337939209	0.1842035145453834	0.1659906617619499
height	annotated_credset_814.txt	ENSG00000233136	USP17L11	0	-0.7359050302147675	0.1034772337939209	0.2637551124772185	0.1596348770340385
height	annotated_credset_814.txt	ENSG00000227551	USP17L12	0	-0.7409458338217141	0.1034772337939209	0.2536735052633254	0.1532804309297008
height	annotated_credset_814.txt	ENSG00000223569	USP17L15	0	-0.768887312803402	0.1034772337939209	0.1977905472999497	0.1342278016052774
height	annotated_credset_814.txt	ENSG00000249104	USP17L17	0	-0.7373007064942264	0.1034772337939209	0.2609637599183008	0.121518909396602
height	annotated_credset_814.txt	ENSG00000250844	USP17L18	0	-0.7405998414726025	0.1034772337939209	0.2543654899615486	0.1151591087979695
height	annotated_credset_814.txt	ENSG00000248920	USP17L19	0	-0.7367195222456647	0.1034772337939209	0.2621261284154241	0.1088033240700582
height	annotated_credset_814.txt	ENSG00000250745	USP17L20	0	-0.7277984733683953	0.1034772337939209	0.2799682261699628	0.1024502165892942
height	annotated_credset_814.txt	ENSG00000249811	USP17L21	0	-0.7313132324234617	0.1034772337939209	0.2729387080598301	0.0960944318613828
height	annotated_credset_814.txt	ENSG00000248933	USP17L22	0	-0.7492036381568336	0.1034772337939209	0.2371578965930864	0.0897399857570451
height	annotated_credset_814.txt	ENSG00000250913	USP17L23	0	-0.7490730291380773	0.1034772337939209	0.2374191146305991	0.0833882168998549
height	annotated_credset_814.txt	ENSG00000232264	USP17L24	0	-0.6911470737803866	0.1034772337939209	0.2891711174709194	0.0127075535851016
height	annotated_credset_814.txt	ENSG00000230430	USP17L25	0	-0.7229525320495365	0.1034772337939209	0.2896601088076808	0.0063544461043376
height	annotated_credset_814.txt	ENSG00000229579	USP17L26	0	-0.6811598013139206	0.1034772337939209	0.2882199021346863	0.0
height	annotated_credset_815.txt	ENSG00000196526	AFAP1	0	-0.4057029742871192	0.8884097791441364	1.0	0.0922930897180314
height	annotated_credset_815.txt	ENSG00000228919	AC097381.1	0	-0.6878722058212143	0.1034772337939209	0.5233440225122539	0.0928214027638971
height	annotated_credset_815.txt	ENSG00000163995	ABLIM2	0	-0.6757271778750691	0.2254233454658161	0.5476340784045446	0.4057101510141262
height	annotated_credset_815.txt	ENSG00000125089	SH3TC1	0	-0.9465933103238012	0.0	0.0	0.5245032722296172
height	annotated_credset_815.txt	ENSG00000170801	HTRA3	0	-0.4365367687881827	0.1755590505669038	0.7203737222619109	0.618007522634473
height	annotated_credset_815.txt	ENSG00000087008	ACOX3	0	-0.1366597887773943	0.5205191138959511	0.7779297395497229	0.8093055244886653
height	annotated_credset_815.txt	ENSG00000155275	TRMT44	0	-0.2149748813611127	0.4689281391228592	0.506007482086144	0.8849129914969893
height	annotated_credset_815.txt	ENSG00000155269	GPR78	0	-0.1611298245080505	1.0	0.2033723070196852	1.0
height	annotated_credset_815.txt	ENSG00000109625	CPZ	1	0.1366597887773943	0.8719178397758353	0.6847700150358874	0.9731597891978268
height	annotated_credset_815.txt	ENSG00000215612	HMX1	0	-0.7634808619361735	0.1034772337939209	0.3543630956277947	0.610334720043259
height	annotated_credset_815.txt	ENSG00000229924	FAM90A26	0	-0.8268859676288526	0.1034772337939209	0.2453164988969776	0.1459733240954717
height	annotated_credset_815.txt	ENSG00000231396	USP17L10	0	-0.8433991515561203	0.1034772337939209	0.212290131042442	0.0883485450439828
height	annotated_credset_815.txt	ENSG00000232399	USP17L13	0	-0.8574424598046496	0.1034772337939209	0.1842035145453834	0.0883485450439828
height	annotated_credset_815.txt	ENSG00000233136	USP17L11	0	-0.8176666608387321	0.1034772337939209	0.2637551124772185	0.0815506308386442
height	annotated_credset_815.txt	ENSG00000227551	USP17L12	0	-0.8227074644456787	0.1034772337939209	0.2536735052633254	0.0747541483759773
height	annotated_credset_815.txt	ENSG00000223569	USP17L15	0	-0.8506489434273665	0.1034772337939209	0.1977905472999497	0.0543761549293504
height	annotated_credset_815.txt	ENSG00000249104	USP17L17	0	-0.819062337118191	0.1034772337939209	0.2609637599183008	0.0407831900040166
height	annotated_credset_815.txt	ENSG00000250844	USP17L18	0	-0.8223614720965671	0.1034772337939209	0.2543654899615486	0.0339809805706628
height	annotated_credset_815.txt	ENSG00000248920	USP17L19	0	-0.8184811528696293	0.1034772337939209	0.2621261284154241	0.0271830663653241
height	annotated_credset_815.txt	ENSG00000250745	USP17L20	0	-0.8095601039923599	0.1034772337939209	0.2799682261699628	0.0203880156453289
height	annotated_credset_815.txt	ENSG00000249811	USP17L21	0	-0.8130748630474263	0.1034772337939209	0.2729387080598301	0.0135901014399903
height	annotated_credset_815.txt	ENSG00000248933	USP17L22	0	-0.8309652687807981	0.1034772337939209	0.2371578965930864	0.0067936189773234
height	annotated_credset_815.txt	ENSG00000250913	USP17L23	0	-0.8295244304605892	0.1034772337939209	0.2374191146305991	0.0
height	annotated_credset_836.txt	ENSG00000065882	TBC1D1	0	-0.4001717533445895	0.2782804181722891	0.5318200183823095	0.2488889314946221
height	annotated_credset_836.txt	ENSG00000250254	PTTG2	0	-0.6866870831981101	0.1437949962761702	0.3557075362799438	0.0029387992863525
height	annotated_credset_836.txt	ENSG00000196355	AC021860.1	0	-0.4288712982069848	0.0	0.4297567841415278	0.974975714943999
height	annotated_credset_836.txt	ENSG00000109787	KLF3	0	0.322384393437081	1.0	0.8584572324092129	1.0
height	annotated_credset_836.txt	ENSG00000174123	TLR10	0	-0.7752637626959616	0.2205886409400601	0.0	0.8766253931540947
height	annotated_credset_836.txt	ENSG00000174125	TLR1	0	-0.8458990141210532	0.55363694039114	0.0079075252565063	0.8511559826645914
height	annotated_credset_836.txt	ENSG00000174130	TLR6	0	-0.7590657090690954	0.6220036962458279	0.1638001494976899	0.8055187994694394
height	annotated_credset_836.txt	ENSG00000197712	FAM114A1	0	-0.322384393437081	0.7394560450169642	1.0	0.7447917019567185
height	annotated_credset_836.txt	ENSG00000121895	TMEM156	0	-0.808988565426585	0.4082144925937163	0.1067826390303303	0.6079450760231233
height	annotated_credset_836.txt	ENSG00000109790	KLHL5	0	-0.6438827691035399	0.5829310677737015	0.4330544838660567	0.4997933228576402
height	annotated_credset_836.txt	ENSG00000157796	WDR19	0	-0.509430389301963	0.87359666786197	0.6243675858306605	0.3100435901376798
height	annotated_credset_836.txt	ENSG00000035928	RFC1	1	-0.4046185233336313	0.9433839958072434	0.8339913177673242	0.1649295587490635
height	annotated_credset_836.txt	ENSG00000134962	KLB	0	-0.5175003923360976	0.6882740738697487	0.5926856686372086	0.0
height	annotated_credset_839.txt	ENSG00000196355	AC021860.1	0	-0.6144563104174434	0.0	0.3588304645412085	0.0
height	annotated_credset_839.txt	ENSG00000109787	KLF3	0	-0.3751866155486349	1.0	0.7167789290621503	0.0564590647238752
height	annotated_credset_839.txt	ENSG00000174123	TLR10	0	-0.7938715426880476	0.2205886409400601	0.0	0.1841522570069356
height	annotated_credset_839.txt	ENSG00000174125	TLR1	0	-0.7856217458122732	0.55363694039114	0.0066024809051742	0.2991911268595434
height	annotated_credset_839.txt	ENSG00000174130	TLR6	0	-0.7027993687889731	0.6220036962458279	0.1367668548934859	0.2991911268595434
height	annotated_credset_839.txt	ENSG00000197712	FAM114A1	0	-0.3300315002685576	0.7394560450169642	0.8349617220307526	0.4377513607175302
height	annotated_credset_839.txt	ENSG00000121895	TMEM156	0	-0.7467032048815759	0.4082144925937163	0.0891594161677528	0.5736002879594613
height	annotated_credset_839.txt	ENSG00000109790	KLHL5	0	-0.6011954906124699	0.5829310677737015	0.3615839175819415	0.7199718896716358
height	annotated_credset_839.txt	ENSG00000157796	WDR19	0	-0.1651629071784208	0.87359666786197	0.521323034645352	0.9676559819370883
height	annotated_credset_839.txt	ENSG00000035928	RFC1	1	0.1651629071784208	0.9433839958072434	0.6963508268417016	1.0
height	annotated_credset_839.txt	ENSG00000134962	KLB	0	-0.2757910009951909	0.6882740738697487	0.4948698465082717	0.8437321291392225
height	annotated_credset_839.txt	ENSG00000163682	RPL9	0	-0.4888775821531519	0.4032080103715554	0.2548083728062415	0.7700734078475187
height	annotated_credset_839.txt	ENSG00000121897	LIAS	0	-0.344056157617713	0.6174109728850027	0.4473810047445509	0.7624755164337904
height	annotated_credset_839.txt	ENSG00000109814	UGDH	0	-0.4028903211125931	0.4698921468568118	0.7681568153280329	0.7005283931456923
height	annotated_credset_839.txt	ENSG00000163683	SMIM14	0	-0.2412279939148285	0.6139216064877389	0.6805112586945096	0.6263959723072752
height	annotated_credset_839.txt	ENSG00000078140	UBE2K	0	-0.4797985693212809	0.5943508123465644	0.6182488338871588	0.3899918504979299
height	annotated_credset_839.txt	ENSG00000121892	PDS5A	0	-0.2459026782471296	0.693611563180978	1.0	0.1954961145729614
height	annotated_credset_841.txt	ENSG00000109790	KLHL5	0	-0.7346263227075606	0.5772649926565261	0.2937890908861554	0.1196775728681247
height	annotated_credset_841.txt	ENSG00000157796	WDR19	0	-0.5997470175651484	0.91815423236434	0.4704912608175859	0.3501557060810789
height	annotated_credset_841.txt	ENSG00000035928	RFC1	1	-0.2844940478959897	1.0	0.6641056443697707	0.4669730722352355
height	annotated_credset_841.txt	ENSG00000134962	KLB	0	-0.6173421929126929	0.7008100466488527	0.4412289496732784	0.5904545309214408
height	annotated_credset_841.txt	ENSG00000163682	RPL9	0	-0.6122519297299868	0.3664878784153625	0.175674813029047	0.6012017576071557
height	annotated_credset_841.txt	ENSG00000121897	LIAS	0	-0.4512447053838361	0.6177026248875835	0.3886971619593854	0.6283235702294295
height	annotated_credset_841.txt	ENSG00000109814	UGDH	0	-0.235641877094393	0.4446942591502275	0.7435368708148831	0.7017764856969063
height	annotated_credset_841.txt	ENSG00000163683	SMIM14	0	0.0232889660281406	0.6136103365058004	0.6465840371777481	0.8624034453591829
height	annotated_credset_841.txt	ENSG00000078140	UBE2K	0	-0.1829179966126434	0.5906579364514523	0.5777098267094126	1.0
height	annotated_credset_841.txt	ENSG00000121892	PDS5A	0	-0.0232889660281406	0.7070697921182202	1.0	0.8711300017922126
height	annotated_credset_841.txt	ENSG00000078177	N4BP2	0	-0.3065308464005999	0.8350791607088557	0.5139040699893344	0.5318891225329194
height	annotated_credset_841.txt	ENSG00000168421	RHOH	0	-0.8617647894305455	0.2944927179911879	0.0	0.3372631111536111
height	annotated_credset_841.txt	ENSG00000174343	CHRNA9	0	-0.8509286471370291	0.0	0.0713502526122401	0.1274906440324008
height	annotated_credset_841.txt	ENSG00000163694	RBM47	0	-0.6734486323713228	0.2315394121338777	0.2297409586039188	0.0
height	annotated_credset_842.txt	ENSG00000134962	KLB	0	-0.3884628533906749	0.8844402990269097	0.4412289496732784	0.0791970847133911
height	annotated_credset_842.txt	ENSG00000163682	RPL9	0	-0.6318932029246436	0.5967034649812761	0.175674813029047	0.0901590893425093
height	annotated_credset_842.txt	ENSG00000121897	LIAS	0	-0.4794179066409318	0.8129132849804408	0.3886971619593854	0.1178229178081943
height	annotated_credset_842.txt	ENSG00000109814	UGDH	0	-0.3282932373022944	0.6640123620063202	0.7435368708148831	0.192743753008123
height	annotated_credset_842.txt	ENSG00000163683	SMIM14	0	-0.3657210987467163	0.8093912268734426	0.6465840371777481	0.3565807620217616
height	annotated_credset_842.txt	ENSG00000078140	UBE2K	0	-0.3528960122084232	0.7896370748820181	0.5777098267094126	0.5691093628330878
height	annotated_credset_842.txt	ENSG00000121892	PDS5A	0	-0.0471230683548775	0.8898277950245709	1.0	0.8577478775979598
height	annotated_credset_842.txt	ENSG00000078177	N4BP2	0	0.0471230683548775	1.0	0.5139040699893344	1.0
height	annotated_credset_842.txt	ENSG00000168421	RHOH	0	-0.6559092936737863	0.5347403004190275	0.0	0.8270915314075435
height	annotated_credset_842.txt	ENSG00000174343	CHRNA9	0	-0.698595917016714	0.281282975791071	0.0713502526122401	0.6131268665791001
height	annotated_credset_842.txt	ENSG00000163694	RBM47	0	-0.8139458926379706	0.4805590745200673	0.2297409586039188	0.4830883858694603
height	annotated_credset_842.txt	ENSG00000179299	NSUN7	0	-0.8471343339268649	0.0	0.1633640760261302	0.0
height	annotated_credset_857.txt	ENSG00000145321	GC	0	-0.605739799590978	0.1679470495969132	0.594187389007914	0.0
height	annotated_credset_857.txt	ENSG00000056291	NPFFR2	0	-0.7932516659775645	0.0	0.0	0.6730201627671063
height	annotated_credset_857.txt	ENSG00000156140	ADAMTS3	1	0.605739799590978	1.0	1.0	1.0
height	annotated_credset_858.txt	ENSG00000056291	NPFFR2	0	-1.0051278758847528	0.0148248670263525	0.0	0.0
height	annotated_credset_858.txt	ENSG00000156140	ADAMTS3	1	0.5083148490584082	1.0	1.0	1.0
height	annotated_credset_858.txt	ENSG00000163626	COX18	0	-0.5595257757234813	0.0	0.6090688925336942	0.2198689542636051
height	annotated_credset_858.txt	ENSG00000132466	ANKRD17	0	-0.5083148490584082	0.1384255340993001	0.991958613715098	0.178759649528049
height	annotated_credset_887.txt	ENSG00000109332	UBE2D3	0	-0.1784346997737884	0.1616832495640578	1.0	0.0
height	annotated_credset_887.txt	ENSG00000145354	CISD2	0	-0.276776501920714	0.225587239716894	0.8055345229568202	0.0368025864949576
height	annotated_credset_887.txt	ENSG00000164037	SLC9B1	0	-0.4815877689831744	0.2733870140527235	0.3959119888318995	0.2728503172446128
height	annotated_credset_887.txt	ENSG00000164038	SLC9B2	0	-0.6123568745842954	0.4684326597599754	0.131638162853046	0.3923963184955588
height	annotated_credset_887.txt	ENSG00000164039	BDH2	0	-0.4564210618945965	0.0	0.4435097882324438	0.417817706021369
height	annotated_credset_887.txt	ENSG00000138778	CENPE	0	-0.2833985139622048	0.4914350189763053	0.5133965512725203	0.596035126497246
height	annotated_credset_887.txt	ENSG00000169836	TACR3	1	0.1784346997737884	1.0	0.0	1.0
height	annotated_credset_888.txt	ENSG00000164038	SLC9B2	0	-0.748149883707921	0.5162314173026208	0.2564064026662503	0.0
height	annotated_credset_888.txt	ENSG00000164039	BDH2	0	-0.4455785159555387	0.0899204182127937	0.8638737193172549	0.0221676469706792
height	annotated_credset_888.txt	ENSG00000138778	CENPE	0	0.0539078712463378	0.5371653947583376	1.0	0.1775746190379298
height	annotated_credset_888.txt	ENSG00000169836	TACR3	1	-0.0539078712463378	1.0	0.0	1.0
height	annotated_credset_888.txt	ENSG00000168772	CXXC4	0	-0.6757862765896379	0.0	0.4034581980490567	0.0994829531487712
height	annotated_credset_913.txt	ENSG00000123737	EXOSC9	0	-0.3483933570825702	0.9676472112345188	0.9418047432513992	0.0
height	annotated_credset_913.txt	ENSG00000145386	CCNA2	0	-0.452336839131276	1.0	0.7147528593007769	0.0105538680972647
height	annotated_credset_913.txt	ENSG00000138686	BBS7	0	-0.6481385957854396	0.7144559791339194	0.3615567909463683	0.0816638186035786
height	annotated_credset_913.txt	ENSG00000138741	TRPC3	0	-0.701564205157548	0.7985939578187345	0.247329735829776	0.2057523238820398
height	annotated_credset_913.txt	ENSG00000138688	KIAA1109	0	-0.4021616671723581	0.0539788920940355	0.2205201687032319	0.8334012897984365
height	annotated_credset_913.txt	ENSG00000164113	ADAD1	0	-0.8136772840142704	0.0503342372998462	0.0211081338185405	0.9357849582564052
height	annotated_credset_913.txt	ENSG00000109471	IL2	0	-0.0944528675975963	0.0591090459986526	0.2450988587035857	0.9768993831996348
height	annotated_credset_913.txt	ENSG00000138684	IL21	0	-0.3569952492961908	0.0331819045480454	0.0	1.0
height	annotated_credset_913.txt	ENSG00000181004	BBS12	0	-0.7251353054604189	0.0	0.2255027007437485	0.8166336047010603
height	annotated_credset_913.txt	ENSG00000138685	FGF2	1	-0.3206703906307245	0.9212858203927936	1.0	0.6730759539484233
height	annotated_credset_913.txt	ENSG00000170917	NUDT6	0	0.0944528675975963	0.8745789646416665	0.6921444618606943	0.5784118345038644
height	annotated_credset_913.txt	ENSG00000145375	SPATA5	0	-0.5125614546730405	0.734803862297687	0.6195943558326045	0.5259143198779532
height	annotated_credset_914.txt	ENSG00000138688	KIAA1109	0	-1.1155033727654742	0.0833728869254079	0.2205201687032319	0.0
height	annotated_credset_914.txt	ENSG00000164113	ADAD1	0	-1.2160083010640668	0.0795209755741356	0.0211081338185405	0.1208337463615997
height	annotated_credset_914.txt	ENSG00000109471	IL2	0	-1.104012938621544	0.0887947716236445	0.2450988587035857	0.1693572078688688
height	annotated_credset_914.txt	ENSG00000138684	IL21	0	-1.216799037752161	0.0613932600679104	0.0	0.4655552451585703
height	annotated_credset_914.txt	ENSG00000181004	BBS12	0	-0.8929311350273814	0.0263244368177005	0.2255027007437485	0.6888139930971898
height	annotated_credset_914.txt	ENSG00000138685	FGF2	1	-0.1576507261371706	1.0	1.0	0.965094756193197
height	annotated_credset_914.txt	ENSG00000170917	NUDT6	0	0.1576507261371706	0.950637117090803	0.6921444618606943	1.0
height	annotated_credset_914.txt	ENSG00000145375	SPATA5	0	-0.6225450107376531	0.8029135784439009	0.6195943558326045	0.9901395885337076
height	annotated_credset_914.txt	ENSG00000164056	SPRY1	0	-1.127611973659155	0.0	0.1979007886283639	0.136349791383129
height	annotated_credset_955.txt	ENSG00000218336	TENM3	0	-0.5836017974835946	0.2125076027456773	0.6414864808405746	0.8062480942441798
height	annotated_credset_955.txt	ENSG00000129187	DCTD	0	-0.1031054830883971	0.2821161699539491	0.3509850596050294	1.0
height	annotated_credset_955.txt	ENSG00000151718	WWC2	1	0.1031054830883971	1.0	1.0	0.9441662287116198
height	annotated_credset_955.txt	ENSG00000177300	CLDN22	0	-0.8731661078514479	0.3132005387088366	0.0973432831929417	0.5752937051298894
height	annotated_credset_955.txt	ENSG00000185758	CLDN24	0	-0.8598407020640956	0.409516465374924	0.1239940947676462	0.5690602325980453
height	annotated_credset_955.txt	ENSG00000168564	CDKN2AIP	0	-0.8614985620759015	0.1742332087931184	0.1220159029727944	0.3619629291983122
height	annotated_credset_955.txt	ENSG00000168556	ING2	0	-0.7707652710872869	0.185387522808237	0.3034824849500234	0.2601180708426243
height	annotated_credset_955.txt	ENSG00000182552	RWDD4	0	-0.7902963207923259	0.2044378312624902	0.2644203855399454	0.0331013072072391
height	annotated_credset_955.txt	ENSG00000168538	TRAPPC11	0	-0.6506578349734314	0.0	0.0	0.0
height	annotated_credset_956.txt	ENSG00000218336	TENM3	0	-0.60976123299423	0.2125076027456773	0.6414864808405746	0.1730271390256931
height	annotated_credset_956.txt	ENSG00000129187	DCTD	0	-0.5429017818306915	0.2821161699539491	0.3509850596050294	0.3728935768924243
height	annotated_credset_956.txt	ENSG00000151718	WWC2	1	0.5429017818306915	1.0	1.0	1.0
height	annotated_credset_956.txt	ENSG00000177300	CLDN22	0	-0.8373436865391157	0.3132005387088366	0.0973432831929417	0.9311585878070584
height	annotated_credset_956.txt	ENSG00000185758	CLDN24	0	-0.5664895584655391	0.409516465374924	0.1239940947676462	0.9247283958271668
height	annotated_credset_956.txt	ENSG00000168564	CDKN2AIP	0	-0.7651829099438672	0.1742332087931184	0.1220159029727944	0.7110953987175787
height	annotated_credset_956.txt	ENSG00000168556	ING2	0	-0.7739506327110509	0.185387522808237	0.3034824849500234	0.6060364627799554
height	annotated_credset_956.txt	ENSG00000182552	RWDD4	0	-0.7559901820384349	0.2044378312624902	0.2644203855399454	0.3718553758541812
height	annotated_credset_956.txt	ENSG00000168538	TRAPPC11	0	-0.8935818993712433	0.0	0.0	0.3377094388919869
height	annotated_credset_956.txt	ENSG00000173320	STOX2	0	-0.7929135482040551	0.1139293161873316	0.2733563985700332	0.0
height	annotated_credset_960.txt	ENSG00000150756	FAM173B	0	-0.6666912809596194	0.6268377616046243	0.7018234566819292	0.0
height	annotated_credset_960.txt	ENSG00000150753	CCT5	0	-0.7536698688457588	0.2313020162273218	0.5523962148390937	0.0337927179399007
height	annotated_credset_960.txt	ENSG00000164237	CMBL	0	-0.7096458391799433	0.4988090677995612	0.6404442741707248	0.1189425916517403
height	annotated_credset_960.txt	ENSG00000145495	MARCH6	0	-0.4860463434032146	0.0	1.0	0.3897795115403958
height	annotated_credset_960.txt	ENSG00000145491	ROPN1L	0	-0.5490824272418752	0.4874360135111606	0.6048339612060408	0.4545227987542256
height	annotated_credset_960.txt	ENSG00000249160	RP11-1C1.5	0	-0.633141587540024	0.3902218198279764	0.7824061294250507	0.5569445060797923
height	annotated_credset_960.txt	ENSG00000164236	ANKRD33B	0	-0.443936286956259	0.7675941080196399	0.6586871758440457	0.8190851467529117
height	annotated_credset_960.txt	ENSG00000112977	DAP	1	0.443936286956259	1.0	0.8707697946773824	1.0
height	annotated_credset_960.txt	ENSG00000169862	CTNND2	0	-1.0217757516673749	0.5979559146150364	0.0	0.522772257481939
height	annotated_credset_965.txt	ENSG00000113360	DROSHA	0	-0.3768692968927392	0.1950602944693061	0.3539039119345725	0.113473611327674
height	annotated_credset_965.txt	ENSG00000082213	C5orf22	0	-0.4754471891677789	0.168602466436648	0.1567481273844932	0.1507549432438192
height	annotated_credset_965.txt	ENSG00000133401	PDZD2	0	0.1533346643819371	0.4523280838998395	0.4005684339101947	1.0
height	annotated_credset_965.txt	ENSG00000113384	GOLPH3	0	-0.3205333452269479	0.2683872510504561	0.377346231525921	0.9203182647269372
height	annotated_credset_965.txt	ENSG00000150712	MTMR12	0	-0.4011802577654144	0.0	0.1310797864386119	0.7535127603221389
height	annotated_credset_965.txt	ENSG00000056097	ZFR	0	-0.4142455892638652	0.2043008916065998	0.2830655642147203	0.5458318353150268
height	annotated_credset_965.txt	ENSG00000113387	SUB1	0	-0.599318849123911	0.1799268950910395	0.0	0.2567343650110297
height	annotated_credset_965.txt	ENSG00000113389	NPR3	1	-0.1533346643819371	1.0	1.0	0.0
height	annotated_credset_966.txt	ENSG00000133401	PDZD2	0	-0.6629598397465628	0.6320530622080948	0.4005684339101947	0.0
height	annotated_credset_966.txt	ENSG00000113384	GOLPH3	0	-0.7125795116097811	0.5084745762711864	0.377346231525921	0.1601362672284938
height	annotated_credset_966.txt	ENSG00000150712	MTMR12	0	-0.6709848078991634	0.3281617571118736	0.1310797864386119	0.5102574403412161
height	annotated_credset_966.txt	ENSG00000056097	ZFR	0	-0.3029751743974616	0.4654189091493292	0.2830655642147203	0.8429380798954274
height	annotated_credset_966.txt	ENSG00000113387	SUB1	0	-0.2934044599533081	0.4490435261581538	0.0	1.0
height	annotated_credset_966.txt	ENSG00000113389	NPR3	1	0.2934044599533081	1.0	1.0	0.6024634020774154
height	annotated_credset_966.txt	ENSG00000181495	AC026703.1	0	-0.8105002756972082	0.0	0.1467737920961843	0.3505414978354753
height	annotated_credset_967.txt	ENSG00000133401	PDZD2	0	-0.8239747221425455	0.6320530622080948	0.4005684339101947	0.1238423030914952
height	annotated_credset_967.txt	ENSG00000113384	GOLPH3	0	-0.789639702118862	0.5084745762711864	0.377346231525921	0.2133198009804007
height	annotated_credset_967.txt	ENSG00000150712	MTMR12	0	-0.936692119599269	0.3281617571118736	0.1310797864386119	0.4089529768390195
height	annotated_credset_967.txt	ENSG00000056097	ZFR	0	-0.8956344368860653	0.4654189091493292	0.2830655642147203	0.5948411066086325
height	annotated_credset_967.txt	ENSG00000113387	SUB1	0	-0.8751992262108326	0.4490435261581538	0.0	0.8196219452952194
height	annotated_credset_967.txt	ENSG00000113389	NPR3	1	0.6386962854163647	1.0	1.0	1.0
height	annotated_credset_967.txt	ENSG00000181495	AC026703.1	0	-0.8527684601905114	0.0	0.1467737920961843	0.9197012463357715
height	annotated_credset_967.txt	ENSG00000113407	TARS	0	-0.6386962854163647	0.6340038786821661	0.1939693596773148	0.0
height	annotated_credset_968.txt	ENSG00000133401	PDZD2	0	-0.6873353918813266	0.6320530622080948	0.4005684339101947	0.0
height	annotated_credset_968.txt	ENSG00000113384	GOLPH3	0	-0.7348104886255264	0.5084745762711864	0.377346231525921	0.0931561057724792
height	annotated_credset_968.txt	ENSG00000150712	MTMR12	0	-0.8117578600720741	0.3281617571118736	0.1310797864386119	0.2968321724134892
height	annotated_credset_968.txt	ENSG00000056097	ZFR	0	-0.7819508222811268	0.4654189091493292	0.2830655642147203	0.490362553651536
height	annotated_credset_968.txt	ENSG00000113387	SUB1	0	-0.8676254095604535	0.4490435261581538	0.0	0.7243846047633457
height	annotated_credset_968.txt	ENSG00000113389	NPR3	1	0.3861045895049456	1.0	1.0	1.0
height	annotated_credset_968.txt	ENSG00000181495	AC026703.1	0	-0.3861045895049456	0.0	0.1467737920961843	1.0
height	annotated_credset_968.txt	ENSG00000113407	TARS	0	-0.7954470503890629	0.6340038786821661	0.1939693596773148	0.1534562115141627
height	annotated_credset_968.txt	ENSG00000151388	ADAMTS12	0	-0.7446832549598885	0.4350779752820077	0.3552074531601755	0.0317755560326723
height	annotated_credset_969.txt	ENSG00000150712	MTMR12	0	-0.9334089433030464	0.3281617571118736	0.1310797864386119	0.0
height	annotated_credset_969.txt	ENSG00000056097	ZFR	0	-0.8574160544149921	0.4654189091493292	0.2830655642147203	0.2752264447341154
height	annotated_credset_969.txt	ENSG00000113387	SUB1	0	-0.9371639134457228	0.4490435261581538	0.0	0.6080375346769611
height	annotated_credset_969.txt	ENSG00000113389	NPR3	1	0.4728736637065295	1.0	1.0	1.0
height	annotated_credset_969.txt	ENSG00000181495	AC026703.1	0	-0.4728736637065295	0.0	0.1467737920961843	1.0
height	annotated_credset_969.txt	ENSG00000113407	TARS	0	-0.7307919550502415	0.6340038786821661	0.1939693596773148	0.3447499243366398
height	annotated_credset_969.txt	ENSG00000151388	ADAMTS12	0	-0.8204306554821206	0.4350779752820077	0.3552074531601755	0.171703532411776
height	annotated_credset_970.txt	ENSG00000133401	PDZD2	0	-0.7278597553990879	0.6320530622080948	0.4005684339101947	0.0
height	annotated_credset_970.txt	ENSG00000113384	GOLPH3	0	-0.7727964095315933	0.5084745762711864	0.377346231525921	0.0931561057724792
height	annotated_credset_970.txt	ENSG00000150712	MTMR12	0	-0.8969243143872596	0.3281617571118736	0.1310797864386119	0.2968321724134892
height	annotated_credset_970.txt	ENSG00000056097	ZFR	0	-0.8169810084574268	0.4654189091493292	0.2830655642147203	0.490362553651536
height	annotated_credset_970.txt	ENSG00000113387	SUB1	0	-0.8883920254280683	0.4490435261581538	0.0	0.7243846047633457
height	annotated_credset_970.txt	ENSG00000113389	NPR3	1	0.4315431175658587	1.0	1.0	1.0
height	annotated_credset_970.txt	ENSG00000181495	AC026703.1	0	-0.4315431175658587	0.0	0.1467737920961843	1.0
height	annotated_credset_970.txt	ENSG00000113407	TARS	0	-0.7551172960364934	0.6340038786821661	0.1939693596773148	0.1573655459258704
height	annotated_credset_970.txt	ENSG00000151388	ADAMTS12	0	-0.7769113075760079	0.4350779752820077	0.3552074531601755	0.03568489044438
height	annotated_credset_971.txt	ENSG00000113384	GOLPH3	0	-0.5603487662515642	0.5084745762711864	0.377346231525921	0.0
height	annotated_credset_971.txt	ENSG00000150712	MTMR12	0	-0.9501000021771766	0.3281617571118736	0.1310797864386119	0.2245988178753828
height	annotated_credset_971.txt	ENSG00000056097	ZFR	0	-0.8103642372362659	0.4654189091493292	0.2830655642147203	0.4380097284741716
height	annotated_credset_971.txt	ENSG00000113387	SUB1	0	-1.0101411284973736	0.4490435261581538	0.0	0.6960718410400364
height	annotated_credset_971.txt	ENSG00000113389	NPR3	1	0.3284967003295306	1.0	1.0	1.0
height	annotated_credset_971.txt	ENSG00000181495	AC026703.1	0	-0.3284967003295306	0.0	0.1467737920961843	1.0
height	annotated_credset_971.txt	ENSG00000113407	TARS	0	-0.7882882941329594	0.6340038786821661	0.1939693596773148	0.1628402096098569
height	annotated_credset_971.txt	ENSG00000151388	ADAMTS12	0	-0.8368993890312386	0.4350779752820077	0.3552074531601755	0.0286598327489177
height	annotated_credset_972.txt	ENSG00000150712	MTMR12	0	-0.7500994776563026	0.3281617571118736	0.1310797864386119	0.0
height	annotated_credset_972.txt	ENSG00000056097	ZFR	0	-0.5050622133486317	0.4654189091493292	0.2830655642147203	0.2752264447341154
height	annotated_credset_972.txt	ENSG00000113387	SUB1	0	-0.8404040875008222	0.4490435261581538	0.0	0.6080375346769611
height	annotated_credset_972.txt	ENSG00000113389	NPR3	1	0.4445726333091143	1.0	1.0	1.0
height	annotated_credset_972.txt	ENSG00000181495	AC026703.1	0	-0.4445726333091143	0.0	0.1467737920961843	1.0
height	annotated_credset_972.txt	ENSG00000113407	TARS	0	-0.632738708313715	0.6340038786821661	0.1939693596773148	0.1753554354825401
height	annotated_credset_972.txt	ENSG00000151388	ADAMTS12	0	-0.7455065143135262	0.4350779752820077	0.3552074531601755	0.0023090435576763
height	annotated_credset_973.txt	ENSG00000056097	ZFR	0	-0.8350878945066583	0.4654189091493292	0.2830655642147203	0.0
height	annotated_credset_973.txt	ENSG00000113387	SUB1	0	-0.9766206766140184	0.4490435261581538	0.0	0.4591932025179275
height	annotated_credset_973.txt	ENSG00000113389	NPR3	1	0.3428924654948987	1.0	1.0	1.0
height	annotated_credset_973.txt	ENSG00000181495	AC026703.1	0	-0.4712557336718529	0.0	0.1467737920961843	1.0
height	annotated_credset_973.txt	ENSG00000113407	TARS	0	-0.6557589840457164	0.6340038786821661	0.1939693596773148	0.4976173790396836
height	annotated_credset_973.txt	ENSG00000151388	ADAMTS12	0	-0.3428924654948987	0.4350779752820077	0.3552074531601755	0.2588581270394069
height	annotated_credset_974.txt	ENSG00000113387	SUB1	0	-1.0645201481087208	0.4490435261581538	0.0	0.0
height	annotated_credset_974.txt	ENSG00000113389	NPR3	1	0.2396241151587963	1.0	1.0	0.5625062194326148
height	annotated_credset_974.txt	ENSG00000181495	AC026703.1	0	-0.977962830937124	0.0	0.1467737920961843	0.5625062194326148
height	annotated_credset_974.txt	ENSG00000113407	TARS	0	-0.2396241151587963	0.6340038786821661	0.1939693596773148	1.0
height	annotated_credset_974.txt	ENSG00000151388	ADAMTS12	0	-0.8398947344978409	0.4350779752820077	0.3552074531601755	0.7516607320349248
height	annotated_credset_992.txt	ENSG00000083720	OXCT1	0	-0.6428921842365559	0.0	0.0653779412153974	0.0
height	annotated_credset_992.txt	ENSG00000205765	C5orf51	0	-0.6558197906105924	0.5283161664266992	0.0320684523824246	0.0846245210118131
height	annotated_credset_992.txt	ENSG00000151876	FBXO4	0	-0.8547582131338903	0.5283161664266992	0.1173147905862558	0.1179117883394052
height	annotated_credset_992.txt	ENSG00000112964	GHR	0	0.6428921842365559	1.0	1.0	1.0
height	annotated_credset_992.txt	ENSG00000198865	CCDC152	0	-0.6591180391512559	0.8232177797467419	0.0744889078157459	0.5327544705011684
height	annotated_credset_992.txt	ENSG00000250722	SEPP1	0	-0.772915296785631	0.8696238047771995	0.2181890698045337	0.4614369099896381
height	annotated_credset_992.txt	ENSG00000177721	ANXA2R	0	-0.9134156084270184	0.0078081736626425	0.0	0.0651864849306459
height	annotated_credset_992.txt	ENSG00000172262	ZNF131	0	-0.7284900169738266	0.3512016834643924	0.1286726703331412	0.0222376822112087
height	annotated_credset_993.txt	ENSG00000151876	FBXO4	0	-0.2910276464195025	0.6636878125822585	0.2413388047333669	0.0
height	annotated_credset_993.txt	ENSG00000112964	GHR	0	0.2910276464195025	1.0	1.0	1.0
height	annotated_credset_993.txt	ENSG00000198865	CCDC152	0	-0.8847179367507634	0.8739536720189524	0.2045302856095414	0.9071125151518402
height	annotated_credset_993.txt	ENSG00000250722	SEPP1	0	-0.8247288305276204	0.907041326664912	0.3280394772123218	0.84934914130633
height	annotated_credset_993.txt	ENSG00000177721	ANXA2R	0	-0.9670443424730556	0.292563832587523	0.14050763831138	0.5284076890896023
height	annotated_credset_993.txt	ENSG00000172262	ZNF131	0	-0.9117477538183494	0.5374045801526717	0.2511008156207928	0.4936214775323686
height	annotated_credset_993.txt	ENSG00000177453	NIM1K	1	-0.947714137809303	0.2223743090286917	0.1791680476388852	0.3234716754449009
height	annotated_credset_993.txt	ENSG00000112972	HMGCS1	0	-1.008285802716815	0.0	0.058024717823862	0.1929727642320028
height	annotated_credset_993.txt	ENSG00000151882	CCL28	0	-1.0372981616287458	0.1068833903658857	0.0	0.0759817856108471
height	annotated_credset_995.txt	ENSG00000112964	GHR	0	0.3542932694298297	1.0	1.0	1.0
height	annotated_credset_995.txt	ENSG00000198865	CCDC152	0	-0.4595284999205509	0.8739536720189524	0.2045302856095414	0.9372730302755788
height	annotated_credset_995.txt	ENSG00000250722	SEPP1	0	-0.3542932694298297	0.907041326664912	0.3280394772123218	0.878538975235668
height	annotated_credset_995.txt	ENSG00000177721	ANXA2R	0	-0.8972973103898525	0.292563832587523	0.14050763831138	0.5522042813948698
height	annotated_credset_995.txt	ENSG00000172262	ZNF131	0	-0.6337783325139548	0.5374045801526717	0.2511008156207928	0.516833507005947
height	annotated_credset_995.txt	ENSG00000177453	NIM1K	1	-0.8790413602388867	0.2223743090286917	0.1791680476388852	0.3438244326474552
height	annotated_credset_995.txt	ENSG00000112972	HMGCS1	0	-0.9396130251463984	0.0	0.058024717823862	0.2111325602106699
height	annotated_credset_995.txt	ENSG00000151882	CCL28	0	-0.9686253840583294	0.1068833903658857	0.0	0.0921756136187758
height	annotated_credset_995.txt	ENSG00000151881	C5orf28	0	-0.8808812781805	0.2014740721242432	0.1731409808444038	0.0
height	annotated_credset_996.txt	ENSG00000112964	GHR	0	-0.0273782131107593	1.0	1.0	0.941216910161316
height	annotated_credset_996.txt	ENSG00000198865	CCDC152	0	0.0273782131107593	0.8739536720189524	0.2045302856095414	1.0
height	annotated_credset_996.txt	ENSG00000250722	SEPP1	0	-0.3426497943517055	0.907041326664912	0.3280394772123218	0.9507997402619356
height	annotated_credset_996.txt	ENSG00000177721	ANXA2R	0	-0.6390004573019321	0.292563832587523	0.14050763831138	0.6194517322206627
height	annotated_credset_996.txt	ENSG00000172262	ZNF131	0	-0.7262509396272978	0.5374045801526717	0.2511008156207928	0.583537574584808
height	annotated_credset_996.txt	ENSG00000177453	NIM1K	1	-0.765766541796047	0.2223743090286917	0.1791680476388852	0.407870649664722
height	annotated_credset_996.txt	ENSG00000112972	HMGCS1	0	-0.8263382067035586	0.0	0.058024717823862	0.2731402993678432
height	annotated_credset_996.txt	ENSG00000151882	CCL28	0	-0.8553505656154896	0.1068833903658857	0.0	0.1523558776075099
height	annotated_credset_996.txt	ENSG00000151881	C5orf28	0	-0.7687800751932877	0.2014740721242432	0.1731409808444038	0.0587642168401649
height	annotated_credset_996.txt	ENSG00000172244	C5orf34	0	-0.8004806010643041	0.2566070018425901	0.1072455939278106	0.0
height	annotated_credset_997.txt	ENSG00000112964	GHR	0	-0.1664800817626446	1.0	1.0	0.7070623401073521
height	annotated_credset_997.txt	ENSG00000198865	CCDC152	0	-0.4910418928458133	0.8739536720189524	0.2045302856095414	0.8495056333505022
height	annotated_credset_997.txt	ENSG00000250722	SEPP1	0	0.1664800817626446	0.907041326664912	0.3280394772123218	1.0
height	annotated_credset_997.txt	ENSG00000177721	ANXA2R	0	-0.5821210618394375	0.292563832587523	0.14050763831138	0.8619798824768501
height	annotated_credset_997.txt	ENSG00000172262	ZNF131	0	-0.5876688945714499	0.5374045801526717	0.2511008156207928	0.8160645170380986
height	annotated_credset_997.txt	ENSG00000177453	NIM1K	1	-0.6094448431528577	0.2223743090286917	0.1791680476388852	0.5914786828111249
height	annotated_credset_997.txt	ENSG00000112972	HMGCS1	0	-0.681187372165594	0.0	0.058024717823862	0.4192292503645668
height	annotated_credset_997.txt	ENSG00000151882	CCL28	0	-0.6875631386893719	0.1068833903658857	0.0	0.264809343856797
height	annotated_credset_997.txt	ENSG00000151881	C5orf28	0	-0.6987670346731149	0.2014740721242432	0.1731409808444038	0.1451547121173036
height	annotated_credset_997.txt	ENSG00000172244	C5orf34	0	-0.7882976558352689	0.2566070018425901	0.1072455939278106	0.0700261091219074
height	annotated_credset_997.txt	ENSG00000172239	PAIP1	0	-0.6585330024001722	0.2386812319031324	0.1922974427978208	0.0
ldl	annotated_credset_12.txt	ENSG00000157216	SSBP3	0	-0.7221196260908797	0.5720939626118678	0.4808845266033714	0.0
ldl	annotated_credset_12.txt	ENSG00000162390	ACOT11	0	-0.8540069826159051	0.420016914279944	0.1033591173710693	0.3582053756598148
ldl	annotated_credset_12.txt	ENSG00000162391	FAM151A	0	-0.8408440764539911	0.3568534390265453	0.2559056328198973	0.333391123694634
ldl	annotated_credset_12.txt	ENSG00000271723	MROH7-TTC4	0	-0.9642689664189324	0.0	0.0	0.5218499398476882
ldl	annotated_credset_12.txt	ENSG00000184313	MROH7	0	-0.889976590836892	0.5837446196180403	0.141448644672992	0.4709994498586677
ldl	annotated_credset_12.txt	ENSG00000243725	TTC4	0	-0.8332833815685331	0.0719614253436502	0.1817287742997977	0.5224038010612881
ldl	annotated_credset_12.txt	ENSG00000162396	PARS2	0	-0.9037542673621964	0.3869962005983111	0.1251167270242996	0.5570907481835033
ldl	annotated_credset_12.txt	ENSG00000006555	TTC22	0	-0.9267171034054704	0.5732299963394468	0.0613503118728712	0.6154175710586819
ldl	annotated_credset_12.txt	ENSG00000162398	C1orf177	0	-0.9428929094753103	0.4528987793948727	0.038559523173743	0.6804605562718399
ldl	annotated_credset_12.txt	ENSG00000116133	DHCR24	0	-0.7081839436113256	0.4781565959380483	0.4970669438848668	0.7518213681077519
ldl	annotated_credset_12.txt	ENSG00000143001	TMEM61	0	-0.6284814202292349	0.9680395844641076	0.0194716683071295	0.9185748552682392
ldl	annotated_credset_12.txt	ENSG00000162399	BSND	0	-0.5429229672581403	1.0	0.1138626144714868	0.948077090113002
ldl	annotated_credset_12.txt	ENSG00000169174	PCSK9	1	0.1778246920283331	0.7711649394746475	1.0	1.0
ldl	annotated_credset_12.txt	ENSG00000162402	USP24	0	-0.1778246920283331	0.9723060222410158	0.3944148377674047	0.9638827818478336
ldl	annotated_credset_13.txt	ENSG00000157216	SSBP3	0	-0.7417698879472591	0.5720939626118678	0.4808845266033714	0.0
ldl	annotated_credset_13.txt	ENSG00000162390	ACOT11	0	-0.9326760649965002	0.420016914279944	0.1033591173710693	0.3723255525468754
ldl	annotated_credset_13.txt	ENSG00000162391	FAM151A	0	-0.8919327485925056	0.3568534390265453	0.2559056328198973	0.3465331420981066
ldl	annotated_credset_13.txt	ENSG00000271723	MROH7-TTC4	0	-1.016889358718885	0.0	0.0	0.5424208579853023
ldl	annotated_credset_13.txt	ENSG00000184313	MROH7	0	-0.9458416215798376	0.5837446196180403	0.141448644672992	0.4895658812905306
ldl	annotated_credset_13.txt	ENSG00000243725	TTC4	0	-0.8916946929339611	0.0719614253436502	0.1817287742997977	0.5429965519765161
ldl	annotated_credset_13.txt	ENSG00000162396	PARS2	0	-0.9212365294741608	0.3869962005983111	0.1251167270242996	0.5790508315351461
ldl	annotated_credset_13.txt	ENSG00000006555	TTC22	0	-0.9497462035625548	0.5732299963394468	0.0613503118728712	0.6396768523348134
ldl	annotated_credset_13.txt	ENSG00000162398	C1orf177	0	-0.9966823872778876	0.4528987793948727	0.038559523173743	0.7072837813603179
ldl	annotated_credset_13.txt	ENSG00000116133	DHCR24	0	-0.7306336568188709	0.4781565959380483	0.4970669438848668	0.7814575808128208
ldl	annotated_credset_13.txt	ENSG00000143001	TMEM61	0	-0.657845629858594	0.9680395844641076	0.0194716683071295	0.954784360545769
ldl	annotated_credset_13.txt	ENSG00000162399	BSND	0	-0.5508171070022454	1.0	0.1138626144714868	0.985449550507563
ldl	annotated_credset_13.txt	ENSG00000169174	PCSK9	1	0.5508171070022454	0.7711649394746475	1.0	1.0
ldl	annotated_credset_13.txt	ENSG00000162402	USP24	0	-0.7531431887098468	0.9723060222410158	0.3944148377674047	0.955773834961503
ldl	annotated_credset_145.txt	ENSG00000171617	ENC1	0	-1.101360371077532	0.0	0.0	0.1880200837520327
ldl	annotated_credset_145.txt	ENSG00000049860	HEXB	0	-1.010693656115964	0.169733974376308	0.0737202240134066	0.3305343131869205
ldl	annotated_credset_145.txt	ENSG00000164347	GFM2	0	-0.6850460529789255	0.2030588349819098	0.5055535124102867	0.4090072383096803
ldl	annotated_credset_145.txt	ENSG00000164346	NSA2	0	-0.6459421525920181	0.1188327104977096	0.5837613131841013	0.4257479184500132
ldl	annotated_credset_145.txt	ENSG00000198780	FAM169A	0	-0.6405154527743577	0.160512041188273	0.382820098027552	0.5837307398686737
ldl	annotated_credset_145.txt	ENSG00000176928	GCNT4	0	0.2022743320818003	0.8657270952424732	1.0	0.8713946144779715
ldl	annotated_credset_145.txt	ENSG00000145700	ANKRD31	0	-0.2022743320818003	0.7903919267523675	0.3785137747306599	1.0
ldl	annotated_credset_145.txt	ENSG00000113161	HMGCR	1	-0.3144231025668014	0.7160410368455493	0.924756948024574	0.5926965777176161
ldl	annotated_credset_145.txt	ENSG00000113163	COL4A3BP	0	-0.5348152520233398	0.8926811856771242	0.8136769337794659	0.5362737655100186
ldl	annotated_credset_145.txt	ENSG00000122008	POLK	0	-0.5867560713232456	0.9274229747927336	0.6401594271071444	0.2848915997301733
ldl	annotated_credset_145.txt	ENSG00000189045	ANKDD1B	0	-0.7008624971051687	1.0	0.4114213394135377	0.109952281835653
ldl	annotated_credset_145.txt	ENSG00000152359	POC5	0	-0.704798115139857	0.8397680996392781	0.5306185037271564	0.0
ldl	annotated_credset_147.txt	ENSG00000171617	ENC1	0	-1.053415249835623	0.0	0.0	0.0
ldl	annotated_credset_147.txt	ENSG00000049860	HEXB	0	-1.0174122824231122	0.169733974376308	0.0737202240134066	0.1259583912366507
ldl	annotated_credset_147.txt	ENSG00000164347	GFM2	0	-0.757329460713457	0.2030588349819098	0.5055535124102867	0.1953151385824514
ldl	annotated_credset_147.txt	ENSG00000164346	NSA2	0	-0.7623917378377648	0.1188327104977096	0.5837613131841013	0.2101110585901941
ldl	annotated_credset_147.txt	ENSG00000198780	FAM169A	0	-0.7496798901147547	0.160512041188273	0.382820098027552	0.3497410598036042
ldl	annotated_credset_147.txt	ENSG00000176928	GCNT4	0	-0.4597647895923978	0.8657270952424732	1.0	0.6039871025066121
ldl	annotated_credset_147.txt	ENSG00000145700	ANKRD31	0	-0.6108973923546314	0.7903919267523675	0.3785137747306599	0.9234136623299884
ldl	annotated_credset_147.txt	ENSG00000113161	HMGCR	1	0.4133153169195839	0.7160410368455493	0.924756948024574	1.0
ldl	annotated_credset_147.txt	ENSG00000113163	COL4A3BP	0	-0.4133153169195839	0.8926811856771242	0.8136769337794659	0.9501318101153986
ldl	annotated_credset_147.txt	ENSG00000122008	POLK	0	-0.4611996825146557	0.9274229747927336	0.6401594271071444	0.7279526402684962
ldl	annotated_credset_147.txt	ENSG00000189045	ANKDD1B	0	-0.7317992952472623	1.0	0.4114213394135377	0.5733359740351903
ldl	annotated_credset_147.txt	ENSG00000152359	POC5	0	-0.5249023770614002	0.8397680996392781	0.5306185037271564	0.4761568180468038
ldl	annotated_credset_148.txt	ENSG00000198780	FAM169A	0	-1.1397872465919736	0.0	0.006929072796466	0.0
ldl	annotated_credset_148.txt	ENSG00000176928	GCNT4	0	-0.604509240723361	0.8400538050032468	1.0	0.2346167722494783
ldl	annotated_credset_148.txt	ENSG00000145700	ANKRD31	0	-0.6977423492438688	0.7503143778925343	0.0	0.5293817473097128
ldl	annotated_credset_148.txt	ENSG00000113161	HMGCR	1	0.1337969884247671	0.6617474257088963	0.8789304590897135	0.7085856407497862
ldl	annotated_credset_148.txt	ENSG00000113163	COL4A3BP	0	-0.1337969884247671	0.8721615799292907	0.7001975930523877	0.9232908692837009
ldl	annotated_credset_148.txt	ENSG00000122008	POLK	0	-0.1511527771791243	0.913546079553068	0.4209999220225552	1.0
ldl	annotated_credset_148.txt	ENSG00000189045	ANKDD1B	0	-0.7009157585778443	1.0	0.0529497893032404	0.9345764274409286
ldl	annotated_credset_148.txt	ENSG00000152359	POC5	0	-0.4488771331785981	0.8091313893441355	0.2447435241715569	0.8449000664422366
ldl	annotated_credset_148.txt	ENSG00000122012	SV2C	0	-0.6899123822774216	0.9985311852561922	0.8188382443271814	0.2595344538388219
ldl	annotated_credset_149.txt	ENSG00000176928	GCNT4	0	-0.1396934832577024	0.8195167340292517	1.0	0.0598724429320004
ldl	annotated_credset_149.txt	ENSG00000145700	ANKRD31	0	-0.6431825007442747	0.7182547759588266	0.0	0.3510704128939704
ldl	annotated_credset_149.txt	ENSG00000113161	HMGCR	1	-0.2270415223743448	0.6183158384461052	0.8789304590897135	0.5281057271078352
ldl	annotated_credset_149.txt	ENSG00000113163	COL4A3BP	0	-0.2869232065526755	0.8557471431479166	0.7001975930523877	0.7402127682395729
ldl	annotated_credset_149.txt	ENSG00000122008	POLK	0	-0.4201529281454726	0.9024454072286356	0.4209999220225552	0.8660429087608644
ldl	annotated_credset_149.txt	ENSG00000189045	ANKDD1B	0	-0.2026037404691804	1.0	0.0529497893032404	0.9659961994956052
ldl	annotated_credset_149.txt	ENSG00000152359	POC5	0	0.1396934832577024	0.7846238841557386	0.2447435241715569	1.0
ldl	annotated_credset_149.txt	ENSG00000122012	SV2C	0	-0.2302743610941117	0.998342589631008	0.8188382443271814	0.4525013357260568
ldl	annotated_credset_149.txt	ENSG00000145703	IQGAP2	0	-0.5810156215340614	0.0	0.2067741347021649	0.0
ldl	annotated_credset_14.txt	ENSG00000157216	SSBP3	0	-0.7869956758478833	0.5720939626118678	0.4808845266033714	0.0
ldl	annotated_credset_14.txt	ENSG00000162390	ACOT11	0	-0.9786795444998316	0.420016914279944	0.1033591173710693	0.3214967162813838
ldl	annotated_credset_14.txt	ENSG00000162391	FAM151A	0	-0.9024062867754176	0.3568534390265453	0.2559056328198973	0.2992254130964732
ldl	annotated_credset_14.txt	ENSG00000271723	MROH7-TTC4	0	-1.0303591031853665	0.0	0.0	0.4683710894724325
ldl	annotated_credset_14.txt	ENSG00000184313	MROH7	0	-0.9576280116685724	0.5837446196180403	0.141448644672992	0.4227317253990822
ldl	annotated_credset_14.txt	ENSG00000243725	TTC4	0	-0.9394947160354672	0.0719614253436502	0.1817287742997977	0.4688681913406554
ldl	annotated_credset_14.txt	ENSG00000162396	PARS2	0	-0.923814359572966	0.3869962005983111	0.1251167270242996	0.5000004421536888
ldl	annotated_credset_14.txt	ENSG00000006555	TTC22	0	-0.9968401500420518	0.5732299963394468	0.0613503118728712	0.5523499692677216
ldl	annotated_credset_14.txt	ENSG00000162398	C1orf177	0	-1.0084833208999473	0.4528987793948727	0.038559523173743	0.6107273906692028
ldl	annotated_credset_14.txt	ENSG00000116133	DHCR24	0	-0.7761941844045538	0.4781565959380483	0.4970669438848668	0.6747751918339948
ldl	annotated_credset_14.txt	ENSG00000143001	TMEM61	0	-0.7388583445055867	0.9680395844641076	0.0194716683071295	0.8244398875461001
ldl	annotated_credset_14.txt	ENSG00000162399	BSND	0	-0.917230808320686	1.0	0.1138626144714868	0.8509187521027314
ldl	annotated_credset_14.txt	ENSG00000169174	PCSK9	1	-0.1409767408196435	0.7711649394746475	1.0	0.9277900722348904
ldl	annotated_credset_14.txt	ENSG00000162402	USP24	0	0.1409767408196435	0.9723060222410158	0.3944148377674047	1.0
ldl	annotated_credset_150.txt	ENSG00000145700	ANKRD31	0	-0.48968142547737	0.759802973738095	0.4344993686647025	0.110060587207063
ldl	annotated_credset_150.txt	ENSG00000113161	HMGCR	1	-0.2069311098097213	0.6746017580652359	1.0	0.3419399757058632
ldl	annotated_credset_150.txt	ENSG00000113163	COL4A3BP	0	-0.2607201861758852	0.8770197174998389	0.8850039300160853	0.6197560216869612
ldl	annotated_credset_150.txt	ENSG00000122008	POLK	0	-0.3495776913605062	0.9168315162692924	0.7053691732479174	0.784567297721684
ldl	annotated_credset_150.txt	ENSG00000189045	ANKDD1B	0	-0.4363300481383141	1.0	0.4685670687544967	0.915485290196427
ldl	annotated_credset_150.txt	ENSG00000152359	POC5	0	0.1968691708878447	0.8163848110302977	0.5919664538054101	1.0
ldl	annotated_credset_150.txt	ENSG00000122012	SV2C	0	-0.1968691708878447	0.9985870034060654	0.9613368895853917	0.9856716440020148
ldl	annotated_credset_150.txt	ENSG00000145703	IQGAP2	0	-0.4655016523501287	0.1474672655789072	0.5675370879843704	0.3929891417059224
ldl	annotated_credset_150.txt	ENSG00000164220	F2RL2	0	-0.750740642928923	0.0	0.0	0.0
ldl	annotated_credset_15.txt	ENSG00000169174	PCSK9	1	-0.2098678350448608	0.0	1.0	0.0
ldl	annotated_credset_15.txt	ENSG00000162402	USP24	0	0.2098678350448608	1.0	0.0	1.0
ldl	annotated_credset_17.txt	ENSG00000132849	INADL	0	-1.081490873662899	0.0852651072909537	0.0659856460756561	0.0
ldl	annotated_credset_17.txt	ENSG00000240563	L1TD1	0	-1.1109476806540797	0.0960545915697089	0.0085118418924894	0.1100464857277879
ldl	annotated_credset_17.txt	ENSG00000132854	KANK4	0	-1.1110643570438972	0.3632593904746568	0.0	0.3534840977786924
ldl	annotated_credset_17.txt	ENSG00000162607	USP1	0	-0.8842115421638659	0.8198666076197378	0.0448708147347329	0.654447869169823
ldl	annotated_credset_17.txt	ENSG00000116641	DOCK7	0	0.1887075130955329	0.978689426573802	0.4384905595842799	1.0
ldl	annotated_credset_17.txt	ENSG00000132855	ANGPTL3	1	-0.1887075130955329	0.8198666076197378	1.0	1.0
ldl	annotated_credset_17.txt	ENSG00000269624	AL138847.1	0	-0.9345367751684328	0.0	0.1292468751767097	0.9910018497386784
ldl	annotated_credset_17.txt	ENSG00000125703	ATG4C	0	-0.7819021341327937	1.0	0.3187816992783225	0.5900600913242792
ldl	annotated_credset_18.txt	ENSG00000132849	INADL	0	-0.9902245992106896	0.0852651072909537	0.0659856460756561	0.2918655469193487
ldl	annotated_credset_18.txt	ENSG00000240563	L1TD1	0	-1.0189615013022728	0.0960545915697089	0.0085118418924894	0.3632007741353731
ldl	annotated_credset_18.txt	ENSG00000132854	KANK4	0	-1.0224499528423896	0.3632593904746568	0.0	0.521003881192636
ldl	annotated_credset_18.txt	ENSG00000162607	USP1	0	-0.7996164579734972	0.8198666076197378	0.0448708147347329	0.7160970627148943
ldl	annotated_credset_18.txt	ENSG00000116641	DOCK7	0	0.2122800176159491	0.978689426573802	0.4384905595842799	1.0
ldl	annotated_credset_18.txt	ENSG00000132855	ANGPTL3	1	-0.2122800176159491	0.8198666076197378	1.0	0.9435584120152052
ldl	annotated_credset_18.txt	ENSG00000269624	AL138847.1	0	-0.8811454973783632	0.0	0.1292468751767097	0.948596735057917
ldl	annotated_credset_18.txt	ENSG00000125703	ATG4C	0	-0.8152364489559443	1.0	0.3187816992783225	0.7941717483095515
ldl	annotated_credset_18.txt	ENSG00000187140	FOXD3	0	-1.0116344298654083	0.1482212112672276	0.0214890676901075	0.0
ldl	annotated_credset_19.txt	ENSG00000132849	INADL	0	-1.0043430918139915	0.0852651072909537	0.0659856460756561	0.0
ldl	annotated_credset_19.txt	ENSG00000240563	L1TD1	0	-1.0330799939055748	0.0960545915697089	0.0085118418924894	0.0713538391817069
ldl	annotated_credset_19.txt	ENSG00000132854	KANK4	0	-1.0373359148518195	0.3632593904746568	0.0	0.229198118407725
ldl	annotated_credset_19.txt	ENSG00000162607	USP1	0	-0.8833422680244616	0.8198666076197378	0.0448708147347329	0.4243422013953754
ldl	annotated_credset_19.txt	ENSG00000116641	DOCK7	0	0.0023835127369513	0.978689426573802	0.4384905595842799	0.7729365420712679
ldl	annotated_credset_19.txt	ENSG00000132855	ANGPTL3	1	-0.0023835127369513	0.8198666076197378	1.0	0.6518628972905246
ldl	annotated_credset_19.txt	ENSG00000269624	AL138847.1	0	-0.9637021027174136	0.0	0.1292468751767097	0.6569025348744416
ldl	annotated_credset_19.txt	ENSG00000125703	ATG4C	0	-0.1593927142147333	1.0	0.3187816992783225	1.0
ldl	annotated_credset_19.txt	ENSG00000187140	FOXD3	0	-1.0265913810067655	0.1482212112672276	0.0214890676901075	0.2914198801560605
ldl	annotated_credset_19.txt	ENSG00000088035	ALG6	0	-1.0367671176814752	0.2204866003730692	0.0011375943406887	0.2257807747891669
ldl	annotated_credset_19.txt	ENSG00000142856	ITGB3BP	0	-1.00022383495821	0.1939960009125434	0.0718684650164061	0.1179127787695561
ldl	annotated_credset_237.txt	ENSG00000164543	STK17A	0	-1.0003233984264772	0.200855877274206	0.0241250632948732	0.0786947218347382
ldl	annotated_credset_237.txt	ENSG00000106603	COA1	0	-0.6951788320667116	0.1163567656848269	0.0	0.2227636796152905
ldl	annotated_credset_237.txt	ENSG00000106605	BLVRA	0	-1.005572426105761	0.233589429164894	0.0136270079363052	0.3314099058231367
ldl	annotated_credset_237.txt	ENSG00000062582	MRPS24	0	-0.7855266774648451	0.0919417402837908	0.4537185052181374	0.4189631746735985
ldl	annotated_credset_237.txt	ENSG00000270617	URGCP-MRPS24	0	-0.7986490637917432	0.0	0.19610042247523	0.4703252956547912
ldl	annotated_credset_237.txt	ENSG00000106608	URGCP	0	-0.6509384640927329	0.2180860381891438	0.4915216218732504	0.4980694629234091
ldl	annotated_credset_237.txt	ENSG00000078967	UBE2D4	0	-0.8451301569722027	0.2296478890863134	0.099082259246635	0.539674516503253
ldl	annotated_credset_237.txt	ENSG00000136206	SPDYE1	0	-0.8902734182664112	0.2399709702445006	0.2373094543095853	0.6152368519973306
ldl	annotated_credset_237.txt	ENSG00000136279	DBNL	0	-0.715921186257811	0.1641807853049375	0.3538717083200715	0.6982845979723167
ldl	annotated_credset_237.txt	ENSG00000164708	PGAM2	0	-0.6533951438843748	0.2219525013138467	0.4789237930669439	0.6928692925963564
ldl	annotated_credset_237.txt	ENSG00000122678	POLM	0	-0.5708472477128981	0.1777071498285742	0.3943371589572609	0.7165978198743748
ldl	annotated_credset_237.txt	ENSG00000106624	AEBP1	0	-0.7813823597848648	0.2591281063089667	0.2038823122394748	0.7614179048443921
ldl	annotated_credset_237.txt	ENSG00000106628	POLD2	0	-0.6675981955984991	0.1810105357991942	0.2719796056085443	0.7751290269593846
ldl	annotated_credset_237.txt	ENSG00000106631	MYL7	0	-0.6293240079860114	0.3696538952426237	0.345257116346825	0.7988869472104955
ldl	annotated_credset_237.txt	ENSG00000106633	GCK	1	0.1801170453899534	0.9065417052478792	1.0	0.8784411283836214
ldl	annotated_credset_237.txt	ENSG00000106636	YKT6	0	-0.6455748072054981	0.4743111689481719	0.3222376632173002	0.9010093330571758
ldl	annotated_credset_237.txt	ENSG00000058404	CAMK2B	0	-0.4513499860588654	0.611614404764884	0.256129648268744	1.0
ldl	annotated_credset_237.txt	ENSG00000015676	NUDCD3	0	-0.3547857933935312	0.921995044921044	0.4317311685939193	0.868288020469992
ldl	annotated_credset_237.txt	ENSG00000015520	NPC1L1	1	-0.1801170453899534	0.7644585700342852	0.7688797531630869	0.6815530627474924
ldl	annotated_credset_237.txt	ENSG00000136271	DDX56	0	-0.6137118695477932	0.7644585700342852	0.4665086063198803	0.607535957838853
ldl	annotated_credset_237.txt	ENSG00000158604	TMED4	0	-0.7408748066519617	0.9441427463149727	0.4436014609399733	0.5900723328257087
ldl	annotated_credset_237.txt	ENSG00000105953	OGDH	0	-0.5332449177525858	1.0	0.8383541414944626	0.5499327289043373
ldl	annotated_credset_237.txt	ENSG00000122515	ZMIZ2	0	-0.824078812365314	0.454553417252684	0.3766142354171998	0.3511676471946632
ldl	annotated_credset_237.txt	ENSG00000196262	PPIA	0	-0.8917749159272439	0.3839810806076228	0.2412220282933395	0.2838451418242035
ldl	annotated_credset_237.txt	ENSG00000105968	H2AFV	0	-0.9034131999223602	0.4414650016266673	0.2179454603031073	0.2416998174056105
ldl	annotated_credset_237.txt	ENSG00000146676	PURB	0	-0.8586889083041869	0.3502840411421707	0.3073940435394536	0.1724079828379484
ldl	annotated_credset_237.txt	ENSG00000136286	MYO1G	0	-0.9221255920594956	0.3621962511574364	0.180520676028836	0.0515258818312799
ldl	annotated_credset_237.txt	ENSG00000136280	CCM2	0	-0.8320591030174815	0.1053930278535499	0.3578546199942118	0.0
ldl	annotated_credset_238.txt	ENSG00000106603	COA1	0	-0.7724339231444861	0.1474080209009931	0.2944248885700008	0.0
ldl	annotated_credset_238.txt	ENSG00000106605	BLVRA	0	-0.7692023119214999	0.2605211243459385	0.3040397662131169	0.1022383147617
ldl	annotated_credset_238.txt	ENSG00000062582	MRPS24	0	-0.3778154164923542	0.1238509403756673	0.6145573734471408	0.1846277264475229
ldl	annotated_credset_238.txt	ENSG00000270617	URGCP-MRPS24	0	-0.7048279620233429	0.035140036171081	0.4327884660094311	0.232960529849805
ldl	annotated_credset_238.txt	ENSG00000106608	URGCP	0	-0.6006070391813216	0.2455625230898506	0.6412303116934734	0.2590683571072728
ldl	annotated_credset_238.txt	ENSG00000078967	UBE2D4	0	-0.6764822834406707	0.256718090128289	0.3643348646786814	0.2982195610840777
ldl	annotated_credset_238.txt	ENSG00000136206	SPDYE1	0	-0.6902899284091188	0.2666784178411804	0.4618645332378788	0.3693252599197983
ldl	annotated_credset_238.txt	ENSG00000136279	DBNL	0	-0.6491682157281287	0.1935515027418065	0.5441079585998595	0.4474748826871574
ldl	annotated_credset_238.txt	ENSG00000164708	PGAM2	0	-0.4021338205770328	0.2492931185604972	0.6323415972296876	0.4423789698802185
ldl	annotated_credset_238.txt	ENSG00000122678	POLM	0	-0.4535078256515941	0.2066025503268194	0.5726593734422596	0.4647079980053245
ldl	annotated_credset_238.txt	ENSG00000106624	AEBP1	0	-0.5206979254992368	0.2851623714514069	0.4382791737469741	0.5068846120926331
ldl	annotated_credset_238.txt	ENSG00000106628	POLD2	0	-0.4988554586102454	0.2097898551949447	0.4863269291039366	0.5197870576487906
ldl	annotated_credset_238.txt	ENSG00000106631	MYL7	0	-0.5980559207489622	0.3918042801640979	0.5380297169084121	0.5421437451610628
ldl	annotated_credset_238.txt	ENSG00000106633	GCK	1	-0.3668920844781316	0.9098258331059562	1.0	0.6170058521966774
ldl	annotated_credset_238.txt	ENSG00000106636	YKT6	0	-0.3451532567197939	0.4927838934860665	0.5217877637014899	0.6382429930855589
ldl	annotated_credset_238.txt	ENSG00000058404	CAMK2B	0	-0.4104674100173759	0.6252622886297728	0.4751435936877464	0.7966693772047191
ldl	annotated_credset_238.txt	ENSG00000015676	NUDCD3	0	-0.088043650702088	0.9247361418640422	0.5990436559584592	1.0
ldl	annotated_credset_238.txt	ENSG00000015520	NPC1L1	1	0.088043650702088	0.7727355044030685	0.8369273060843161	0.9689397074948852
ldl	annotated_credset_238.txt	ENSG00000136271	DDX56	0	-0.3014129930401179	0.7727355044030685	0.623581750457204	0.8992881021558977
ldl	annotated_credset_238.txt	ENSG00000158604	TMED4	0	-0.2192166770531387	0.946105572229882	0.607419038803233	0.882854474838199
ldl	annotated_credset_238.txt	ENSG00000105953	OGDH	0	-0.1229618865082444	1.0	0.8859467053727575	0.8450822888786762
ldl	annotated_credset_238.txt	ENSG00000122515	ZMIZ2	0	-0.4628605285207632	0.4737204298998172	0.5601545196906155	0.6580402930656535
ldl	annotated_credset_238.txt	ENSG00000196262	PPIA	0	-0.5102724740470681	0.4056280077171412	0.4646251480624442	0.5946884424321683
ldl	annotated_credset_238.txt	ENSG00000105968	H2AFV	0	-0.5140554132576751	0.4610919416723209	0.4482017810090283	0.5550288325769765
ldl	annotated_credset_238.txt	ENSG00000146676	PURB	0	-0.6042013200340668	0.3731150834373634	0.5113144750932689	0.4898238030033615
ldl	annotated_credset_238.txt	ENSG00000136286	MYO1G	0	-0.6489606652434683	0.3846086979618151	0.4217957846744656	0.3760712804985082
ldl	annotated_credset_238.txt	ENSG00000136280	CCM2	0	-0.4727154580218755	0.1368295492136774	0.5469182019481568	0.3275843747963006
ldl	annotated_credset_238.txt	ENSG00000136274	NACAD	0	-0.634185729913586	0.1556080870617154	0.4657700985791645	0.2209469003615129
ldl	annotated_credset_238.txt	ENSG00000136270	TBRG4	0	-0.4312446236818426	0.3125683640674839	0.4860715329207031	0.1950498112919775
ldl	annotated_credset_238.txt	ENSG00000122679	RAMP3	0	-0.8353839367616094	0.0	0.0	0.1190642062919486
ldl	annotated_credset_239.txt	ENSG00000136279	DBNL	0	-0.7529058324285601	0.1935515027418065	0.5441079585998595	0.0060126282287378
ldl	annotated_credset_239.txt	ENSG00000164708	PGAM2	0	-0.709218106951384	0.2492931185604972	0.6323415972296876	0.0
ldl	annotated_credset_239.txt	ENSG00000122678	POLM	0	-0.655286619147985	0.2066025503268194	0.5726593734422596	0.0263458481162555
ldl	annotated_credset_239.txt	ENSG00000106624	AEBP1	0	-0.7583470326400369	0.2851623714514069	0.4382791737469741	0.0761097098739819
ldl	annotated_credset_239.txt	ENSG00000106628	POLD2	0	-0.801681469952553	0.2097898551949447	0.4863269291039366	0.0913332059010472
ldl	annotated_credset_239.txt	ENSG00000106631	MYL7	0	-0.7758300760503153	0.3918042801640979	0.5380297169084121	0.1177116891149517
ldl	annotated_credset_239.txt	ENSG00000106633	GCK	1	-0.5101492495947008	0.9098258331059562	1.0	0.2060409119800335
ldl	annotated_credset_239.txt	ENSG00000106636	YKT6	0	-0.5530592884898055	0.4927838934860665	0.5217877637014899	0.231098450765293
ldl	annotated_credset_239.txt	ENSG00000058404	CAMK2B	0	-0.7922122956234472	0.6252622886297728	0.4751435936877464	0.4180245198367002
ldl	annotated_credset_239.txt	ENSG00000015676	NUDCD3	0	-0.5812803356627124	0.9247361418640422	0.5990436559584592	0.6609275516372718
ldl	annotated_credset_239.txt	ENSG00000015520	NPC1L1	1	-0.4317336712748326	0.7727355044030685	0.8369273060843161	0.7393061778239849
ldl	annotated_credset_239.txt	ENSG00000136271	DDX56	0	-0.6220106060593665	0.7727355044030685	0.623581750457204	0.791733685170767
ldl	annotated_credset_239.txt	ENSG00000158604	TMED4	0	-0.5019745793599545	0.946105572229882	0.607419038803233	0.8029788073892077
ldl	annotated_credset_239.txt	ENSG00000105953	OGDH	0	0.263609973643741	1.0	0.8859467053727575	1.0
ldl	annotated_credset_239.txt	ENSG00000122515	ZMIZ2	0	-0.263609973643741	0.4737204298998172	0.5601545196906155	0.9682175205753568
ldl	annotated_credset_239.txt	ENSG00000196262	PPIA	0	-0.4442863415867329	0.4056280077171412	0.4646251480624442	0.8934691604890136
ldl	annotated_credset_239.txt	ENSG00000105968	H2AFV	0	-0.3413774434865489	0.4610919416723209	0.4482017810090283	0.8466750926173349
ldl	annotated_credset_239.txt	ENSG00000146676	PURB	0	-0.5864799890759594	0.3731150834373634	0.5113144750932689	0.7697401809885172
ldl	annotated_credset_239.txt	ENSG00000136286	MYO1G	0	-0.7746868526340549	0.3846086979618151	0.4217957846744656	0.635524456776849
ldl	annotated_credset_239.txt	ENSG00000136280	CCM2	0	-0.649321898727434	0.1368295492136774	0.5469182019481568	0.5783151305983723
ldl	annotated_credset_239.txt	ENSG00000136274	NACAD	0	-0.811959885214939	0.1556080870617154	0.4657700985791645	0.4524943967438098
ldl	annotated_credset_239.txt	ENSG00000136270	TBRG4	0	-0.7396479012404283	0.3125683640674839	0.4860715329207031	0.4219386210308495
ldl	annotated_credset_239.txt	ENSG00000122679	RAMP3	0	-0.8977440686636095	0.0	0.0	0.3322837915803157
ldl	annotated_credset_245.txt	ENSG00000160868	CYP3A4	0	-0.4075703095746215	0.5262011397103672	0.6666660597534569	0.1994150401562409
ldl	annotated_credset_245.txt	ENSG00000021461	CYP3A43	0	-0.4598902152695032	0.0802502483313873	0.5651604990045627	0.3143942766270105
ldl	annotated_credset_245.txt	ENSG00000244623	OR2AE1	0	-0.7424704647717846	0.0	0.0	0.3297969698958921
ldl	annotated_credset_245.txt	ENSG00000146833	TRIM4	0	-0.7020547680013702	0.3078263597232629	0.0808313935408286	0.3895740890108371
ldl	annotated_credset_245.txt	ENSG00000176402	GJC3	0	-0.517403002981849	0.3546695014202812	0.4501349235798711	0.4036531791909313
ldl	annotated_credset_245.txt	ENSG00000160862	AZGP1	0	-0.4007665424684821	0.4266943171322516	0.3034009352361825	0.4690422629944289
ldl	annotated_credset_245.txt	ENSG00000106261	ZKSCAN1	0	-0.3458931977034771	0.9588379833748673	0.4897646272533753	0.5611211988908297
ldl	annotated_credset_245.txt	ENSG00000166529	ZSCAN21	0	-0.2863324035575196	0.6511510377637976	0.3071126674190694	0.5939288512476182
ldl	annotated_credset_245.txt	ENSG00000166526	ZNF3	0	-0.4437537811864862	0.7302162661415402	0.3158461240904573	0.6185321315922739
ldl	annotated_credset_245.txt	ENSG00000168090	COPS6	0	-0.4476761767628121	0.3727759092414128	0.4684601361146857	0.6320941454064725
ldl	annotated_credset_245.txt	ENSG00000166508	MCM7	0	-0.5379811090752198	0.5614903368593486	0.2476521837976096	0.6457798079168635
ldl	annotated_credset_245.txt	ENSG00000221838	AP4M1	0	-0.3307281683190435	0.5524109928027463	0.4574373297600353	0.6575896635020623
ldl	annotated_credset_245.txt	ENSG00000106290	TAF6	0	-0.3577350745347503	0.5678511057281773	0.4209592038215416	0.6709324819002833
ldl	annotated_credset_245.txt	ENSG00000166997	CNPY4	0	0.0435323580983495	0.8777512503703185	0.3802476091268039	0.6788993922117738
ldl	annotated_credset_245.txt	ENSG00000214309	MBLAC1	0	-0.4127190851287301	0.2926476482581949	0.3320802596294316	0.6830922070917539
ldl	annotated_credset_245.txt	ENSG00000188186	LAMTOR4	0	-0.2897573434298588	0.386194517540038	0.3224018600926038	0.721660764612054
ldl	annotated_credset_245.txt	ENSG00000146826	C7orf43	0	-0.5196814868079653	0.1948312217904257	0.4353884226939958	0.7255542934432957
ldl	annotated_credset_245.txt	ENSG00000197093	GAL3ST4	0	-0.5280534730530395	0.4041092309569035	0.2887203912896628	0.7396544601056955
ldl	annotated_credset_245.txt	ENSG00000213420	GPC2	0	-0.4051781332807358	0.7815206594287507	0.3510309816085011	0.7517692221349143
ldl	annotated_credset_245.txt	ENSG00000066923	STAG3	0	-0.4842259706539575	0.8434030984786435	0.4058711121827976	0.8137565616942992
ldl	annotated_credset_245.txt	ENSG00000160844	GATS	0	-0.5778069498256688	0.980760852517296	0.2117438742602125	0.8850568962350879
ldl	annotated_credset_245.txt	ENSG00000213413	PVRIG	0	-0.61143026008244	0.7875677465451438	0.1514625333258329	0.8137593718919399
ldl	annotated_credset_245.txt	ENSG00000214300	SPDYE3	0	-0.6198444622773549	0.3845912552498126	0.2278528131324751	0.9552612536959888
ldl	annotated_credset_245.txt	ENSG00000121716	PILRB	0	-0.2912657058983141	0.3602286391439974	0.3093772768793259	1.0
ldl	annotated_credset_245.txt	ENSG00000085514	PILRA	0	-0.4320228838956974	0.4712719795061255	0.5701942588133314	0.981039996381417
ldl	annotated_credset_245.txt	ENSG00000078487	ZCWPW1	0	-0.5793363785325019	0.3815067180175313	0.313083148217091	0.9342558260584212
ldl	annotated_credset_245.txt	ENSG00000146834	MEPCE	0	-0.5537810557617673	0.3013087499782165	0.3641937937585601	0.8949636426456313
ldl	annotated_credset_245.txt	ENSG00000160813	PPP1R35	0	-0.5520326511552218	0.1191467856333757	0.3676906029716507	0.8858417411037978
ldl	annotated_credset_245.txt	ENSG00000185955	C7orf61	0	-0.43214829810743	0.5497272711430214	0.2339848303456158	0.8558667679688726
ldl	annotated_credset_245.txt	ENSG00000166925	TSC22D4	0	-0.1894260448802596	0.4046843141697018	0.766635500206329	0.8463907815243061
ldl	annotated_credset_245.txt	ENSG00000166924	NYAP1	0	-0.4054504066565634	0.4836972622553718	0.2722202910580178	0.817490708986963
ldl	annotated_credset_245.txt	ENSG00000106351	AGFG2	0	-0.0435323580983495	0.4695815833957791	0.5809298260559154	0.7398112258017006
ldl	annotated_credset_245.txt	ENSG00000077454	LRCH4	0	-0.3846715645930356	0.4745830646707212	0.4486263314320219	0.6934134576543062
ldl	annotated_credset_245.txt	ENSG00000205307	SAP25	0	-0.4494566884612336	0.1660073540944181	0.2651725311443564	0.6934134576543062
ldl	annotated_credset_245.txt	ENSG00000106336	FBXO24	0	-0.3424655199956303	0.8423226391091438	0.3045220803710953	0.6769035465149741
ldl	annotated_credset_245.txt	ENSG00000106333	PCOLCE	0	-0.2557668149069103	0.8799993029294388	0.866990478249951	0.6513377734783659
ldl	annotated_credset_245.txt	ENSG00000106330	MOSPD3	0	-0.4478199512586913	0.8330690274122997	0.4852676760816673	0.6373921676862067
ldl	annotated_credset_245.txt	ENSG00000106327	TFR2	0	-0.0734918332753551	0.9661049439729534	1.0	0.6257101760936613
ldl	annotated_credset_245.txt	ENSG00000077080	ACTL6B	0	-0.4909311193259134	1.0	0.3710223354153631	0.5938411297488791
ldl	annotated_credset_245.txt	ENSG00000172354	GNB2	0	-0.2575859788850014	0.6694665667532196	0.6841169303383247	0.5510783522497785
ldl	annotated_credset_245.txt	ENSG00000146830	GIGYF1	1	-0.4282777027745958	0.7080668490667967	0.5328293840483933	0.5426814816992552
ldl	annotated_credset_245.txt	ENSG00000172336	POP7	0	-0.5693795496477547	0.7763449105135667	0.2441950643865485	0.5053817284137481
ldl	annotated_credset_245.txt	ENSG00000130427	EPO	0	-0.2144950735755797	0.9923670773574054	0.5574190832118068	0.4846607361097711
ldl	annotated_credset_245.txt	ENSG00000196411	EPHB4	0	-0.3912524789162155	0.7577679800637819	0.608356954071978	0.3697742361611458
ldl	annotated_credset_245.txt	ENSG00000146828	SLC12A9	0	-0.4797986232504951	0.7208580938605509	0.4312646654034185	0.3356935642731033
ldl	annotated_credset_245.txt	ENSG00000087077	TRIP6	0	-0.3173043197022771	0.9532614188871268	0.7483455242775038	0.2790427900334786
ldl	annotated_credset_245.txt	ENSG00000087087	SRRT	0	-0.4814321041110987	0.7797779830263318	0.4200899554598606	0.267839937138679
ldl	annotated_credset_245.txt	ENSG00000176125	UFSP1	0	-0.5194797993113747	0.6391439973511318	0.3690902662769599	0.2487123268970001
ldl	annotated_credset_245.txt	ENSG00000087085	ACHE	0	-0.4546569563414688	0.9269644319746266	0.4736402509991201	0.2469292564939522
ldl	annotated_credset_245.txt	ENSG00000169894	MUC3A	0	-0.5792612013763399	0.6188243904989281	0.2834920960886799	0.1632247095669488
ldl	annotated_credset_245.txt	ENSG00000228273	MUC3A	0	-0.6684137234498819	0.6439189306937594	0.0587730342642887	0.163126352649523
ldl	annotated_credset_245.txt	ENSG00000205277	MUC12	0	-0.7278104166328969	0.5205200146384817	0.0293200962777754	0.0708858303887798
ldl	annotated_credset_245.txt	ENSG00000169876	MUC17	0	-0.5558899561295176	0.6320861579213355	0.29343420206084	0.0
ldl	annotated_credset_246.txt	ENSG00000106261	ZKSCAN1	0	-0.6877421221303983	0.97058699003544	0.5786437511912731	0.0
ldl	annotated_credset_246.txt	ENSG00000166529	ZSCAN21	0	-0.770745991624042	0.7507241179210158	0.4278083745315616	0.0346213825494692
ldl	annotated_credset_246.txt	ENSG00000166526	ZNF3	0	-0.7634956861939624	0.8072215041230516	0.4350205294285858	0.060584824600144
ldl	annotated_credset_246.txt	ENSG00000168090	COPS6	0	-0.742932639185653	0.5518064967635727	0.5610503404862203	0.0748965974541196
ldl	annotated_credset_246.txt	ENSG00000166508	MCM7	0	-0.7952974512731681	0.6866555589592627	0.3787054552333095	0.0893388547684298
ldl	annotated_credset_246.txt	ENSG00000221838	AP4M1	0	-0.7086763672794341	0.6801677612490443	0.5519476232207772	0.1018016035083454
ldl	annotated_credset_246.txt	ENSG00000106290	TAF6	0	-0.723738324103671	0.6912007531324483	0.5218237095723037	0.1158820630008187
ldl	annotated_credset_246.txt	ENSG00000166997	CNPY4	0	-0.7369040682838282	0.9126451037674056	0.4882037652488543	0.1242894140246523
ldl	annotated_credset_246.txt	ENSG00000214309	MBLAC1	0	-0.8024293826510129	0.4945495027682101	0.4484268019426466	0.128714023452363
ldl	annotated_credset_246.txt	ENSG00000188186	LAMTOR4	0	-0.8032406564060655	0.561394988580978	0.4404343060453953	0.1694147956310593
ldl	annotated_credset_246.txt	ENSG00000146826	C7orf43	0	-0.7597730495298072	0.4246531331953587	0.5337394681850579	0.1735235733536418
ldl	annotated_credset_246.txt	ENSG00000197093	GAL3ST4	0	-0.8171478628711717	0.5741962477865528	0.4126198931151831	0.1884032501656647
ldl	annotated_credset_246.txt	ENSG00000213420	GPC2	0	-0.7489677248152102	0.8438819195911568	0.4640764521860904	0.2011877617225418
ldl	annotated_credset_246.txt	ENSG00000066923	STAG3	0	-0.726324026497531	0.8881010552322035	0.5093638488214488	0.2666019941330256
ldl	annotated_credset_246.txt	ENSG00000160844	GATS	0	-0.8064799007584074	0.9862523441994606	0.349052100299696	0.3418440788514403
ldl	annotated_credset_246.txt	ENSG00000213413	PVRIG	0	-0.8313702955114612	0.848202967202377	0.2992713107935882	0.2666049596889422
ldl	annotated_credset_246.txt	ENSG00000214300	SPDYE3	0	-0.8422803172013427	0.5602493505975996	0.3623549844548411	0.4159295967623435
ldl	annotated_credset_246.txt	ENSG00000121716	PILRB	0	-0.8108884799978513	0.5428406342849601	0.4296785062357863	0.4834508566516398
ldl	annotated_credset_246.txt	ENSG00000085514	PILRA	0	-0.6836349258638652	0.6221885172206824	0.6450631522311145	0.5314379997176586
ldl	annotated_credset_246.txt	ENSG00000078487	ZCWPW1	0	-0.8046506175857799	0.558045242738274	0.4327388429526292	0.5742843516020846
ldl	annotated_credset_246.txt	ENSG00000146834	MEPCE	0	-0.7867399182362125	0.500738438395808	0.4749464025022887	0.5818850714165769
ldl	annotated_credset_246.txt	ENSG00000160813	PPP1R35	0	-0.7852960724235474	0.370571548827838	0.4778340941276189	0.5855134290806545
ldl	annotated_credset_246.txt	ENSG00000185955	C7orf61	0	-0.6170193567198643	0.6782500628855633	0.367418850875256	0.6265952751946463
ldl	annotated_credset_246.txt	ENSG00000166925	TSC22D4	0	-0.4775394456118857	0.5746071831501559	0.8072858224060935	0.6488488067935343
ldl	annotated_credset_246.txt	ENSG00000166924	NYAP1	0	-0.6088498593379972	0.6310672115918641	0.3989939849364758	0.6718615207070964
ldl	annotated_credset_246.txt	ENSG00000106351	AGFG2	0	-0.6768542827897348	0.6209806163034248	0.6539286652546801	0.780727078409012
ldl	annotated_credset_246.txt	ENSG00000077454	LRCH4	0	-0.5128076427244415	0.6245545087080939	0.5446714338343638	0.8073192183140264
ldl	annotated_credset_246.txt	ENSG00000205307	SAP25	0	-0.6966510466502245	0.4040565546681012	0.3931738912339572	0.7887755971669254
ldl	annotated_credset_246.txt	ENSG00000106336	FBXO24	0	-0.536037740336825	0.8873289948521007	0.4256690480578384	0.8295075076827471
ldl	annotated_credset_246.txt	ENSG00000106333	PCOLCE	0	-0.2346067867734609	0.9142514874614904	0.8901597260128138	0.8399729545127678
ldl	annotated_credset_246.txt	ENSG00000106330	MOSPD3	0	-0.2760225658413058	0.8807166712741238	0.5749301347350344	0.850662300814499
ldl	annotated_credset_246.txt	ENSG00000106327	TFR2	0	0.0439953961567165	0.97577971872097	1.0	0.8912830029834445
ldl	annotated_credset_246.txt	ENSG00000077080	ACTL6B	0	-0.3886341254009138	1.0	0.4805854641021466	0.911570371009563
ldl	annotated_credset_246.txt	ENSG00000172354	GNB2	0	-0.2556151514099585	0.7638117866224352	0.7391413602346921	0.9452487067775228
ldl	annotated_credset_246.txt	ENSG00000146830	GIGYF1	1	-0.3059854723297921	0.791394266330945	0.6142069546621146	0.9604827675215908
ldl	annotated_credset_246.txt	ENSG00000172336	POP7	0	-0.3415163094483324	0.840183501318729	0.3758505397481538	0.9872424613358984
ldl	annotated_credset_246.txt	ENSG00000130427	EPO	0	-0.0439953961567165	0.9945457669921772	0.6345133151228899	1.0
ldl	annotated_credset_246.txt	ENSG00000196411	EPHB4	0	-0.4820478241354644	0.8269090438156719	0.6765781960275763	0.878762143013628
ldl	annotated_credset_246.txt	ENSG00000146828	SLC12A9	0	-0.7095402110354754	0.8005344650244196	0.530334038072281	0.8427973636338955
ldl	annotated_credset_246.txt	ENSG00000087077	TRIP6	0	-0.3410304172211267	0.966602162267168	0.7921818212728778	0.7830147219092177
ldl	annotated_credset_246.txt	ENSG00000087087	SRRT	0	-0.5198641301045086	0.8426366609135717	0.5211058776685896	0.7711925332473085
ldl	annotated_credset_246.txt	ENSG00000176125	UFSP1	0	-0.5558462641639601	0.7421442856324545	0.4789899467231487	0.7510074769003161
ldl	annotated_credset_246.txt	ENSG00000087085	ACHE	0	-0.4919711206126373	0.9478112088224088	0.5653281187287482	0.7491258316711724
ldl	annotated_credset_246.txt	ENSG00000169894	MUC3A	0	-0.777718399005876	0.7276245694518123	0.4083023272010598	0.6607937831364609
ldl	annotated_credset_246.txt	ENSG00000228273	MUC3A	0	-0.8705057536109065	0.7455562944090377	0.2227276179909989	0.6606899886793766
ldl	annotated_credset_246.txt	ENSG00000205277	MUC12	0	-0.8845075750633041	0.6573795274492371	0.1984051579475318	0.5633500640477005
ldl	annotated_credset_246.txt	ENSG00000169876	MUC17	0	-0.7763938819513809	0.7371009879882349	0.4165125938768836	0.4885453988269984
ldl	annotated_credset_246.txt	ENSG00000169871	TRIM56	0	-0.6547664255030583	0.4439795478714793	0.4976751787019345	0.3916206520236598
ldl	annotated_credset_246.txt	ENSG00000106366	SERPINE1	0	-0.6484664161005016	0.4302817024180433	0.7109599833499437	0.3298629500584625
ldl	annotated_credset_246.txt	ENSG00000106367	AP1S1	0	-0.8780124718720159	0.2932534375365795	0.2972606235006404	0.2893712495718933
ldl	annotated_credset_246.txt	ENSG00000128564	VGF	0	-0.8533038695086133	0.2238178136744346	0.3466778282274458	0.2773429547737737
ldl	annotated_credset_246.txt	ENSG00000167011	NAT16	0	-0.9536577336188354	0.440081888210638	0.1459701000070015	0.2655044555543226
ldl	annotated_credset_246.txt	ENSG00000106384	MOGAT3	0	-0.8029924328417513	0.0	0.4473007015611697	0.2291556366833779
ldl	annotated_credset_246.txt	ENSG00000106397	PLOD3	0	-0.7658776592321983	0.2560700134238886	0.521530248780276	0.2128895624802994
ldl	annotated_credset_246.txt	ENSG00000106400	ZNHIT1	0	-0.79033262714327	0.338157465450298	0.4726203129581324	0.1955544053692521
ldl	annotated_credset_246.txt	ENSG00000106404	CLDN15	0	-0.6521939969592685	0.3782672474553138	0.4461639135818726	0.1741668160980395
ldl	annotated_credset_246.txt	ENSG00000214253	FIS1	0	-0.8138545111043474	0.2959930066272667	0.4255765450359775	0.1632446736568475
ldl	annotated_credset_246.txt	ENSG00000128581	RABL5	0	-1.0266427836223362	0.2426087671191936	0.0	0.0531691691409198
ldl	annotated_credset_247.txt	ENSG00000188186	LAMTOR4	0	-0.4924429718049848	0.561394988580978	0.4404343060453953	0.0
ldl	annotated_credset_247.txt	ENSG00000146826	C7orf43	0	-0.5408721969180149	0.4246531331953587	0.5337394681850579	0.0041333149086917
ldl	annotated_credset_247.txt	ENSG00000197093	GAL3ST4	0	-0.6251225657746687	0.5741962477865528	0.4126198931151831	0.0191018515773028
ldl	annotated_credset_247.txt	ENSG00000213420	GPC2	0	-0.5525721555591309	0.8438819195911568	0.4640764521860904	0.031962710885401
ldl	annotated_credset_247.txt	ENSG00000066923	STAG3	0	-0.4337638134769558	0.8881010552322035	0.5093638488214488	0.0977675901751318
ldl	annotated_credset_247.txt	ENSG00000160844	GATS	0	-0.610084331502328	0.9862523441994606	0.349052100299696	0.1734590126676085
ldl	annotated_credset_247.txt	ENSG00000213413	PVRIG	0	-0.6349747262553819	0.848202967202377	0.2992713107935882	0.0977705734410349
ldl	annotated_credset_247.txt	ENSG00000214300	SPDYE3	0	-0.6502550201048397	0.5602493505975996	0.3623549844548411	0.2479869614578912
ldl	annotated_credset_247.txt	ENSG00000121716	PILRB	0	-0.6207006152858393	0.5428406342849601	0.4296785062357863	0.3159114511717473
ldl	annotated_credset_247.txt	ENSG00000085514	PILRA	0	-0.4400886851256996	0.6221885172206824	0.6450631522311145	0.3641851683821371
ldl	annotated_credset_247.txt	ENSG00000078487	ZCWPW1	0	-0.6150630908559457	0.558045242738274	0.4327388429526292	0.4072873941495699
ldl	annotated_credset_247.txt	ENSG00000146834	MEPCE	0	-0.5990743432771607	0.500738438395808	0.4749464025022887	0.4149335046591165
ldl	annotated_credset_247.txt	ENSG00000160813	PPP1R35	0	-0.5726346936314878	0.370571548827838	0.4778340941276189	0.4185835304915123
ldl	annotated_credset_247.txt	ENSG00000185955	C7orf61	0	-0.6049203358303316	0.6782500628855633	0.367418850875256	0.4599107130466234
ldl	annotated_credset_247.txt	ENSG00000166925	TSC22D4	0	-0.4277896011292134	0.5746071831501559	0.8072858224060935	0.482297140383197
ldl	annotated_credset_247.txt	ENSG00000166924	NYAP1	0	-0.5967670509118433	0.6310672115918641	0.3989939849364758	0.5054472837909544
ldl	annotated_credset_247.txt	ENSG00000106351	AGFG2	0	-0.4851171741507208	0.6209806163034248	0.6539286652546801	0.6149629750923424
ldl	annotated_credset_247.txt	ENSG00000077454	LRCH4	0	-0.400275451039468	0.6245545087080939	0.5446714338343638	0.641713920445095
ldl	annotated_credset_247.txt	ENSG00000205307	SAP25	0	-0.4960989474907332	0.4040565546681012	0.3931738912339572	0.6230595587532515
ldl	annotated_credset_247.txt	ENSG00000106336	FBXO24	0	-0.5010896961051597	0.8873289948521007	0.4256690480578384	0.6640347159318013
ldl	annotated_credset_247.txt	ENSG00000106333	PCOLCE	0	-0.2888522058672961	0.9142514874614904	0.8901597260128138	0.6745626613037053
ldl	annotated_credset_247.txt	ENSG00000106330	MOSPD3	0	-0.3775122953141693	0.8807166712741238	0.5749301347350344	0.6853158432512906
ldl	annotated_credset_247.txt	ENSG00000106327	TFR2	0	-0.0069966822159882	0.97577971872097	1.0	0.7261791279584756
ldl	annotated_credset_247.txt	ENSG00000077080	ACTL6B	0	-0.520156668422819	1.0	0.4805854641021466	0.7465876500013194
ldl	annotated_credset_247.txt	ENSG00000172354	GNB2	0	-0.1530151201024875	0.7638117866224352	0.7391413602346921	0.7804671092294375
ldl	annotated_credset_247.txt	ENSG00000146830	GIGYF1	1	-0.1860844776205267	0.791394266330945	0.6142069546621146	0.7957921461734645
ldl	annotated_credset_247.txt	ENSG00000172336	POP7	0	-0.5101710560491867	0.840183501318729	0.3758505397481538	0.8227116460497401
ldl	annotated_credset_247.txt	ENSG00000130427	EPO	0	-0.4594261275216699	0.9945457669921772	0.6345133151228899	0.8468835580292959
ldl	annotated_credset_247.txt	ENSG00000196411	EPHB4	0	-0.1827169407009182	0.8269090438156719	0.6765781960275763	1.0
ldl	annotated_credset_247.txt	ENSG00000146828	SLC12A9	0	-0.2349715527519912	0.8005344650244196	0.530334038072281	0.999300743641804
ldl	annotated_credset_247.txt	ENSG00000087077	TRIP6	0	-0.0049734166524862	0.966602162267168	0.7921818212728778	0.9391610863019868
ldl	annotated_credset_247.txt	ENSG00000087087	SRRT	0	0.0049734166524862	0.8426366609135717	0.5211058776685896	0.9272682967794322
ldl	annotated_credset_247.txt	ENSG00000176125	UFSP1	0	-0.2900608748090038	0.7421442856324545	0.4789899467231487	0.906962697410244
ldl	annotated_credset_247.txt	ENSG00000087085	ACHE	0	-0.1188357394592801	0.9478112088224088	0.5653281187287482	0.9050698151947516
ldl	annotated_credset_247.txt	ENSG00000169894	MUC3A	0	-0.5501559186246135	0.7276245694518123	0.4083023272010598	0.8162102570061613
ldl	annotated_credset_247.txt	ENSG00000228273	MUC3A	0	-0.671416412038848	0.7455562944090377	0.2227276179909989	0.8161058426995542
ldl	annotated_credset_247.txt	ENSG00000205277	MUC12	0	-0.6244393440259138	0.6573795274492371	0.1984051579475318	0.7181846143304146
ldl	annotated_credset_247.txt	ENSG00000169876	MUC17	0	-0.5773065073326001	0.7371009879882349	0.4165125938768836	0.6429332235586395
ldl	annotated_credset_247.txt	ENSG00000169871	TRIM56	0	-0.372520379028351	0.4439795478714793	0.4976751787019345	0.5454296524159286
ldl	annotated_credset_247.txt	ENSG00000106366	SERPINE1	0	-0.404034629154908	0.4302817024180433	0.7109599833499437	0.4833031399846726
ldl	annotated_credset_247.txt	ENSG00000106367	AP1S1	0	-0.6879172327779849	0.2932534375365795	0.2972606235006404	0.4425696273442707
ldl	annotated_credset_247.txt	ENSG00000128564	VGF	0	-0.6632086304145822	0.2238178136744346	0.3466778282274458	0.4304695008414532
ldl	annotated_credset_247.txt	ENSG00000167011	NAT16	0	-0.7635624945248044	0.440081888210638	0.1459701000070015	0.4185603033564316
ldl	annotated_credset_247.txt	ENSG00000106384	MOGAT3	0	-0.6128971937477202	0.0	0.4473007015611697	0.3819944131826067
ldl	annotated_credset_247.txt	ENSG00000106397	PLOD3	0	-0.3902393598354329	0.2560700134238886	0.521530248780276	0.3656311997043143
ldl	annotated_credset_247.txt	ENSG00000106400	ZNHIT1	0	-0.4146943277465046	0.338157465450298	0.4726203129581324	0.3481925188679682
ldl	annotated_credset_247.txt	ENSG00000106404	CLDN15	0	-0.588469783904361	0.3782672474553138	0.4461639135818726	0.3266772051750886
ldl	annotated_credset_247.txt	ENSG00000214253	FIS1	0	-0.6237592720103163	0.2959930066272667	0.4255765450359775	0.315689836854113
ldl	annotated_credset_247.txt	ENSG00000128581	RABL5	0	-0.8365475445283052	0.2426087671191936	0.0	0.2049569730642758
ldl	annotated_credset_309.txt	ENSG00000137656	BUD13	0	-0.9961107230377512	0.6658405460022114	0.0212133188078516	0.7625077921067192
ldl	annotated_credset_309.txt	ENSG00000109917	ZNF259	0	-0.8395449335974629	0.6658405460022114	0.0351072887788216	0.7909737887854589
ldl	annotated_credset_309.txt	ENSG00000110243	APOA5	0	-0.4270989310655846	0.6658405460022114	0.6083794780161621	0.7992327454635955
ldl	annotated_credset_309.txt	ENSG00000110244	APOA4	0	-0.4118033531367917	0.9423876158157622	0.4581077302787772	0.8576048589557981
ldl	annotated_credset_309.txt	ENSG00000110245	APOC3	1	-0.3892810990746473	0.6658405460022114	0.7678397765500383	0.8760618317060684
ldl	annotated_credset_309.txt	ENSG00000118137	APOA1	0	0.0460927500618324	0.6658405460022114	1.0	0.8852808684740204
ldl	annotated_credset_309.txt	ENSG00000160584	SIK3	0	-0.0460927500618324	0.9082052846303428	0.2450919094511566	1.0
ldl	annotated_credset_309.txt	ENSG00000168092	PAFAH1B2	0	-0.7107625683395601	0.6658405460022114	0.0843721440352276	0.5358040668173407
ldl	annotated_credset_309.txt	ENSG00000149577	SIDT2	0	-0.620748739092313	0.6658405460022114	0.1822852252363259	0.4706660345819508
ldl	annotated_credset_309.txt	ENSG00000149591	TAGLN	0	-0.7137963318021509	1.0	0.3694004699619138	0.4317563320443134
ldl	annotated_credset_309.txt	ENSG00000160613	PCSK7	0	-0.6110226941715955	0.6658405460022114	0.2579820460271628	0.4222764861181045
ldl	annotated_credset_309.txt	ENSG00000167257	RNF214	0	-0.9248766046249478	0.6082472261409997	0.1264495142745107	0.3688143885183044
ldl	annotated_credset_309.txt	ENSG00000186318	BACE1	0	-0.8610427193464704	0.8478476379303771	0.2441968069643392	0.2685332671685096
ldl	annotated_credset_309.txt	ENSG00000110274	CEP164	0	-0.9252194055589354	0.1384069851679567	0.1472985937267259	0.2139693453711457
ldl	annotated_credset_309.txt	ENSG00000177103	DSCAML1	0	-1.0403322563277857	0.0	0.0	0.0
ldl	annotated_credset_310.txt	ENSG00000137656	BUD13	0	-0.7653635001373607	0.6658405460022114	0.0212133188078516	0.841203547772597
ldl	annotated_credset_310.txt	ENSG00000109917	ZNF259	0	-0.4482785280150347	0.6658405460022114	0.0351072887788216	0.8678593083099476
ldl	annotated_credset_310.txt	ENSG00000110243	APOA5	0	-0.0122653257761253	0.6658405460022114	0.6083794780161621	0.8755930537320843
ldl	annotated_credset_310.txt	ENSG00000110244	APOA4	0	-0.1999778035342831	0.9423876158157622	0.4581077302787772	0.9302531134822244
ldl	annotated_credset_310.txt	ENSG00000110245	APOC3	1	-0.1186409046586012	0.6658405460022114	0.7678397765500383	0.9475363532516952
ldl	annotated_credset_310.txt	ENSG00000118137	APOA1	0	-0.0014165029632224	0.6658405460022114	1.0	0.9561691244574576
ldl	annotated_credset_310.txt	ENSG00000160584	SIK3	0	0.0014165029632224	0.9082052846303428	0.2450919094511566	1.0
ldl	annotated_credset_310.txt	ENSG00000168092	PAFAH1B2	0	-0.6179617127029635	0.6658405460022114	0.0843721440352276	0.5017307161666533
ldl	annotated_credset_310.txt	ENSG00000149577	SIDT2	0	-0.5173188255715	0.6658405460022114	0.1822852252363259	0.4407350022720625
ldl	annotated_credset_310.txt	ENSG00000149591	TAGLN	0	-0.4027750038297386	1.0	0.3694004699619138	0.4042996817340878
ldl	annotated_credset_310.txt	ENSG00000160613	PCSK7	0	-0.522946698726344	0.6658405460022114	0.2579820460271628	0.3954226869886788
ldl	annotated_credset_310.txt	ENSG00000167257	RNF214	0	-0.7961193066322415	0.6082472261409997	0.1264495142745107	0.3453604008327515
ldl	annotated_credset_310.txt	ENSG00000186318	BACE1	0	-0.7018564753355451	0.8478476379303771	0.2441968069643392	0.2514564498387027
ldl	annotated_credset_310.txt	ENSG00000110274	CEP164	0	-0.8019929417642272	0.1384069851679567	0.1472985937267259	0.2003624077145591
ldl	annotated_credset_310.txt	ENSG00000177103	DSCAML1	0	-0.9494219408141746	0.0	0.0	0.0
ldl	annotated_credset_312.txt	ENSG00000137656	BUD13	0	-0.4728386710589527	0.7770598560199435	0.0967884384756115	0.5821642626804004
ldl	annotated_credset_312.txt	ENSG00000109917	ZNF259	0	-0.4162574240580103	0.7770598560199435	0.1096096124396544	0.6022353742008277
ldl	annotated_credset_312.txt	ENSG00000110243	APOA5	0	-0.1685772686787836	0.7770598560199435	0.638617698848132	0.6080586883253972
ldl	annotated_credset_312.txt	ENSG00000110244	APOA4	0	-0.2748527229153392	0.9615629213197324	0.4999488933413298	0.649216326781108
ldl	annotated_credset_312.txt	ENSG00000110245	APOC3	1	-0.1392072060612741	0.7770598560199435	0.7857655789812223	0.6622301679116678
ldl	annotated_credset_312.txt	ENSG00000118137	APOA1	0	-0.0278904906995904	0.7770598560199435	1.0	0.6687304256461415
ldl	annotated_credset_312.txt	ENSG00000160584	SIK3	0	0.0278904906995904	0.9387575996540408	0.3033806769402075	1.0
ldl	annotated_credset_312.txt	ENSG00000168092	PAFAH1B2	0	-0.3119685949178181	0.7770598560199435	0.1550705772233346	0.9230819055447564
ldl	annotated_credset_312.txt	ENSG00000149577	SIDT2	0	-0.3050980175096429	0.7770598560199435	0.2454234893181275	0.8771536802318468
ldl	annotated_credset_312.txt	ENSG00000149591	TAGLN	0	-0.4182247723658354	1.0	0.4180909924841606	0.8497188081044696
ldl	annotated_credset_312.txt	ENSG00000160613	PCSK7	0	-0.4964660395673914	0.7770598560199435	0.3152755265624937	0.8430346562397463
ldl	annotated_credset_312.txt	ENSG00000167257	RNF214	0	-0.7539172695102782	0.7386354964259367	0.1938990247379386	0.8053390246709079
ldl	annotated_credset_312.txt	ENSG00000186318	BACE1	0	-0.6529662674734658	0.8984889725522118	0.3025546880599155	0.73463173158995
ldl	annotated_credset_312.txt	ENSG00000110274	CEP164	0	-0.7808594275764241	0.4251736155274605	0.2131382828625436	0.6961592139491153
ldl	annotated_credset_312.txt	ENSG00000177103	DSCAML1	0	-0.8532145411835615	0.3328330492737402	0.077213065032424	0.5452914034394429
ldl	annotated_credset_312.txt	ENSG00000137731	FXYD2	0	-0.7765156021553327	0.2812825926585434	0.2351636650661158	0.048150945669839
ldl	annotated_credset_312.txt	ENSG00000255245	FXYD6-FXYD2	0	-0.8583333651606133	0.0	0.0715281390555544	0.0224071000010611
ldl	annotated_credset_312.txt	ENSG00000137726	FXYD6	0	-0.8928326837309015	0.1829767749484877	0.0	0.0
ldl	annotated_credset_313.txt	ENSG00000137656	BUD13	0	-0.65844487107033	0.7770598560199435	0.0272063166183218	0.5877276408365563
ldl	annotated_credset_313.txt	ENSG00000109917	ZNF259	0	-0.5893261067340237	0.7770598560199435	0.0410152154157513	0.608041023592163
ldl	annotated_credset_313.txt	ENSG00000110243	APOA5	0	-0.3014649387900908	0.7770598560199435	0.610777325244657	0.6139346288664959
ldl	annotated_credset_313.txt	ENSG00000110244	APOA4	0	-0.5271126538762538	0.9615629213197324	0.4614256740640303	0.6555890665102133
ldl	annotated_credset_313.txt	ENSG00000110245	APOC3	1	-0.3719152650010214	0.7770598560199435	0.7692612667864188	0.6687599930798094
ldl	annotated_credset_313.txt	ENSG00000118137	APOA1	0	-0.2475987643762865	0.7770598560199435	1.0	0.6753387131091447
ldl	annotated_credset_313.txt	ENSG00000160584	SIK3	0	0.2475987643762865	0.9387575996540408	0.2497141245064892	1.0
ldl	annotated_credset_313.txt	ENSG00000168092	PAFAH1B2	0	-0.6198506470463987	0.7770598560199435	0.0899784276529397	0.9115465301819716
ldl	annotated_credset_313.txt	ENSG00000149577	SIDT2	0	-0.3883694884447969	0.7770598560199435	0.187291998365665	0.8650639216270157
ldl	annotated_credset_313.txt	ENSG00000149591	TAGLN	0	-0.6030867135084292	1.0	0.373261558057431	0.8372978929341175
ldl	annotated_credset_313.txt	ENSG00000160613	PCSK7	0	-0.6793594250249638	0.7770598560199435	0.2625253362649014	0.8305330590540138
ldl	annotated_credset_313.txt	ENSG00000167257	RNF214	0	-0.7470673219342282	0.7386354964259367	0.1317981630136943	0.7923824169486754
ldl	annotated_credset_313.txt	ENSG00000186318	BACE1	0	-0.6869706355289152	0.8984889725522118	0.2488245026288248	0.7208216413282231
ldl	annotated_credset_313.txt	ENSG00000110274	CEP164	0	-0.7626836259562509	0.4251736155274605	0.1525195859602495	0.681884735635943
ldl	annotated_credset_313.txt	ENSG00000177103	DSCAML1	0	-0.8400289698408039	0.3328330492737402	0.0061228845116392	0.5291958535446684
ldl	annotated_credset_313.txt	ENSG00000137731	FXYD2	0	-0.7549695261043918	0.2812825926585434	0.1762417719844634	0.0260545904564843
ldl	annotated_credset_313.txt	ENSG00000255245	FXYD6-FXYD2	0	-0.8421645135446826	0.0	0.0	0.0
ldl	annotated_credset_314.txt	ENSG00000137656	BUD13	0	-0.510875923003607	0.7770598560199435	0.119348727930144	0.3485006884319114
ldl	annotated_credset_314.txt	ENSG00000109917	ZNF259	0	-0.5071526360819729	0.7770598560199435	0.1318496564410756	0.3690015316537761
ldl	annotated_credset_314.txt	ENSG00000110243	APOA5	0	-0.2384601610829697	0.7770598560199435	0.6476442543806712	0.3749495256040848
ldl	annotated_credset_314.txt	ENSG00000110244	APOA4	0	-0.3749775101015751	0.9615629213197324	0.5124390985034947	0.4169883679723302
ldl	annotated_credset_314.txt	ENSG00000110245	APOC3	1	-0.2356387114690883	0.7770598560199435	0.7911166957684684	0.430280841409107
ldl	annotated_credset_314.txt	ENSG00000118137	APOA1	0	-0.1386875750622458	0.7770598560199435	1.0	0.4369202726424263
ldl	annotated_credset_314.txt	ENSG00000160584	SIK3	0	-0.4355852343957149	0.9387575996540408	0.3207807349524466	0.7914683504763046
ldl	annotated_credset_314.txt	ENSG00000168092	PAFAH1B2	0	-0.3312610100947109	0.7770598560199435	0.176175103735729	0.8982559388880587
ldl	annotated_credset_314.txt	ENSG00000149577	SIDT2	0	-0.5118006440270404	0.7770598560199435	0.2642711936896735	0.9262264825216612
ldl	annotated_credset_314.txt	ENSG00000149591	TAGLN	0	-0.5660931994261815	1.0	0.4326258326091036	0.93621421240893
ldl	annotated_credset_314.txt	ENSG00000160613	PCSK7	0	-0.2064949664178108	0.7770598560199435	0.3323784767188015	0.9739751268628002
ldl	annotated_credset_314.txt	ENSG00000167257	RNF214	0	0.1386875750622458	0.7386354964259367	0.2140336998308924	1.0
ldl	annotated_credset_314.txt	ENSG00000186318	BACE1	0	-0.455806815135374	0.8984889725522118	0.3199753775045005	0.9536675947865458
ldl	annotated_credset_314.txt	ENSG00000110274	CEP164	0	-0.6631528850365269	0.4251736155274605	0.2327924025123752	0.9143713629011088
ldl	annotated_credset_314.txt	ENSG00000177103	DSCAML1	0	-0.784153415346495	0.3328330492737402	0.1002623053705275	0.7602734033866593
ldl	annotated_credset_314.txt	ENSG00000137731	FXYD2	0	-0.6072251118549372	0.2812825926585434	0.2542676378632867	0.2524889404480674
ldl	annotated_credset_314.txt	ENSG00000255245	FXYD6-FXYD2	0	-0.7937971164288212	0.0	0.0947193766632115	0.2261939072384536
ldl	annotated_credset_314.txt	ENSG00000137726	FXYD6	0	-0.8286678761330871	0.1829767749484877	0.0249778572546796	0.2033070609513964
ldl	annotated_credset_314.txt	ENSG00000137747	TMPRSS13	0	-0.8081501753049642	0.1355473022818041	0.0660132589109255	0.1166528195677808
ldl	annotated_credset_314.txt	ENSG00000110324	IL10RA	0	-0.8400696756443686	0.0799966930375721	0.0	0.0
ldl	annotated_credset_393.txt	ENSG00000129221	AIPL1	0	-0.8313154902576835	0.0	0.0	0.0321074216661135
ldl	annotated_credset_393.txt	ENSG00000129195	FAM64A	0	-0.8073464821803575	0.1653439631011964	0.0479380161546519	0.0552486593582404
ldl	annotated_credset_393.txt	ENSG00000091622	PITPNM3	0	-0.7194941802625783	0.2057798798622613	0.1047042931545781	0.2046284066609831
ldl	annotated_credset_393.txt	ENSG00000198920	KIAA0753	0	-0.7592080885774812	0.1619377287558839	0.1442148033604045	0.3247196249805497
ldl	annotated_credset_393.txt	ENSG00000129235	TXNDC17	0	-0.7812362326067998	0.1517370779721905	0.1001585153017674	0.3298599097389607
ldl	annotated_credset_393.txt	ENSG00000108590	MED31	0	-0.7258620120323834	0.1850468681598887	0.2109069564505999	0.339948465298288
ldl	annotated_credset_393.txt	ENSG00000212734	C17orf100	0	-0.7770972648493594	0.1053021721372512	0.1084364508166483	0.3425612774458256
ldl	annotated_credset_393.txt	ENSG00000141485	SLC13A5	0	-0.7280788410332913	0.0461708916458689	0.1222509817068408	0.4280359350431436
ldl	annotated_credset_393.txt	ENSG00000132530	XAF1	0	-0.7543549091259899	0.2497822447073052	0.1539211622633872	0.5163339089784378
ldl	annotated_credset_393.txt	ENSG00000177294	FBXO39	0	-0.783827191255015	0.1471348819157049	0.0939580738354151	0.5468484826383573
ldl	annotated_credset_393.txt	ENSG00000167858	TEKT1	0	-0.787370013417389	0.1748868349437446	0.0845797964540264	0.5961462883180817
ldl	annotated_credset_393.txt	ENSG00000215067	AC027763.2	0	-0.4895864224691603	0.0737502200118242	0.1346779327114457	0.8530012257701903
ldl	annotated_credset_393.txt	ENSG00000108839	ALOX12	0	-0.7392534964720098	0.2894520690137603	0.1748835987011082	0.8507070145595326
ldl	annotated_credset_393.txt	ENSG00000219200	RNASEK	0	-0.6903712070401673	0.0690938671986063	0.2726481775647931	0.8561061625791585
ldl	annotated_credset_393.txt	ENSG00000269871	AC040977.1	0	-0.759356329466841	0.0737502200118242	0.1346779327114457	0.8559696193204956
ldl	annotated_credset_393.txt	ENSG00000161939	RNASEK-C17orf49	0	-0.759356329466841	0.0737502200118242	0.1346779327114457	0.860356071505039
ldl	annotated_credset_393.txt	ENSG00000258315	C17orf49	0	-0.7534574554943025	0.0578664945685286	0.1464756806565226	0.8603631831330943
ldl	annotated_credset_393.txt	ENSG00000161940	BCL6B	0	-0.740746357903019	0.2685453043835381	0.1718978758390896	0.878519169558417
ldl	annotated_credset_393.txt	ENSG00000174327	SLC16A13	0	-0.6715031032270423	0.0983238483791334	0.2007729931698639	0.892502052640857
ldl	annotated_credset_393.txt	ENSG00000174326	SLC16A11	0	-0.6864592896559298	0.2035684789623565	0.2804720123332679	0.8979097346141494
ldl	annotated_credset_393.txt	ENSG00000132514	CLEC10A	0	-0.6724550913639257	0.3502768764187941	0.199971941243021	0.9496596296473604
ldl	annotated_credset_393.txt	ENSG00000161944	ASGR2	0	0.2696393456577689	0.6132192130120634	0.4691707001206999	1.0
ldl	annotated_credset_393.txt	ENSG00000141505	ASGR1	1	-0.4873817898033499	0.9261662883215468	0.4420373418571535	0.9733173282145116
ldl	annotated_credset_393.txt	ENSG00000132535	DLG4	0	-0.541079939801303	0.9511799403373062	0.4592611218554489	0.9499072709818924
ldl	annotated_credset_393.txt	ENSG00000072778	ACADVL	0	-0.5461954529084733	0.7206413965222336	0.3791356626195629	0.9111702329643708
ldl	annotated_credset_393.txt	ENSG00000004975	DVL2	0	-0.6104566871491728	0.8500647624549258	0.3614977413717455	0.8994844057438106
ldl	annotated_credset_393.txt	ENSG00000040633	PHF23	0	-0.6480072761562174	0.6327043627780612	0.3035871389573266	0.8857063375493648
ldl	annotated_credset_393.txt	ENSG00000170296	GABARAP	0	-0.5066790418212231	0.9779424042892152	0.5690530320276448	0.8786146220525642
ldl	annotated_credset_393.txt	ENSG00000262526	CTD-2545G14.7	0	-0.759356329466841	0.0737502200118242	0.1346779327114457	0.8780272015751919
ldl	annotated_credset_393.txt	ENSG00000175826	CTDNEP1	0	-0.6167422348486573	1.0	0.3216163937831401	0.8735269633417629
ldl	annotated_credset_393.txt	ENSG00000262302	RP1-4G17.5	0	-0.759356329466841	0.0737502200118242	0.1346779327114457	0.8689214730131147
ldl	annotated_credset_393.txt	ENSG00000170291	ELP5	0	-0.6779329464629535	0.8646081081690954	0.2265452227441839	0.8623972654351315
ldl	annotated_credset_393.txt	ENSG00000181885	CLDN7	0	-0.6914971814316795	0.6953682433804648	0.2078118286047667	0.8503259879739711
ldl	annotated_credset_393.txt	ENSG00000181856	SLC2A4	0	-0.4957016385022375	0.8336146475974708	0.4448735813490267	0.8193704933746195
ldl	annotated_credset_393.txt	ENSG00000006047	YBX2	0	-0.656851764347116	0.8559994403801805	0.273582412453459	0.8100044792257164
ldl	annotated_credset_393.txt	ENSG00000132507	EIF5A	0	-0.4287222249264958	0.909174605896768	0.4240796771772678	0.7833401409949664
ldl	annotated_credset_393.txt	ENSG00000132522	GPS2	0	-0.3950945989127649	0.6589365418202989	0.3418257376916682	0.7771885827270838
ldl	annotated_credset_393.txt	ENSG00000261915	RP11-542C16.2	0	-0.6627344584722731	0.0737502200118242	0.1346779327114457	0.7752869333850818
ldl	annotated_credset_393.txt	ENSG00000215041	NEURL4	0	-0.5998722413407136	0.543323148854359	0.2390813087012492	0.7710668932970338
ldl	annotated_credset_393.txt	ENSG00000072818	ACAP1	0	-0.5239709059990033	0.6942625429305124	0.23684447724081	0.7413388657000367
ldl	annotated_credset_393.txt	ENSG00000213859	KCTD11	0	-0.6939727509074194	0.3345826996240618	0.1980052952898836	0.7194919443139846
ldl	annotated_credset_393.txt	ENSG00000182896	TMEM95	0	-0.7352379045145178	0.6965190744610275	0.1241620074238314	0.7148921432877805
ldl	annotated_credset_393.txt	ENSG00000174292	TNK1	0	-0.7032565059607722	0.2948226140563861	0.2205966997492181	0.6787494271848528
ldl	annotated_credset_393.txt	ENSG00000187838	TMEM256-PLSCR3	0	-0.7621317601461622	0.0737502200118242	0.1346779327114457	0.665673987842276
ldl	annotated_credset_393.txt	ENSG00000262481	C17orf61-PLSCR3	0	-0.7464079356451246	0.0737502200118242	0.1346779327114457	0.6656640315629986
ldl	annotated_credset_393.txt	ENSG00000205544	TMEM256	0	-0.725120410017035	0.3533570419579472	0.2087006329697002	0.6468310181468061
ldl	annotated_credset_393.txt	ENSG00000169992	NLGN2	0	-0.6408265668578722	0.7974537298209667	0.3102407233102426	0.644130021811382
ldl	annotated_credset_393.txt	ENSG00000181323	SPEM1	0	-0.7717663840967747	0.2909300971662477	0.1154086848102209	0.6221038873983349
ldl	annotated_credset_393.txt	ENSG00000184560	C17orf74	0	-0.7425014903406469	1.0	0.087278444818509	0.6146295663121563
ldl	annotated_credset_393.txt	ENSG00000181284	TMEM102	0	-0.6864713808812041	0.240993054395949	0.2518330704375291	0.6006509502065495
ldl	annotated_credset_393.txt	ENSG00000161958	FGF11	0	-0.6580627845718072	0.7321045766972502	0.2817014534326045	0.5966257687272183
ldl	annotated_credset_393.txt	ENSG00000170175	CHRNB1	0	-0.7590236102858688	0.4517530993460572	0.1412726027170668	0.5869710224792676
ldl	annotated_credset_393.txt	ENSG00000174282	ZBTB4	0	-0.6453855830357268	0.4496545250226781	0.3005485790160568	0.5666246546128955
ldl	annotated_credset_393.txt	ENSG00000259224	SLC35G6	0	-0.749339949334462	0.2880868674377987	0.0947436519605785	0.5352822874473326
ldl	annotated_credset_393.txt	ENSG00000181222	POLR2A	0	-0.5945305128669377	0.4885345632934528	0.4043625248956273	0.5310665143361178
ldl	annotated_credset_393.txt	ENSG00000239697	TNFSF12	0	-0.5566255406846402	0.8610315056932291	0.3614364405889577	0.439293798932977
ldl	annotated_credset_393.txt	ENSG00000248871	TNFSF12-TNFSF13	0	-0.7467431521673414	0.0737502200118242	0.1346779327114457	0.4389979552058742
ldl	annotated_credset_393.txt	ENSG00000161955	TNFSF13	0	-0.6343480727000403	0.6903813086980264	0.172236908593985	0.4259225158632975
ldl	annotated_credset_393.txt	ENSG00000161956	SENP3	0	-0.525146113921536	0.9181781667035231	0.2278744887562793	0.4208263231988297
ldl	annotated_credset_393.txt	ENSG00000161960	EIF4A1	0	-0.5034518227251557	0.8142310417503463	0.2853280983859785	0.4054196921797076
ldl	annotated_credset_393.txt	ENSG00000129226	CD68	0	-0.6408605676986564	0.9875100979785992	0.2425793855233276	0.3958033487232558
ldl	annotated_credset_393.txt	ENSG00000129255	MPDU1	0	-0.5723645512194666	0.9393105844867968	0.3002574250277276	0.390025862091085
ldl	annotated_credset_393.txt	ENSG00000129194	SOX15	0	-0.6468990399865109	0.7227625361609178	0.2362778926077748	0.3834134703252154
ldl	annotated_credset_393.txt	ENSG00000129245	FXR2	0	-0.6057856345564726	0.7630529066382644	0.2964074735102707	0.3790725325602264
ldl	annotated_credset_393.txt	ENSG00000268503	AC007421.1	0	-0.7639765239019606	0.0737502200118242	0.1346779327114457	0.3467629839791352
ldl	annotated_credset_393.txt	ENSG00000129214	SHBG	0	-0.5553496672257543	0.9364786374160006	0.2930869128256381	0.3465951495570288
ldl	annotated_credset_393.txt	ENSG00000141504	SAT2	0	-0.668080021384264	0.4865149675736419	0.326470937746839	0.3292854468702935
ldl	annotated_credset_393.txt	ENSG00000129244	ATP1B2	0	-0.5594375947846356	0.8958836351820344	0.3045011970969136	0.3002799606837205
ldl	annotated_credset_393.txt	ENSG00000141510	TP53	0	-0.2696393456577689	0.9074145113029664	1.0	0.2787288830247711
ldl	annotated_credset_393.txt	ENSG00000141499	WRAP53	0	-0.6893800607217351	0.4992869360363571	0.188802165910886	0.2441777492806318
ldl	annotated_credset_393.txt	ENSG00000108947	EFNB3	0	-0.6337546393295238	0.8360855496233849	0.3258169971901816	0.2169672380152305
ldl	annotated_credset_393.txt	ENSG00000183914	DNAH2	0	-0.655459626504219	0.8393011070543688	0.2824070228407913	0.1996831371894944
ldl	annotated_credset_393.txt	ENSG00000132510	KDM6B	0	-0.5563452364587229	0.196088076938699	0.5499405075979211	0.0253771335527306
ldl	annotated_credset_393.txt	ENSG00000167874	TMEM88	0	-0.6946367022982716	0.1897472233379517	0.2733575759188238	0.0038132549632816
ldl	annotated_credset_393.txt	ENSG00000183011	LSMD1	0	-0.7262600511117318	0.1988184800906223	0.2079143279226408	0.0015090874733464
ldl	annotated_credset_393.txt	ENSG00000182224	CYB5D1	0	-0.6634832308385493	0.1490111878833283	0.2337067208341179	0.0
ldl	annotated_credset_394.txt	ENSG00000129221	AIPL1	0	-0.9600994906008172	0.0	0.0	0.0
ldl	annotated_credset_394.txt	ENSG00000129195	FAM64A	0	-0.9049077814507984	0.1653439631011964	0.0479380161546519	0.0228073402018209
ldl	annotated_credset_394.txt	ENSG00000091622	PITPNM3	0	-0.9211781182354116	0.2057798798622613	0.1047042931545781	0.1700317350817374
ldl	annotated_credset_394.txt	ENSG00000198920	KIAA0753	0	-0.9014228631324984	0.1619377287558839	0.1442148033604045	0.2883901957615374
ldl	annotated_credset_394.txt	ENSG00000129235	TXNDC17	0	-0.9234510071618168	0.1517370779721905	0.1001585153017674	0.2934563130012043
ldl	annotated_credset_394.txt	ENSG00000108590	MED31	0	-0.6612668486334516	0.1850468681598887	0.2109069564505999	0.3033993040307997
ldl	annotated_credset_394.txt	ENSG00000212734	C17orf100	0	-0.9193120394043766	0.1053021721372512	0.1084364508166483	0.305974416750575
ldl	annotated_credset_394.txt	ENSG00000141485	SLC13A5	0	-0.8974735720244658	0.0461708916458689	0.1222509817068408	0.3902157879508472
ldl	annotated_credset_394.txt	ENSG00000132530	XAF1	0	-0.8965696836810071	0.2497822447073052	0.1539211622633872	0.4772397387639414
ldl	annotated_credset_394.txt	ENSG00000177294	FBXO39	0	-0.8806351474201396	0.1471348819157049	0.0939580738354151	0.5073140274357217
ldl	annotated_credset_394.txt	ENSG00000167858	TEKT1	0	-0.9301743971185245	0.1748868349437446	0.0845797964540264	0.5559005309019242
ldl	annotated_credset_394.txt	ENSG00000215067	AC027763.2	0	-0.9010514111240616	0.0737502200118242	0.1346779327114457	0.8090493909121538
ldl	annotated_credset_394.txt	ENSG00000108839	ALOX12	0	-0.8809485781292303	0.2894520690137603	0.1748835987011082	0.8067882821386112
ldl	annotated_credset_394.txt	ENSG00000219200	RNASEK	0	-0.8320662886973879	0.0690938671986063	0.2726481775647931	0.8121095275845923
ldl	annotated_credset_394.txt	ENSG00000269871	AC040977.1	0	-0.9010514111240616	0.0737502200118242	0.1346779327114457	0.8119749544647783
ldl	annotated_credset_394.txt	ENSG00000161939	RNASEK-C17orf49	0	-0.9010514111240616	0.0737502200118242	0.1346779327114457	0.8162981159388051
ldl	annotated_credset_394.txt	ENSG00000258315	C17orf49	0	-0.8442423623048739	0.0578664945685286	0.1464756806565226	0.816305124955462
ldl	annotated_credset_394.txt	ENSG00000161940	BCL6B	0	-0.7094534420283487	0.2685453043835381	0.1718978758390896	0.8341991444807383
ldl	annotated_credset_394.txt	ENSG00000174327	SLC16A13	0	-0.6857660769588478	0.0983238483791334	0.2007729931698639	0.8479802730316971
ldl	annotated_credset_394.txt	ENSG00000174326	SLC16A11	0	-0.6785964828053074	0.2035684789623565	0.2804720123332679	0.8533099292976666
ldl	annotated_credset_394.txt	ENSG00000132514	CLEC10A	0	-0.4186703747041906	0.3502768764187941	0.199971941243021	0.9043131417071966
ldl	annotated_credset_394.txt	ENSG00000161944	ASGR2	0	-0.0753304032624826	0.6132192130120634	0.4691707001206999	0.9539271670153124
ldl	annotated_credset_394.txt	ENSG00000141505	ASGR1	1	0.0753304032624826	0.9261662883215468	0.4420373418571535	1.0
ldl	annotated_credset_394.txt	ENSG00000132535	DLG4	0	-0.4016693839081695	0.9511799403373062	0.4592611218554489	0.9769277189685452
ldl	annotated_credset_394.txt	ENSG00000072778	ACADVL	0	-0.5643813063361711	0.7206413965222336	0.3791356626195629	0.9387496052379616
ldl	annotated_credset_394.txt	ENSG00000004975	DVL2	0	-0.7489925438193633	0.8500647624549258	0.3614977413717455	0.927232389067208
ldl	annotated_credset_394.txt	ENSG00000040633	PHF23	0	-0.7864084859338604	0.6327043627780612	0.3035871389573266	0.9136531201959704
ldl	annotated_credset_394.txt	ENSG00000170296	GABARAP	0	-0.5493952464108778	0.9779424042892152	0.5690530320276448	0.9066637287856274
ldl	annotated_credset_394.txt	ENSG00000262526	CTD-2545G14.7	0	-0.9010514111240616	0.0737502200118242	0.1346779327114457	0.9060847840097608
ldl	annotated_credset_394.txt	ENSG00000175826	CTDNEP1	0	-0.7544323612141298	1.0	0.3216163937831401	0.901649478269222
ldl	annotated_credset_394.txt	ENSG00000262302	RP1-4G17.5	0	-0.9010514111240616	0.0737502200118242	0.1346779327114457	0.8971104390821603
ldl	annotated_credset_394.txt	ENSG00000170291	ELP5	0	-0.7060888092175862	0.8646081081690954	0.2265452227441839	0.8906803672010446
ldl	annotated_credset_394.txt	ENSG00000181885	CLDN7	0	-0.8281225900275292	0.6953682433804648	0.2078118286047667	0.8787832623274826
ldl	annotated_credset_394.txt	ENSG00000181856	SLC2A4	0	-0.6241572768573036	0.8336146475974708	0.4448735813490267	0.8482744146229694
ldl	annotated_credset_394.txt	ENSG00000006047	YBX2	0	-0.6323584271391327	0.8559994403801805	0.273582412453459	0.8390435396857234
ldl	annotated_credset_394.txt	ENSG00000132507	EIF5A	0	-0.5317767478640814	0.909174605896768	0.4240796771772678	0.8127639326320334
ldl	annotated_credset_394.txt	ENSG00000132522	GPS2	0	-0.727007175534585	0.6589365418202989	0.3418257376916682	0.8067011332237436
ldl	annotated_credset_394.txt	ENSG00000261915	RP11-542C16.2	0	-0.901249238940071	0.0737502200118242	0.1346779327114457	0.8048269221696664
ldl	annotated_credset_394.txt	ENSG00000215041	NEURL4	0	-0.8483062479780977	0.543323148854359	0.2390813087012492	0.800667771685413
ldl	annotated_credset_394.txt	ENSG00000072818	ACAP1	0	-0.771421316788304	0.6942625429305124	0.23684447724081	0.771368680255895
ldl	annotated_credset_394.txt	ENSG00000213859	KCTD11	0	-0.7408017951958655	0.3345826996240618	0.1980052952898836	0.7498369810856449
ldl	annotated_credset_394.txt	ENSG00000182896	TMEM95	0	-0.7158316449241797	0.6965190744610275	0.1241620074238314	0.7453035491119087
ldl	annotated_credset_394.txt	ENSG00000174292	TNK1	0	-0.8585221943265193	0.2948226140563861	0.2205966997492181	0.7096823246577924
ldl	annotated_credset_394.txt	ENSG00000187838	TMEM256-PLSCR3	0	-0.8645699710567702	0.0737502200118242	0.1346779327114457	0.6967955466322644
ldl	annotated_credset_394.txt	ENSG00000262481	C17orf61-PLSCR3	0	-0.8645699710567702	0.0737502200118242	0.1346779327114457	0.6967857340089446
ldl	annotated_credset_394.txt	ENSG00000205544	TMEM256	0	-0.8049062333086244	0.3533570419579472	0.2087006329697002	0.6782244560979237
ldl	annotated_credset_394.txt	ENSG00000169992	NLGN2	0	-0.5114146305211658	0.7974537298209667	0.3102407233102426	0.6755624315716018
ldl	annotated_credset_394.txt	ENSG00000181323	SPEM1	0	-0.5585206340927709	0.2909300971662477	0.1154086848102209	0.6538541051815957
ldl	annotated_credset_394.txt	ENSG00000184560	C17orf74	0	-0.6679327413360938	1.0	0.087278444818509	0.6464876286751071
ldl	annotated_credset_394.txt	ENSG00000181284	TMEM102	0	-0.791437543986026	0.240993054395949	0.2518330704375291	0.6327107055341424
ldl	annotated_credset_394.txt	ENSG00000161958	FGF11	0	-0.6846239846601191	0.7321045766972502	0.2817014534326045	0.6287436021062903
ldl	annotated_credset_394.txt	ENSG00000170175	CHRNB1	0	-0.7816736727933091	0.4517530993460572	0.1412726027170668	0.619228161092771
ldl	annotated_credset_394.txt	ENSG00000174282	ZBTB4	0	-0.7835517716990203	0.4496545250226781	0.3005485790160568	0.5991753644371441
ldl	annotated_credset_394.txt	ENSG00000259224	SLC35G6	0	-0.888349901349196	0.2880868674377987	0.0947436519605785	0.568285226226491
ldl	annotated_credset_394.txt	ENSG00000181222	POLR2A	0	-0.7299513115918768	0.4885345632934528	0.4043625248956273	0.5641302811522318
ldl	annotated_credset_394.txt	ENSG00000239697	TNFSF12	0	-0.675217683212985	0.8610315056932291	0.3614364405889577	0.473681724800536
ldl	annotated_credset_394.txt	ENSG00000248871	TNFSF12-TNFSF13	0	-0.9061912984569778	0.0737502200118242	0.1346779327114457	0.4733901497076055
ldl	annotated_credset_394.txt	ENSG00000161955	TNFSF13	0	-0.7146655098183815	0.6903813086980264	0.172236908593985	0.4605033716820776
ldl	annotated_credset_394.txt	ENSG00000161956	SENP3	0	-0.6625432834579374	0.9181781667035231	0.2278744887562793	0.455480710345684
ldl	annotated_credset_394.txt	ENSG00000161960	EIF4A1	0	-0.6615332345100923	0.8142310417503463	0.2853280983859785	0.4402963766599971
ldl	annotated_credset_394.txt	ENSG00000129226	CD68	0	-0.8144978380956536	0.9875100979785992	0.2425793855233276	0.4308187843364255
ldl	annotated_credset_394.txt	ENSG00000129255	MPDU1	0	-0.6589635430367519	0.9393105844867968	0.3002574250277276	0.4251246592042929
ldl	annotated_credset_394.txt	ENSG00000129194	SOX15	0	-0.6992651769606565	0.7227625361609178	0.2362778926077748	0.4186076755166306
ldl	annotated_credset_394.txt	ENSG00000129245	FXR2	0	-0.7790658731312652	0.7630529066382644	0.2964074735102707	0.4143293717492086
ldl	annotated_credset_394.txt	ENSG00000268503	AC007421.1	0	-0.9061912984569778	0.0737502200118242	0.1346779327114457	0.3824860072732058
ldl	annotated_credset_394.txt	ENSG00000129214	SHBG	0	-0.699039239506449	0.9364786374160006	0.2930869128256381	0.3823205944801011
ldl	annotated_credset_394.txt	ENSG00000141504	SAT2	0	-0.8102947959392812	0.4865149675736419	0.326470937746839	0.3652606479370058
ldl	annotated_credset_394.txt	ENSG00000129244	ATP1B2	0	-0.7515952800108869	0.8958836351820344	0.3045011970969136	0.3366736725998371
ldl	annotated_credset_394.txt	ENSG00000141510	TP53	0	-0.3991488537371086	0.9074145113029664	1.0	0.3154335485225175
ldl	annotated_credset_394.txt	ENSG00000141499	WRAP53	0	-0.8424362049056585	0.4992869360363571	0.188802165910886	0.2813809419962339
ldl	annotated_credset_394.txt	ENSG00000108947	EFNB3	0	-0.7409373799642529	0.8360855496233849	0.3258169971901816	0.2545630424632876
ldl	annotated_credset_394.txt	ENSG00000183914	DNAH2	0	-0.7945840194369217	0.8393011070543688	0.2824070228407913	0.2375283283801574
ldl	annotated_credset_394.txt	ENSG00000132510	KDM6B	0	-0.6985600110137401	0.196088076938699	0.5499405075979211	0.0657373301175174
ldl	annotated_credset_394.txt	ENSG00000167874	TMEM88	0	-0.8368514768532888	0.1897472233379517	0.2733575759188238	0.0444845898102151
ldl	annotated_credset_394.txt	ENSG00000183011	LSMD1	0	-0.8684084260924692	0.1988184800906223	0.2079143279226408	0.0422136684133528
ldl	annotated_credset_394.txt	ENSG00000182224	CYB5D1	0	-0.8566769043956417	0.1490111878833283	0.2337067208341179	0.0407263550787411
ldl	annotated_credset_396.txt	ENSG00000215067	AC027763.2	0	-0.6514607780289805	0.1789925294770634	0.1092312690185091	0.172805363014367
ldl	annotated_credset_396.txt	ENSG00000108839	ALOX12	0	-0.6307667778262013	0.3701859130139109	0.1506192694240676	0.1705345521762782
ldl	annotated_credset_396.txt	ENSG00000219200	RNASEK	0	-0.552601914465368	0.1748652405668397	0.2512588268113224	0.1758786302552521
ldl	annotated_credset_396.txt	ENSG00000269871	AC040977.1	0	-0.6514607780289805	0.1789925294770634	0.1092312690185091	0.1757434797032022
ldl	annotated_credset_396.txt	ENSG00000161939	RNASEK-C17orf49	0	-0.6514607780289805	0.1789925294770634	0.1092312690185091	0.1800851911878058
ldl	annotated_credset_396.txt	ENSG00000258315	C17orf49	0	-0.6453884349311063	0.1649135439480764	0.1213759552142574	0.1800922302790584
ldl	annotated_credset_396.txt	ENSG00000161940	BCL6B	0	-0.6323035400708048	0.3516546158231076	0.1475457449348605	0.198063030246946
ldl	annotated_credset_396.txt	ENSG00000174327	SLC16A13	0	-0.5602172593485875	0.2007740541837928	0.1772699974345929	0.211903291467808
ldl	annotated_credset_396.txt	ENSG00000174326	SLC16A11	0	-0.5764200433714888	0.2940605842408969	0.2593127383334924	0.217255816456285
ldl	annotated_credset_396.txt	ENSG00000132514	CLEC10A	0	-0.5900086334478785	0.4240996869780885	0.1764453888463016	0.2684778756832041
ldl	annotated_credset_396.txt	ENSG00000161944	ASGR2	0	-0.3458429033809436	0.6571660016201133	0.4535605184519118	0.3183047870238579
ldl	annotated_credset_396.txt	ENSG00000141505	ASGR1	1	-0.3613286968645581	0.9345554188793216	0.425629245205386	0.4082136917750661
ldl	annotated_credset_396.txt	ENSG00000132535	DLG4	0	-0.3524635556461788	0.956726970887962	0.4433595276421445	0.4647207007144373
ldl	annotated_credset_396.txt	ENSG00000072778	ACADVL	0	-0.3923021574544096	0.7523826667866752	0.3608778062797113	0.4725636561880841
ldl	annotated_credset_396.txt	ENSG00000004975	DVL2	0	-0.435960927787824	0.8671006970487936	0.342721203875822	0.4856169470069054
ldl	annotated_credset_396.txt	ENSG00000040633	PHF23	0	-0.3047058391712847	0.6744372106047424	0.2831076151634659	0.4929052220898474
ldl	annotated_credset_396.txt	ENSG00000170296	GABARAP	0	-0.2533708737831484	0.9804486314041982	0.5563801059830737	0.4971962521174323
ldl	annotated_credset_396.txt	ENSG00000262526	CTD-2545G14.7	0	-0.6514607780289805	0.1789925294770634	0.1092312690185091	0.499821833154652
ldl	annotated_credset_396.txt	ENSG00000175826	CTDNEP1	0	-0.2196495401801006	1.0	0.301667059154135	0.5108816533307371
ldl	annotated_credset_396.txt	ENSG00000262302	RP1-4G17.5	0	-0.6500513665986216	0.1789925294770634	0.1092312690185091	0.5243938928992279
ldl	annotated_credset_396.txt	ENSG00000170291	ELP5	0	-0.4145191437025277	0.8799915994119589	0.2038001150639926	0.5213684914788604
ldl	annotated_credset_396.txt	ENSG00000181885	CLDN7	0	-0.5183610057679011	0.7299810986769074	0.1845158250229064	0.5270603006657127
ldl	annotated_credset_396.txt	ENSG00000181856	SLC2A4	0	-0.3922868868646691	0.8525196763773464	0.4285488904432011	0.5612336808788349
ldl	annotated_credset_396.txt	ENSG00000006047	YBX2	0	-0.4804510646392783	0.8723610652745694	0.2522205348939825	0.5701845893156409
ldl	annotated_credset_396.txt	ENSG00000132507	EIF5A	0	-0.3617404277763121	0.9194943646055224	0.4071434966234551	0.5953000669049174
ldl	annotated_credset_396.txt	ENSG00000132522	GPS2	0	-0.3909800154738354	0.6976888382186753	0.3224707024539944	0.5996769738457841
ldl	annotated_credset_396.txt	ENSG00000261915	RP11-542C16.2	0	-0.6488742940735972	0.1789925294770634	0.1092312690185091	0.6047591977301612
ldl	annotated_credset_396.txt	ENSG00000215041	NEURL4	0	-0.4294313450509721	0.5952116648165372	0.2167048516951067	0.619145692432225
ldl	annotated_credset_396.txt	ENSG00000072818	ACAP1	0	-0.3255286293288413	0.729001030072105	0.2144022413760629	0.6502373584949588
ldl	annotated_credset_396.txt	ENSG00000213859	KCTD11	0	-0.5639895707075642	0.4101887132099246	0.1744209094227554	0.6551098174600084
ldl	annotated_credset_396.txt	ENSG00000182896	TMEM95	0	-0.5590791872687093	0.7310011700819057	0.0984061002430309	0.6583196430711941
ldl	annotated_credset_396.txt	ENSG00000174292	TNK1	0	-0.6022320061793445	0.3749462462372366	0.1976766629069901	0.7041511662168721
ldl	annotated_credset_396.txt	ENSG00000187838	TMEM256-PLSCR3	0	-0.5687464587998545	0.1789925294770634	0.1092312690185091	0.7243153470190699
ldl	annotated_credset_396.txt	ENSG00000262481	C17orf61-PLSCR3	0	-0.6427279823136485	0.1789925294770634	0.1092312690185091	0.7243153470190699
ldl	annotated_credset_396.txt	ENSG00000205544	TMEM256	0	-0.6046282335233053	0.4268298780914665	0.1854307665991955	0.7243716597490907
ldl	annotated_credset_396.txt	ENSG00000169992	NLGN2	0	-0.5063898580661743	0.8204674327202904	0.2899568625299368	0.7465067861020164
ldl	annotated_credset_396.txt	ENSG00000181323	SPEM1	0	-0.6526459331835054	0.3714960047203304	0.0893953672787953	0.7490014400419378
ldl	annotated_credset_396.txt	ENSG00000184560	C17orf74	0	-0.6007413065842296	1.0	0.0604378968445343	0.7573582491770244
ldl	annotated_credset_396.txt	ENSG00000181284	TMEM102	0	-0.522529317890077	0.3272329063034412	0.2298316065173855	0.771592699508032
ldl	annotated_credset_396.txt	ENSG00000161958	FGF11	0	-0.4557375305947091	0.7625433780364625	0.2605783338028234	0.781810644370306
ldl	annotated_credset_396.txt	ENSG00000170175	CHRNB1	0	-0.62111659526386	0.5140459832188253	0.1160198695341018	0.7997884834294462
ldl	annotated_credset_396.txt	ENSG00000174282	ZBTB4	0	-0.4974552712454634	0.5121858530097108	0.2799796998066124	0.8371745048902549
ldl	annotated_credset_396.txt	ENSG00000259224	SLC35G6	0	-0.6033838038884514	0.3689758283079815	0.0681226345206367	0.8354865308078815
ldl	annotated_credset_396.txt	ENSG00000181222	POLR2A	0	-0.4409490038380415	0.5466482653785765	0.3868465189079555	0.879903196611787
ldl	annotated_credset_396.txt	ENSG00000239697	TNFSF12	0	-0.1057915689519164	0.8768213774964247	0.3426581004111627	0.946059391840222
ldl	annotated_credset_396.txt	ENSG00000248871	TNFSF12-TNFSF13	0	-0.5995083563637889	0.1789925294770634	0.1092312690185091	0.9460495371124684
ldl	annotated_credset_396.txt	ENSG00000161955	TNFSF13	0	-0.0771728409596304	0.7255607892552479	0.1478947476799142	0.946059391840222
ldl	annotated_credset_396.txt	ENSG00000161956	SENP3	0	-0.0503262644034749	0.9274749232446272	0.2051684710131726	0.9606472045521102
ldl	annotated_credset_396.txt	ENSG00000161960	EIF4A1	0	-0.1947610287572956	0.8353384736931585	0.2643116280812879	0.9705526137627688
ldl	annotated_credset_396.txt	ENSG00000129226	CD68	0	0.0156895211731837	0.9889292250457532	0.2203057970187851	0.9749252972488838
ldl	annotated_credset_396.txt	ENSG00000129255	MPDU1	0	-0.1406003675495928	0.9462062344364104	0.27967998380663	0.9899579805279362
ldl	annotated_credset_396.txt	ENSG00000129194	SOX15	0	-0.0463622065081057	0.7542627983958877	0.2138189950985887	0.9862709045298244
ldl	annotated_credset_396.txt	ENSG00000129245	FXR2	0	-0.0868501780002291	0.789975298270879	0.275716816152428	1.0
ldl	annotated_credset_396.txt	ENSG00000268503	AC007421.1	0	-0.6269580238175547	0.1789925294770634	0.1092312690185091	0.9802568087458124
ldl	annotated_credset_396.txt	ENSG00000129214	SHBG	0	-0.2146157151946974	0.9436960587241108	0.2722986072114893	0.9800906861922511
ldl	annotated_credset_396.txt	ENSG00000141504	SAT2	0	-0.2094877582647445	0.5448581400698049	0.3066643614644617	0.9629575380834228
ldl	annotated_credset_396.txt	ENSG00000129244	ATP1B2	0	-0.4885061097302881	0.9077135399477962	0.284048553156177	0.9342479005005688
ldl	annotated_credset_396.txt	ENSG00000141510	TP53	0	-0.0156895211731837	0.9179342553978778	1.0	0.91291663836869
ldl	annotated_credset_396.txt	ENSG00000141499	WRAP53	0	-0.4700178843384197	0.5561789325252767	0.1649471421540253	0.8787179174270586
ldl	annotated_credset_396.txt	ENSG00000108947	EFNB3	0	-0.4942531787252253	0.8547098296880782	0.3059911903738223	0.8517849464763608
ldl	annotated_credset_396.txt	ENSG00000183914	DNAH2	0	-0.5180127734798678	0.8575600292020441	0.2613046520028426	0.8346771390960419
ldl	annotated_credset_396.txt	ENSG00000132510	KDM6B	0	-0.3202036695762178	0.2874301201084076	0.53670553650692	0.6621490124948178
ldl	annotated_credset_396.txt	ENSG00000167874	TMEM88	0	-0.5774953853050491	0.2818097266808676	0.2519890865556051	0.6408050799986844
ldl	annotated_credset_396.txt	ENSG00000183011	LSMD1	0	-0.5891335277610934	0.2898502895202664	0.1846213385545274	0.638524414432842
ldl	annotated_credset_396.txt	ENSG00000182224	CYB5D1	0	-0.5979038223490778	0.2457021991539408	0.2111722124675478	0.6370307192690403
ldl	annotated_credset_396.txt	ENSG00000170004	CHD3	0	-0.5785547841350247	0.3188423189623274	0.2498702888956539	0.5989351574099695
ldl	annotated_credset_396.txt	ENSG00000170049	KCNAB3	0	-0.6710413450340208	0.0	0.0672513121477107	0.5467712677734525
ldl	annotated_credset_396.txt	ENSG00000262730	RP11-1099M24.7	0	-0.6500513665986216	0.1789925294770634	0.1092312690185091	0.5410386318573351
ldl	annotated_credset_396.txt	ENSG00000170043	TRAPPC1	0	-0.6055478352938735	0.1842054943846069	0.149847943139236	0.53482452209954
ldl	annotated_credset_396.txt	ENSG00000170037	CNTROB	0	-0.6240505331280821	0.1364205494384607	0.161232935959588	0.5323523932516269
ldl	annotated_credset_396.txt	ENSG00000132518	GUCY2D	0	-0.6762051549595484	0.4040282819797386	0.0597425151573733	0.4331110613177216
ldl	annotated_credset_396.txt	ENSG00000179593	ALOX15B	0	-0.6658515504620699	0.4031482203754263	0.0804497241523304	0.3818340971790322
ldl	annotated_credset_396.txt	ENSG00000179477	ALOX12B	0	-0.6654822926559336	0.3375536287540128	0.0811882397646028	0.3345046554148009
ldl	annotated_credset_396.txt	ENSG00000214999	AC129492.6	0	-0.6514607780289805	0.1789925294770634	0.1092312690185091	0.324866731671741
ldl	annotated_credset_396.txt	ENSG00000179148	ALOXE3	0	-0.648852258065884	0.2353164721530507	0.0	0.3017531716347039
ldl	annotated_credset_396.txt	ENSG00000179111	HES7	0	-0.5679166338222184	0.3599451961637314	0.2763195574320333	0.2669941390293655
ldl	annotated_credset_396.txt	ENSG00000179094	PER1	0	-0.4801392590018083	0.5669796885782005	0.2946990045673603	0.2390038965725272
ldl	annotated_credset_396.txt	ENSG00000263620	RP11-599B13.6	0	-0.6514607780289805	0.1789925294770634	0.1092312690185091	0.2244414245891485
ldl	annotated_credset_396.txt	ENSG00000220205	VAMP2	0	-0.5431557573095602	0.4746732271258987	0.3258413104573495	0.2127100751075654
ldl	annotated_credset_396.txt	ENSG00000179029	TMEM107	0	-0.5104895286341411	0.5649095436680568	0.2449257848293673	0.1928767315942399
ldl	annotated_credset_396.txt	ENSG00000196544	C17orf59	0	-0.5712661762330775	0.335423479643575	0.2139303032759035	0.1716228994661397
ldl	annotated_credset_396.txt	ENSG00000178999	AURKB	0	-0.6120603968952912	0.5111657816047124	0.1880320312858876	0.1485290488846099
ldl	annotated_credset_396.txt	ENSG00000178971	CTC1	0	-0.5808543082804718	0.5408978628503995	0.2504442085155264	0.11736699190935
ldl	annotated_credset_396.txt	ENSG00000178921	PFAS	0	-0.5687814684858497	0.6085425979818588	0.2647011199086649	0.0881618023023129
ldl	annotated_credset_396.txt	ENSG00000125434	SLC25A35	0	-0.5121900888726163	0.617933255327873	0.2503130115966792	0.0316449386351882
ldl	annotated_credset_396.txt	ENSG00000108961	RANGRF	0	-0.5720775479051692	0.358545098156871	0.2123075599317202	0.0306116000393065
ldl	annotated_credset_396.txt	ENSG00000198844	ARHGEF15	0	-0.5431891650783389	0.7994859640174813	0.2139006297922287	0.0
ldl	annotated_credset_397.txt	ENSG00000215067	AC027763.2	0	-0.7498795299361095	0.1789925294770634	0.1092312690185091	0.1811819635771792
ldl	annotated_credset_397.txt	ENSG00000108839	ALOX12	0	-0.7016343555695119	0.3701859130139109	0.1506192694240676	0.1789720030850488
ldl	annotated_credset_397.txt	ENSG00000219200	RNASEK	0	-0.6025201881048273	0.1748652405668397	0.2512588268113224	0.1841728772500377
ldl	annotated_credset_397.txt	ENSG00000269871	AC040977.1	0	-0.7498795299361095	0.1789925294770634	0.1092312690185091	0.1840413482932835
ldl	annotated_credset_397.txt	ENSG00000161939	RNASEK-C17orf49	0	-0.7498795299361095	0.1789925294770634	0.1092312690185091	0.188266716029012
ldl	annotated_credset_397.txt	ENSG00000258315	C17orf49	0	-0.716256012674417	0.1649135439480764	0.1213759552142574	0.1882735664955096
ldl	annotated_credset_397.txt	ENSG00000161940	BCL6B	0	-0.7265684442835368	0.3516546158231076	0.1475457449348605	0.2057628074639192
ldl	annotated_credset_397.txt	ENSG00000174327	SLC16A13	0	-0.6499180570969335	0.2007740541837928	0.1772699974345929	0.2192321946915287
ldl	annotated_credset_397.txt	ENSG00000174326	SLC16A11	0	-0.6472876211147994	0.2940605842408969	0.2593127383334924	0.2244412894163147
ldl	annotated_credset_397.txt	ENSG00000132514	CLEC10A	0	-0.7121186223278163	0.4240996869780885	0.1764453888463016	0.2742907640261553
ldl	annotated_credset_397.txt	ENSG00000161944	ASGR2	0	-0.4456726164391956	0.6571660016201133	0.4535605184519118	0.3227824761761687
ldl	annotated_credset_397.txt	ENSG00000141505	ASGR1	1	-0.4510983379776198	0.9345554188793216	0.425629245205386	0.4102821146568981
ldl	annotated_credset_397.txt	ENSG00000132535	DLG4	0	-0.489775172734277	0.956726970887962	0.4433595276421445	0.4652749195131476
ldl	annotated_credset_397.txt	ENSG00000072778	ACADVL	0	-0.4620973284289215	0.7523826667866752	0.3608778062797113	0.4729077092847896
ldl	annotated_credset_397.txt	ENSG00000004975	DVL2	0	-0.5030053444059516	0.8671006970487936	0.342721203875822	0.4856112143579658
ldl	annotated_credset_397.txt	ENSG00000040633	PHF23	0	-0.4672683679720294	0.6744372106047424	0.2831076151634659	0.4927041873695957
ldl	annotated_credset_397.txt	ENSG00000170296	GABARAP	0	-0.3733681760290225	0.9804486314041982	0.5563801059830737	0.4968802317465415
ldl	annotated_credset_397.txt	ENSG00000262526	CTD-2545G14.7	0	-0.7498795299361095	0.1789925294770634	0.1092312690185091	0.4994354557501517
ldl	annotated_credset_397.txt	ENSG00000175826	CTDNEP1	0	-0.4178424143253888	1.0	0.301667059154135	0.5101989087112034
ldl	annotated_credset_397.txt	ENSG00000262302	RP1-4G17.5	0	-0.7457256822417125	0.1789925294770634	0.1092312690185091	0.523349064200024
ldl	annotated_credset_397.txt	ENSG00000170291	ELP5	0	-0.4932535808818735	0.8799915994119589	0.2038001150639926	0.5204047336993494
ldl	annotated_credset_397.txt	ENSG00000181885	CLDN7	0	-0.5862169396246456	0.7299810986769074	0.1845158250229064	0.5259440209093205
ldl	annotated_credset_397.txt	ENSG00000181856	SLC2A4	0	-0.4262614544685145	0.8525196763773464	0.4285488904432011	0.5592016656619389
ldl	annotated_credset_397.txt	ENSG00000006047	YBX2	0	-0.5474828450727135	0.8723610652745694	0.2522205348939825	0.5679127188603054
ldl	annotated_credset_397.txt	ENSG00000132507	EIF5A	0	-0.4612475604970397	0.9194943646055224	0.4071434966234551	0.5923551833237937
ldl	annotated_credset_397.txt	ENSG00000132522	GPS2	0	-0.4902303713848707	0.6976888382186753	0.3224707024539944	0.5966148033920102
ldl	annotated_credset_397.txt	ENSG00000261915	RP11-542C16.2	0	-0.7431558875868663	0.1789925294770634	0.1092312690185091	0.6015608402032878
ldl	annotated_credset_397.txt	ENSG00000215041	NEURL4	0	-0.5402457173041705	0.5952116648165372	0.2167048516951067	0.6155618236311122
ldl	annotated_credset_397.txt	ENSG00000072818	ACAP1	0	-0.4385591022747886	0.729001030072105	0.2144022413760629	0.6458203341510751
ldl	annotated_credset_397.txt	ENSG00000213859	KCTD11	0	-0.6546356981220479	0.4101887132099246	0.1744209094227554	0.6505622270607238
ldl	annotated_credset_397.txt	ENSG00000182896	TMEM95	0	-0.6590779390995444	0.7310011700819057	0.0984061002430309	0.6536860397836359
ldl	annotated_credset_397.txt	ENSG00000174292	TNK1	0	-0.6804758971321888	0.3749462462372366	0.1976766629069901	0.6982894271496034
ldl	annotated_credset_397.txt	ENSG00000187838	TMEM256-PLSCR3	0	-0.6809437780211315	0.1789925294770634	0.1092312690185091	0.7179132734786697
ldl	annotated_credset_397.txt	ENSG00000262481	C17orf61-PLSCR3	0	-0.7246985940764293	0.1789925294770634	0.1092312690185091	0.7179132734786697
ldl	annotated_credset_397.txt	ENSG00000205544	TMEM256	0	-0.6865988452860862	0.4268298780914665	0.1854307665991955	0.7179680772106506
ldl	annotated_credset_397.txt	ENSG00000169992	NLGN2	0	-0.5226144008744874	0.8204674327202904	0.2899568625299368	0.7395100541590489
ldl	annotated_credset_397.txt	ENSG00000181323	SPEM1	0	-0.7346165449462863	0.3714960047203304	0.0893953672787953	0.7419378594858035
ldl	annotated_credset_397.txt	ENSG00000184560	C17orf74	0	-0.7009055209089612	1.0	0.0604378968445343	0.7500707333117713
ldl	annotated_credset_397.txt	ENSG00000181284	TMEM102	0	-0.5885401899677992	0.3272329063034412	0.2298316065173855	0.7639237466632471
ldl	annotated_credset_397.txt	ENSG00000161958	FGF11	0	-0.4445712357336496	0.7625433780364625	0.2605783338028234	0.7738678838311842
ldl	annotated_credset_397.txt	ENSG00000170175	CHRNB1	0	-0.682677801795165	0.5140459832188253	0.1160198695341018	0.7913639752660915
ldl	annotated_credset_397.txt	ENSG00000174282	ZBTB4	0	-0.6006978866589096	0.5121858530097108	0.2799796998066124	0.8277481729282211
ldl	annotated_credset_397.txt	ENSG00000259224	SLC35G6	0	-0.6908690373858514	0.3689758283079815	0.0681226345206367	0.8261054310620932
ldl	annotated_credset_397.txt	ENSG00000181222	POLR2A	0	-0.5519901121599654	0.5466482653785765	0.3868465189079555	0.8693318746620402
ldl	annotated_credset_397.txt	ENSG00000239697	TNFSF12	0	-0.4146203197527832	0.8768213774964247	0.3426581004111627	0.9337152989932196
ldl	annotated_credset_397.txt	ENSG00000248871	TNFSF12-TNFSF13	0	-0.724125495416914	0.1789925294770634	0.1092312690185091	0.9337057083401228
ldl	annotated_credset_397.txt	ENSG00000161955	TNFSF13	0	-0.3893438626116324	0.7255607892552479	0.1478947476799142	0.9337152989932196
ldl	annotated_credset_397.txt	ENSG00000161956	SENP3	0	-0.3085224191884116	0.9274749232446272	0.2051684710131726	0.9479122057628756
ldl	annotated_credset_397.txt	ENSG00000161960	EIF4A1	0	-0.2601040903949544	0.8353384736931585	0.2643116280812879	0.9575521822183186
ldl	annotated_credset_397.txt	ENSG00000129226	CD68	0	-0.1776471241436742	0.9889292250457532	0.2203057970187851	0.9618076920066368
ldl	annotated_credset_397.txt	ENSG00000129255	MPDU1	0	-0.1302470800432696	0.9462062344364104	0.27967998380663	0.976437548258942
ldl	annotated_credset_397.txt	ENSG00000129194	SOX15	0	-0.2255583651077396	0.7542627983958877	0.2138189950985887	0.9728492739074917
ldl	annotated_credset_397.txt	ENSG00000129245	FXR2	0	-0.0457747492280368	0.789975298270879	0.275716816152428	1.0
ldl	annotated_credset_397.txt	ENSG00000268503	AC007421.1	0	-0.7041308789084301	0.1789925294770634	0.1092312690185091	0.9945753878030524
ldl	annotated_credset_397.txt	ENSG00000129214	SHBG	0	-0.1929762882001541	0.9436960587241108	0.2722986072114893	0.9944137167937086
ldl	annotated_credset_397.txt	ENSG00000141504	SAT2	0	-0.3398417251682114	0.5448581400698049	0.3066643614644617	0.9777396813385152
ldl	annotated_credset_397.txt	ENSG00000129244	ATP1B2	0	-0.1765375840342676	0.9077135399477962	0.284048553156177	0.949799368681345
ldl	annotated_credset_397.txt	ENSG00000141510	TP53	0	0.0457747492280368	0.9179342553978778	1.0	0.9290397150069742
ldl	annotated_credset_397.txt	ENSG00000141499	WRAP53	0	-0.4176159041288495	0.5561789325252767	0.1649471421540253	0.8957574085749643
ldl	annotated_credset_397.txt	ENSG00000108947	EFNB3	0	-0.5129464267108456	0.8547098296880782	0.3059911903738223	0.8695461536617921
ldl	annotated_credset_397.txt	ENSG00000183914	DNAH2	0	-0.5352896958963352	0.8575600292020441	0.2613046520028426	0.85289677988599
ldl	annotated_credset_397.txt	ENSG00000132510	KDM6B	0	-0.4582466356557101	0.2874301201084076	0.53670553650692	0.6849918460294607
ldl	annotated_credset_397.txt	ENSG00000167874	TMEM88	0	-0.6699073003210038	0.2818097266808676	0.2519890865556051	0.6642198615153942
ldl	annotated_credset_397.txt	ENSG00000183011	LSMD1	0	-0.6875459019712314	0.2898502895202664	0.1846213385545274	0.6620003103701672
ldl	annotated_credset_397.txt	ENSG00000182224	CYB5D1	0	-0.6910739084465755	0.2457021991539408	0.2111722124675478	0.6605466413793734
ldl	annotated_credset_397.txt	ENSG00000170004	CHD3	0	-0.6728363776482938	0.3188423189623274	0.2498702888956539	0.6234719166942841
ldl	annotated_credset_397.txt	ENSG00000170049	KCNAB3	0	-0.7455351501561767	0.0	0.0672513121477107	0.5727058496670628
ldl	annotated_credset_397.txt	ENSG00000262730	RP11-1099M24.7	0	-0.7443253307173595	0.1789925294770634	0.1092312690185091	0.5671268297514056
ldl	annotated_credset_397.txt	ENSG00000170043	TRAPPC1	0	-0.7042368346604141	0.1842054943846069	0.149847943139236	0.5610792379273116
ldl	annotated_credset_397.txt	ENSG00000170037	CNTROB	0	-0.7224840669871154	0.1364205494384607	0.161232935959588	0.5586733540933494
ldl	annotated_credset_397.txt	ENSG00000132518	GUCY2D	0	-0.7746239068666774	0.4040282819797386	0.0597425151573733	0.4620913671300828
ldl	annotated_credset_397.txt	ENSG00000179593	ALOX15B	0	-0.740363058163724	0.4031482203754263	0.0804497241523304	0.4121884588815608
ldl	annotated_credset_397.txt	ENSG00000179477	ALOX12B	0	-0.7639010445630626	0.3375536287540128	0.0811882397646028	0.366127292244901
ldl	annotated_credset_397.txt	ENSG00000214999	AC129492.6	0	-0.7498795299361095	0.1789925294770634	0.1092312690185091	0.3567476335163673
ldl	annotated_credset_397.txt	ENSG00000179148	ALOXE3	0	-0.7423278179678555	0.2353164721530507	0.0	0.3342534417248007
ldl	annotated_credset_397.txt	ENSG00000179111	HES7	0	-0.6424281415238725	0.3599451961637314	0.2763195574320333	0.3004258381595807
ldl	annotated_credset_397.txt	ENSG00000179094	PER1	0	-0.5881684254139422	0.5669796885782005	0.2946990045673603	0.2731856431784667
ldl	annotated_credset_397.txt	ENSG00000263620	RP11-599B13.6	0	-0.7223283557722912	0.1789925294770634	0.1092312690185091	0.259013398088202
ldl	annotated_credset_397.txt	ENSG00000220205	VAMP2	0	-0.6140233350528709	0.4746732271258987	0.3258413104573495	0.2475964106232778
ldl	annotated_credset_397.txt	ENSG00000179029	TMEM107	0	-0.5886484829681805	0.5649095436680568	0.2449257848293673	0.2282945362195994
ldl	annotated_credset_397.txt	ENSG00000196544	C17orf59	0	-0.6933761651130154	0.335423479643575	0.2139303032759035	0.2076102376767025
ldl	annotated_credset_397.txt	ENSG00000178999	AURKB	0	-0.6829279746386018	0.5111657816047124	0.1880320312858876	0.1851352271913291
ldl	annotated_credset_397.txt	ENSG00000178971	CTC1	0	-0.6517218860237824	0.5408978628503995	0.2504442085155264	0.15480821200639
ldl	annotated_credset_397.txt	ENSG00000178921	PFAS	0	-0.6144703157413368	0.6085425979818588	0.2647011199086649	0.1263856265077879
ldl	annotated_credset_397.txt	ENSG00000125434	SLC25A35	0	-0.6388723500532744	0.617933255327873	0.2503130115966792	0.0713832309984417
ldl	annotated_credset_397.txt	ENSG00000108961	RANGRF	0	-0.6707902103156856	0.358545098156871	0.2123075599317202	0.0703775825165919
ldl	annotated_credset_397.txt	ENSG00000198844	ARHGEF15	0	-0.6463622218713322	0.7994859640174813	0.2139006297922287	0.0405862738117663
ldl	annotated_credset_397.txt	ENSG00000184650	ODF4	0	-0.7120907577100286	0.7379016531157182	0.0745950569093917	0.0
ldl	annotated_credset_486.txt	ENSG00000125851	PCSK2	0	-0.8454412165724564	0.5390983695455697	0.0242817978517217	0.6058427997800389
ldl	annotated_credset_486.txt	ENSG00000125864	BFSP1	0	-0.6468159544965816	0.5542822023788004	0.0346987734576338	0.7386051677768313
ldl	annotated_credset_486.txt	ENSG00000125868	DSTN	0	-0.3897298046503438	0.4491642866611233	0.5799646705622191	0.8024422181194679
ldl	annotated_credset_486.txt	ENSG00000125844	RRBP1	1	0.2662423020927776	1.0	1.0	0.9159651635382416
ldl	annotated_credset_486.txt	ENSG00000125888	BANF2	0	-0.3885326229006894	0.7437065423038455	0.0256123127938273	1.0
ldl	annotated_credset_486.txt	ENSG00000089006	SNX5	0	-0.2662423020927776	0.3927310412976152	0.1580022309904616	0.8876171758691055
ldl	annotated_credset_486.txt	ENSG00000125850	OVOL2	0	-0.6660805957863888	0.4973307785932058	0.4467280340832808	0.8634902560831049
ldl	annotated_credset_486.txt	ENSG00000125871	MGME1	0	-0.6857949899591212	0.3927310412976152	0.2018841160762558	0.8447731494775695
ldl	annotated_credset_486.txt	ENSG00000232838	PET117	0	-0.8785744270961113	0.2689394213272598	0.0449411218147879	0.5797550442921292
ldl	annotated_credset_486.txt	ENSG00000149474	CSRP2BP	0	-0.7219785868864314	0.3992504488871214	0.2129736769060838	0.5793707577658277
ldl	annotated_credset_486.txt	ENSG00000125846	ZNF133	0	-0.8020186393905517	0.3752696335393996	0.2006905603850868	0.3435301952834937
ldl	annotated_credset_486.txt	ENSG00000089091	DZANK1	0	-0.9023639195830953	0.1333502042587036	0.0	0.1946936708722602
ldl	annotated_credset_486.txt	ENSG00000132664	POLR3F	0	-0.8743964405244687	0.1249304074328477	0.0559349581172526	0.0633147343701533
ldl	annotated_credset_486.txt	ENSG00000089050	RBBP9	0	-0.8382626088780278	0.1465155513779931	0.1282026214101345	0.0328651248391672
ldl	annotated_credset_486.txt	ENSG00000101310	SEC23B	0	-0.7905459829483606	0.0	0.2207537502759997	0.0
ldl	annotated_credset_65.txt	ENSG00000057935	MTA3	0	-0.7946056873184939	0.1359171890746972	0.2068650914147702	0.0
ldl	annotated_credset_65.txt	ENSG00000162881	OXER1	0	-0.8846095151742402	0.0057052081376083	0.0	0.0123214174896291
ldl	annotated_credset_65.txt	ENSG00000162882	HAAO	0	-0.7836505901875622	0.0	0.2019178499733561	0.0600504850745587
ldl	annotated_credset_65.txt	ENSG00000115970	THADA	0	0.3106875810530484	0.7003911654681175	0.3260601243469721	1.0
ldl	annotated_credset_65.txt	ENSG00000152518	ZFP36L2	0	-0.3106875810530484	0.5399620791554927	0.5600022382603891	0.791207172490667
ldl	annotated_credset_65.txt	ENSG00000152527	PLEKHH2	0	-0.6439767437025034	0.9469620620740312	0.308611629445549	0.5169740427183727
ldl	annotated_credset_65.txt	ENSG00000138036	DYNC2LI1	0	-0.3994628596680449	0.8125480416104403	0.2942390717393193	0.2865733065430066
ldl	annotated_credset_65.txt	ENSG00000138075	ABCG5	1	-0.3754048890908662	0.6552619442119468	1.0	0.2218277448286343
ldl	annotated_credset_65.txt	ENSG00000143921	ABCG8	0	-0.4424456671300119	1.0	0.8517076237236496	0.1771984049140518
ldl	annotated_credset_65.txt	ENSG00000138095	LRPPRC	0	-0.7568705502755264	0.7799566130878159	0.2331032998230623	0.0971041373276516
ldl	annotated_credset_66.txt	ENSG00000057935	MTA3	0	-0.8016501509296206	0.1359171890746972	0.2068650914147702	0.0
ldl	annotated_credset_66.txt	ENSG00000162881	OXER1	0	-0.7630299269760559	0.0057052081376083	0.0	0.0098824079619492
ldl	annotated_credset_66.txt	ENSG00000162882	HAAO	0	-0.7663293008632792	0.0	0.2019178499733561	0.0481635649728796
ldl	annotated_credset_66.txt	ENSG00000115970	THADA	0	0.3421866696021848	0.7003911654681175	0.3260601243469721	1.0
ldl	annotated_credset_66.txt	ENSG00000152518	ZFP36L2	0	-0.419644155708105	0.5399620791554927	0.5600022382603891	0.6345886800406119
ldl	annotated_credset_66.txt	ENSG00000152527	PLEKHH2	0	-0.582857246141526	0.9469620620740312	0.308611629445549	0.8105372177874007
ldl	annotated_credset_66.txt	ENSG00000138036	DYNC2LI1	0	-0.3421866696021848	0.8125480416104403	0.2942390717393193	0.6257440256457617
ldl	annotated_credset_66.txt	ENSG00000138075	ABCG5	1	-0.383005911072583	0.6552619442119468	1.0	0.5738147687136322
ldl	annotated_credset_66.txt	ENSG00000143921	ABCG8	0	-0.4496836074180794	1.0	0.8517076237236496	0.5380197520704878
ldl	annotated_credset_66.txt	ENSG00000138095	LRPPRC	0	-0.6531482156288253	0.7799566130878159	0.2331032998230623	0.4737800468280877
ldl	annotated_credset_66.txt	ENSG00000138032	PPM1B	0	-0.770315554870203	0.1143945475974924	0.1081516083627068	0.0934802891881929
ldl	annotated_credset_67.txt	ENSG00000115970	THADA	0	-0.5307181776270107	0.7120483312265034	0.3219903133095383	0.7656172063072222
ldl	annotated_credset_67.txt	ENSG00000152518	ZFP36L2	0	-0.5970923847552868	0.5578612118923711	0.5573451648153152	0.1702074994072989
ldl	annotated_credset_67.txt	ENSG00000152527	PLEKHH2	0	0.2279759656981006	0.9490256595472232	0.304436449843794	1.0
ldl	annotated_credset_67.txt	ENSG00000138036	DYNC2LI1	0	-0.3225153571245376	0.819841413163036	0.2899770986473701	0.9475172118473264
ldl	annotated_credset_67.txt	ENSG00000138075	ABCG5	1	-0.2279759656981006	0.6686749954853646	1.0	0.8855759843436255
ldl	annotated_credset_67.txt	ENSG00000143921	ABCG8	0	-0.258177801441201	1.0	0.8508121106793265	0.842879681712344
ldl	annotated_credset_67.txt	ENSG00000138095	LRPPRC	0	-0.7783420571754807	0.7885180503340833	0.2284721379528326	0.7662545491326349
ldl	annotated_credset_67.txt	ENSG00000138032	PPM1B	0	-0.8321819485982533	0.14885164086484	0.1027658839692867	0.3126329261935159
ldl	annotated_credset_67.txt	ENSG00000138079	SLC3A1	0	-0.8173972417629136	0.0614482951094183	0.2233784123021365	0.1393931456507452
ldl	annotated_credset_67.txt	ENSG00000138078	PREPL	0	-0.892399014194347	0.0	0.0	0.0736032555061149
ldl	annotated_credset_67.txt	ENSG00000143919	CAMKMT	0	-0.8254699360452704	0.3148917308292155	0.2055173636422084	0.0
ldl	annotated_credset_68.txt	ENSG00000115970	THADA	0	-1.1052560878348257	0.7120483312265034	0.3219903133095383	0.6039353329586791
ldl	annotated_credset_68.txt	ENSG00000152518	ZFP36L2	0	-1.1648925859176915	0.5578612118923711	0.5573451648153152	0.0
ldl	annotated_credset_68.txt	ENSG00000152527	PLEKHH2	0	-0.977253949667185	0.9490256595472232	0.304436449843794	0.8850150436651006
ldl	annotated_credset_68.txt	ENSG00000138036	DYNC2LI1	0	-0.7820056932890787	0.819841413163036	0.2899770986473701	0.9537119378498266
ldl	annotated_credset_68.txt	ENSG00000138075	ABCG5	1	0.0874863482075487	0.6686749954853646	1.0	1.0
ldl	annotated_credset_68.txt	ENSG00000143921	ABCG8	0	-0.0874863482075487	1.0	0.8508121106793265	0.998955651940894
ldl	annotated_credset_68.txt	ENSG00000138095	LRPPRC	0	-1.3000355026043957	0.7885180503340833	0.2284721379528326	0.9212333299477328
ldl	annotated_credset_68.txt	ENSG00000138032	PPM1B	0	-1.393222923438484	0.14885164086484	0.1027658839692867	0.461116333680757
ldl	annotated_credset_68.txt	ENSG00000138079	SLC3A1	0	-1.3336568893555247	0.0614482951094183	0.2233784123021365	0.2853959459690189
ldl	annotated_credset_68.txt	ENSG00000138078	PREPL	0	-1.407231011335298	0.0	0.0	0.2186640154187323
ldl	annotated_credset_68.txt	ENSG00000143919	CAMKMT	0	-1.3417786978651765	0.3148917308292155	0.2055173636422084	0.144006840525882
ldl	annotated_credset_69.txt	ENSG00000115970	THADA	0	-0.9979099107336904	0.7120483312265034	0.3219903133095383	0.5797067359081248
ldl	annotated_credset_69.txt	ENSG00000152518	ZFP36L2	0	-0.9614305812561316	0.5578612118923711	0.5573451648153152	0.0
ldl	annotated_credset_69.txt	ENSG00000152527	PLEKHH2	0	-1.0594641328108008	0.9490256595472232	0.304436449843794	0.8495101283100199
ldl	annotated_credset_69.txt	ENSG00000138036	DYNC2LI1	0	-1.021979894014634	0.819841413163036	0.2899770986473701	0.9154510496662108
ldl	annotated_credset_69.txt	ENSG00000138075	ABCG5	1	-0.2227073096675123	0.6686749954853646	1.0	0.9607292374617726
ldl	annotated_credset_69.txt	ENSG00000143921	ABCG8	0	0.2227073096675123	1.0	0.8508121106793265	1.0
ldl	annotated_credset_69.txt	ENSG00000138095	LRPPRC	0	-0.992787029436976	0.7885180503340833	0.2284721379528326	0.9645111471806136
ldl	annotated_credset_69.txt	ENSG00000138032	PPM1B	0	-1.1880345298456496	0.14885164086484	0.1027658839692867	0.5228530631353318
ldl	annotated_credset_69.txt	ENSG00000138079	SLC3A1	0	-1.1301699699524486	0.0614482951094183	0.2233784123021365	0.3541822024757327
ldl	annotated_credset_69.txt	ENSG00000138078	PREPL	0	-1.09376720422928	0.0	0.0	0.2901274146052553
ldl	annotated_credset_69.txt	ENSG00000143919	CAMKMT	0	-1.138302984135318	0.3148917308292155	0.2055173636422084	0.2184653262865754
ldl	annotated_credset_70.txt	ENSG00000152527	PLEKHH2	0	-0.6110743797782356	0.9620297884563954	0.4153006865249338	0.0
ldl	annotated_credset_70.txt	ENSG00000138036	DYNC2LI1	0	-0.6194882364790042	0.8658018996845355	0.4031459772737873	0.0629011495629266
ldl	annotated_credset_70.txt	ENSG00000138075	ABCG5	1	-0.3232214762564923	0.7531997393323578	1.0	0.1060920847802658
ldl	annotated_credset_70.txt	ENSG00000143921	ABCG8	0	-0.3781845568272627	1.0	0.8745908171223143	0.1653679200095797
ldl	annotated_credset_70.txt	ENSG00000138095	LRPPRC	0	-0.6453391513848606	0.8424694798374509	0.3514441474620745	0.3413034367141659
ldl	annotated_credset_70.txt	ENSG00000138032	PPM1B	0	-0.7188462301334171	0.3659891827086225	0.2457739173483843	0.7130837624236618
ldl	annotated_credset_70.txt	ENSG00000138079	SLC3A1	0	-0.6661898545263087	0.3008834157977847	0.3471622987505894	0.8285040713686984
ldl	annotated_credset_70.txt	ENSG00000138078	PREPL	0	-0.664594414432677	0.2551112735086665	0.1593876456813221	0.8889279726978805
ldl	annotated_credset_70.txt	ENSG00000143919	CAMKMT	0	0.3232214762564923	0.4896705738686925	0.3321480805859668	1.0
ldl	annotated_credset_70.txt	ENSG00000138083	SIX3	0	-0.8487372710105207	0.0	0.0	0.2430607112920608
ldl	annotated_credset_70.txt	ENSG00000170577	SIX2	0	-0.7693285608295697	0.1908370603449994	0.1588174203619018	0.1481648904322835
lowtsh	annotated_credset_112.txt	ENSG00000184156	KCNQ3	0	-0.9684783513071776	0.0	0.0	0.4137389181216462
lowtsh	annotated_credset_112.txt	ENSG00000129295	LRRC6	0	-0.6045772109577445	0.3191072400653238	0.0601151030407854	0.7307627785481612
lowtsh	annotated_credset_112.txt	ENSG00000165071	TMEM71	0	-0.3312891095857475	0.8119341736108203	0.3471490789933977	0.869405135125525
lowtsh	annotated_credset_112.txt	ENSG00000129292	PHF20L1	0	-0.3517089427114861	0.7832251580754575	0.196548889899513	1.0
lowtsh	annotated_credset_112.txt	ENSG00000042832	TG	1	0.1739206021306274	1.0	1.0	0.957544381150767
lowtsh	annotated_credset_112.txt	ENSG00000155926	SLA	0	-0.5656952657045569	0.107608559105565	0.3869060073258472	0.681025197925449
lowtsh	annotated_credset_112.txt	ENSG00000104415	WISP1	0	-0.1739206021306274	0.8005276160964784	0.3823844173441896	0.4296886918035454
lowtsh	annotated_credset_112.txt	ENSG00000104419	NDRG1	0	-0.5173527962442535	0.2454587328838826	0.3663879490388123	0.354549486051349
lowtsh	annotated_credset_112.txt	ENSG00000008513	ST3GAL1	0	-0.651135721152486	0.003880909509652	0.189096910013363	0.0
lowtsh	annotated_credset_113.txt	ENSG00000184156	KCNQ3	0	-0.9645836646082642	0.0	0.0	0.0
lowtsh	annotated_credset_113.txt	ENSG00000129295	LRRC6	0	-0.9357369218418388	0.3191072400653238	0.0601151030407854	0.2703942780534021
lowtsh	annotated_credset_113.txt	ENSG00000165071	TMEM71	0	-0.7027875751237723	0.8119341736108203	0.3471490789933977	0.3886443676962549
lowtsh	annotated_credset_113.txt	ENSG00000129292	PHF20L1	0	-0.7605035842062371	0.7832251580754575	0.196548889899513	0.5110259865519583
lowtsh	annotated_credset_113.txt	ENSG00000042832	TG	1	-0.0268062645914795	1.0	1.0	0.9084738178063284
lowtsh	annotated_credset_113.txt	ENSG00000155926	SLA	0	-0.6372848548235144	0.107608559105565	0.3869060073258472	0.8642286685460463
lowtsh	annotated_credset_113.txt	ENSG00000104415	WISP1	0	0.0268062645914795	0.8005276160964784	0.3823844173441896	1.0
lowtsh	annotated_credset_113.txt	ENSG00000104419	NDRG1	0	-0.763759530233969	0.2454587328838826	0.3663879490388123	0.9494552010199682
lowtsh	annotated_credset_113.txt	ENSG00000008513	ST3GAL1	0	-0.8663592719489948	0.003880909509652	0.189096910013363	0.6470547691216215
rbc	annotated_credset_1007.txt	ENSG00000141905	NFIC	0	-0.700215220666073	0.2096791471931943	0.5315287576907728	0.182509307689449
rbc	annotated_credset_1007.txt	ENSG00000095932	C19orf77	0	-0.8499562349804892	0.3506695373628105	0.2320467290619405	0.1980729218772997
rbc	annotated_credset_1007.txt	ENSG00000129932	DOHH	0	-0.8015856690259293	0.4109856640235257	0.3287878609710602	0.226105292932821
rbc	annotated_credset_1007.txt	ENSG00000105325	FZR1	0	-0.6468356190719007	0.3437168513364491	0.6382879608791178	0.2774892694876764
rbc	annotated_credset_1007.txt	ENSG00000161091	MFSD12	0	-0.8380310270835356	0.2971443575066954	0.2558971448558479	0.3269080391296288
rbc	annotated_credset_1007.txt	ENSG00000183397	C19orf71	0	-0.8792049333663422	0.305077981410492	0.1735493322902347	0.2853226117279192
rbc	annotated_credset_1007.txt	ENSG00000064961	HMG20B	0	-0.7316548975608779	0.318951845822612	0.4686494039011633	0.3335017893171174
rbc	annotated_credset_1007.txt	ENSG00000179855	GIPC3	0	-0.9075569081961008	0.0925379404505592	0.1168453826307176	0.3533641218431223
rbc	annotated_credset_1007.txt	ENSG00000006638	TBXA2R	0	-0.9065108774122088	0.0	0.1189374441985013	0.3716405461331202
rbc	annotated_credset_1007.txt	ENSG00000105298	CACTIN	0	-0.7991240453408033	0.0955007089219135	0.2888502684975624	0.3990916007381814
rbc	annotated_credset_1007.txt	ENSG00000186111	PIP5K1C	0	-0.8381049187702492	0.0176757863781967	0.2557493614824206	0.5003258678934869
rbc	annotated_credset_1007.txt	ENSG00000105289	TJP3	0	-0.83052132003291	0.3768313816100405	0.2680934445619575	0.5694984026865356
rbc	annotated_credset_1007.txt	ENSG00000011132	APBA3	0	-0.641014485964178	0.2785170403822927	0.382368076139363	0.5844587120948308
rbc	annotated_credset_1007.txt	ENSG00000183617	MRPL54	0	-0.8262405820216965	0.2745712335241296	0.2301442241732514	0.5939081965235867
rbc	annotated_credset_1007.txt	ENSG00000173976	RAX2	0	-0.9633894200681	0.2401123772514835	0.0	0.5989380268041636
rbc	annotated_credset_1007.txt	ENSG00000007264	MATK	0	-0.8434450177820556	0.2454140629102557	0.1233842545919253	0.6400204711778156
rbc	annotated_credset_1007.txt	ENSG00000105278	ZFR2	0	-0.8892759154839749	0.3085543244236727	0.1321164697319101	0.7319632950197383
rbc	annotated_credset_1007.txt	ENSG00000167654	ATCAY	0	-0.9301847321996564	0.4346163944756604	0.0566365981795142	0.8131098492758108
rbc	annotated_credset_1007.txt	ENSG00000077009	NMRK2	0	-0.881794124297779	0.3262931260830751	0.0316762807038501	0.832812766415874
rbc	annotated_credset_1007.txt	ENSG00000167657	DAPK3	0	-0.6122926839686387	0.2324318647271963	0.4301173422855927	0.8722639516247597
rbc	annotated_credset_1007.txt	ENSG00000167658	EEF2	1	-0.2362496343509394	0.7531901486110382	0.8478585776293898	0.891979237199939
rbc	annotated_credset_1007.txt	ENSG00000105229	PIAS4	0	-0.0192533552186104	0.83981515517513	0.6729777685844771	0.966075783439793
rbc	annotated_credset_1007.txt	ENSG00000205147	AC016586.1	0	-0.7129928512715389	0.1981725568450349	0.1434964323471507	0.9712567834829008
rbc	annotated_credset_1007.txt	ENSG00000178951	ZBTB7A	0	0.0192533552186104	0.9663918500236308	0.9058930983334308	1.0
rbc	annotated_credset_1007.txt	ENSG00000126934	MAP2K2	0	-0.0382002826092988	0.83981515517513	1.0	0.9639257451555115
rbc	annotated_credset_1007.txt	ENSG00000060566	CREB3L3	0	-0.6774414226464114	0.5403035236044741	0.0773853442086118	0.8769632778537012
rbc	annotated_credset_1007.txt	ENSG00000077463	SIRT6	0	-0.5084704479878068	0.2800598645171454	0.4339744874345124	0.8487797370356489
rbc	annotated_credset_1007.txt	ENSG00000089847	ANKRD24	0	-0.6235973089803248	0.2533970487843302	0.1995768121261123	0.8360746056302025
rbc	annotated_credset_1007.txt	ENSG00000105246	EBI3	0	-0.7627996659167051	0.3936879693325631	0.3091289559346257	0.7726602645190165
rbc	annotated_credset_1007.txt	ENSG00000105248	CCDC94	0	-0.7927009421720963	0.3140261513417004	0.29172557143837	0.7484992136548573
rbc	annotated_credset_1007.txt	ENSG00000105251	SHD	0	-0.8839784135098778	0.1987336974216247	0.1501888763671771	0.7051794567957465
rbc	annotated_credset_1007.txt	ENSG00000167664	TMIGD2	0	-0.9372089750657676	0.3535787428451399	0.0027095056510273	0.6864467746770186
rbc	annotated_credset_1007.txt	ENSG00000105255	FSD1	0	-0.945939294764335	0.3157065588405188	0.0262671138582625	0.6694497962862603
rbc	annotated_credset_1007.txt	ENSG00000178078	STAP2	0	-0.7062127422617479	0.3418263929002783	0.1915102808141205	0.6427298536236218
rbc	annotated_credset_1007.txt	ENSG00000008382	MPND	0	-0.5298285771124625	0.6869610880638555	0.4072055711041463	0.6159535658676762
rbc	annotated_credset_1007.txt	ENSG00000141985	SH3GL1	0	-0.6540731902699162	0.9146037914194194	0.5212472915208062	0.5928067266830432
rbc	annotated_credset_1007.txt	ENSG00000167670	CHAF1A	0	-0.5492740838124561	0.8499501129023789	0.7328599030105558	0.5346860758015791
rbc	annotated_credset_1007.txt	ENSG00000167671	UBXN6	0	-0.5355704284600771	0.8995536417581265	0.5816618956458557	0.476503582744534
rbc	annotated_credset_1007.txt	ENSG00000167674	HDGFRP2	0	-0.5758692077699816	1.0	0.4590404398550261	0.4390024874722983
rbc	annotated_credset_1007.txt	ENSG00000167676	PLIN4	0	-0.7889832799814216	0.9564144304993962	0.2534415106726249	0.3978843120638662
rbc	annotated_credset_1007.txt	ENSG00000214456	PLIN5	0	-0.8459054531829264	0.365782702305309	0.2401482926570662	0.3699330229718843
rbc	annotated_credset_1007.txt	ENSG00000267385	CTB-50L17.14	0	-0.8942313833378841	0.1981725568450349	0.1434964323471507	0.3618303237002227
rbc	annotated_credset_1007.txt	ENSG00000171236	LRG1	0	-0.9250879545254388	0.3209263246337236	0.0817832899720413	0.3508608960227459
rbc	annotated_credset_1007.txt	ENSG00000167680	SEMA6B	0	-0.8919167029404387	0.3856430184319697	0.1481257931420416	0.3423692781802091
rbc	annotated_credset_1007.txt	ENSG00000185361	TNFAIP8L1	0	-0.8664046284902117	0.2542193982040645	0.1991499420424956	0.2091612319790287
rbc	annotated_credset_1007.txt	ENSG00000074842	C19orf10	0	-0.8114512907607716	0.2164753452712283	0.3090566175013757	0.2066105858039602
rbc	annotated_credset_1007.txt	ENSG00000142002	DPP9	0	-0.7530036043673309	0.2987396943758861	0.4259519902882573	0.1600915270614661
rbc	annotated_credset_1007.txt	ENSG00000141965	FEM1A	0	-0.8065788455469358	0.3796985769048994	0.3157170867712105	0.0
rbc	annotated_credset_1008.txt	ENSG00000011132	APBA3	0	-0.6338877717347992	0.1536420153117169	0.382368076139363	0.0
rbc	annotated_credset_1008.txt	ENSG00000183617	MRPL54	0	-0.7733362489072776	0.1490132640766029	0.2301442241732514	0.0095430698418165
rbc	annotated_credset_1008.txt	ENSG00000173976	RAX2	0	-0.8884083609939033	0.1085902329283227	0.0	0.0146227143474954
rbc	annotated_credset_1008.txt	ENSG00000007264	MATK	0	-0.8235931887302892	0.1148095398846323	0.1233842545919253	0.0561120293345902
rbc	annotated_credset_1008.txt	ENSG00000105278	ZFR2	0	-0.8223501261279482	0.1888781838835186	0.1321164697319101	0.1489654327125791
rbc	annotated_credset_1008.txt	ENSG00000167654	ATCAY	0	-0.8600900619041463	0.3367592088371325	0.0566365981795142	0.2309156428565204
rbc	annotated_credset_1008.txt	ENSG00000077009	NMRK2	0	-0.8694471756743267	0.2096872358827399	0.0316762807038501	0.2508136929324547
rbc	annotated_credset_1008.txt	ENSG00000167657	DAPK3	0	-0.6733496898511069	0.0995803692651903	0.4301173422855927	0.290655593157735
rbc	annotated_credset_1008.txt	ENSG00000167658	EEF2	1	-0.4312218857663972	0.7104720414554756	0.8478585776293898	0.3105661341627815
rbc	annotated_credset_1008.txt	ENSG00000105229	PIAS4	0	-0.5157761141795394	0.8120901947352729	0.6729777685844771	0.3853965147126974
rbc	annotated_credset_1008.txt	ENSG00000205147	AC016586.1	0	-0.8166601448203279	0.059391424551478	0.1434964323471507	0.3906288261297492
rbc	annotated_credset_1008.txt	ENSG00000178951	ZBTB7A	0	-0.339340679453378	0.9605749162832988	0.9058930983334308	0.42364512753565
rbc	annotated_credset_1008.txt	ENSG00000126934	MAP2K2	0	-0.352264998471778	0.8120901947352729	1.0	0.5030083274723276
rbc	annotated_credset_1008.txt	ENSG00000060566	CREB3L3	0	-0.6744707018786416	0.4607387767874963	0.0773853442086118	0.5709104060079404
rbc	annotated_credset_1008.txt	ENSG00000077463	SIRT6	0	-0.4998232192702079	0.1554518730610867	0.4339744874345124	0.58416466967713
rbc	annotated_credset_1008.txt	ENSG00000089847	ANKRD24	0	-0.6197445586791687	0.124174229301215	0.1995768121261123	0.6427471272139357
rbc	annotated_credset_1008.txt	ENSG00000105246	EBI3	0	-0.6365933618435765	0.2887468490733873	0.3091289559346257	0.6603968100496513
rbc	annotated_credset_1008.txt	ENSG00000105248	CCDC94	0	-0.6466167274849539	0.195297080326144	0.29172557143837	0.7041969469225263
rbc	annotated_credset_1008.txt	ENSG00000105251	SHD	0	-0.7235067104575621	0.0600496879258217	0.1501888763671771	0.7342223647465314
rbc	annotated_credset_1008.txt	ENSG00000167664	TMIGD2	0	-0.7893586747539304	0.2416954757252367	0.0027095056510273	0.7504702877596416
rbc	annotated_credset_1008.txt	ENSG00000105255	FSD1	0	-0.7787659434766983	0.197268334511979	0.0262671138582625	0.780187595998876
rbc	annotated_credset_1008.txt	ENSG00000178078	STAP2	0	-0.6982791003514	0.2279090167630527	0.1915102808141205	0.8064782260182958
rbc	annotated_credset_1008.txt	ENSG00000008382	MPND	0	-0.4527196918244289	0.6327799858562512	0.4072055711041463	0.83048856753421
rbc	annotated_credset_1008.txt	ENSG00000141985	SH3GL1	0	-0.3764025431258035	0.8998233263435946	0.5212472915208062	0.8866436211801871
rbc	annotated_credset_1008.txt	ENSG00000167670	CHAF1A	0	-0.1881370260314416	0.8239793215435905	0.7328599030105558	0.9483640776862114
rbc	annotated_credset_1008.txt	ENSG00000167671	UBXN6	0	-0.1802169285709083	0.8821682810417093	0.5816618956458557	0.9661345061700128
rbc	annotated_credset_1008.txt	ENSG00000167674	HDGFRP2	0	0.1802169285709083	1.0	0.4590404398550261	1.0
rbc	annotated_credset_1008.txt	ENSG00000167676	PLIN4	0	-0.3861280968570844	0.9488705945549032	0.2534415106726249	0.972264395091036
rbc	annotated_credset_1008.txt	ENSG00000214456	PLIN5	0	-0.607692663647609	0.2560117092498639	0.2401482926570662	0.9440362831781934
rbc	annotated_credset_1008.txt	ENSG00000267385	CTB-50L17.14	0	-0.8062917976523591	0.059391424551478	0.1434964323471507	0.935853336728608
rbc	annotated_credset_1008.txt	ENSG00000171236	LRG1	0	-0.7235078816458526	0.2033915428267292	0.0817832899720413	0.9247752704869878
rbc	annotated_credset_1008.txt	ENSG00000167680	SEMA6B	0	-0.7074251625086674	0.2793094696587019	0.1481257931420416	0.9161995537108704
rbc	annotated_credset_1008.txt	ENSG00000185361	TNFAIP8L1	0	-0.7840143544425652	0.125138911818408	0.1991499420424956	0.7816722471711267
rbc	annotated_credset_1008.txt	ENSG00000074842	C19orf10	0	-0.7138313147172755	0.0808620787368203	0.3090566175013757	0.7790963400119627
rbc	annotated_credset_1008.txt	ENSG00000142002	DPP9	0	-0.5813194331677373	0.1773648274043757	0.4259519902882573	0.7321165677394949
rbc	annotated_credset_1008.txt	ENSG00000141965	FEM1A	0	-0.6992052846416843	0.2723361579763104	0.3157170867712105	0.5704395328336059
rbc	annotated_credset_1008.txt	ENSG00000127666	TICAM1	0	-0.7147102738022191	0.2335270911926827	0.339044013929572	0.536830606235376
rbc	annotated_credset_1008.txt	ENSG00000105355	PLIN3	0	-0.7663045207861817	0.0853405218402643	0.2024607064240491	0.5057295806266985
rbc	annotated_credset_1008.txt	ENSG00000205784	ARRDC5	0	-0.8782222833287012	0.0	0.0203721553304041	0.4334265314005097
rbc	annotated_credset_1008.txt	ENSG00000127663	KDM4B	0	-0.6961003207657854	0.0804074582402121	0.3846160804562357	0.3242336048625868
rbc	annotated_credset_1008.txt	ENSG00000105426	PTPRS	0	-0.6974053805650294	0.1073052216059315	0.3797148775218713	0.0613953108380003
rbc	annotated_credset_1010.txt	ENSG00000177599	ZNF491	0	-0.5717736786575639	0.1572102365908541	0.0624759518938914	0.0954959960863594
rbc	annotated_credset_1010.txt	ENSG00000171295	ZNF440	0	-0.4548252676248191	0.1369455497781563	0.1779469278595273	0.131829228918974
rbc	annotated_credset_1010.txt	ENSG00000171291	ZNF439	0	-0.5378674584342621	0.2248439466558181	0.1336720288151043	0.2007897872203387
rbc	annotated_credset_1010.txt	ENSG00000198429	ZNF69	0	-0.5083657111044241	0.3776173101615835	0.1926755234747801	0.244225180581632
rbc	annotated_credset_1010.txt	ENSG00000196757	ZNF700	0	-0.5307494192678138	0.2335015700682693	0.1479081071480009	0.2959914082430655
rbc	annotated_credset_1010.txt	ENSG00000197054	ZNF763	0	-0.5601346832576727	0.1860308419888379	0.0891375791682833	0.3380475620296894
rbc	annotated_credset_1010.txt	ENSG00000267179	ZNF763	0	-0.585831643585059	0.1842637206168398	0.0377436585135105	0.3364978706023318
rbc	annotated_credset_1010.txt	ENSG00000197647	ZNF433	0	-0.5680687987787679	0.2978680125605462	0.0732693481260928	0.4166826834032203
rbc	annotated_credset_1010.txt	ENSG00000257355	CTD-2006C1.10	0	-0.563403741284742	0.0	0.0825994631141445	0.4411510468566242
rbc	annotated_credset_1010.txt	ENSG00000257446	ZNF878	0	-0.5851368593620496	0.276344728511677	0.0391332269595293	0.4459023922503103
rbc	annotated_credset_1010.txt	ENSG00000223547	ZNF844	0	-0.5351014562670683	0.271259487153409	0.1392040331494921	0.481772564216455
rbc	annotated_credset_1010.txt	ENSG00000188474	ZNF788	0	-0.589023340836758	0.247803811388398	0.0237382604548146	0.5288044916694713
rbc	annotated_credset_1010.txt	ENSG00000214189	ZNF788	0	-0.469723443620384	0.262207757535692	0.1210445291917619	0.560848019542764
rbc	annotated_credset_1010.txt	ENSG00000132010	ZNF20	0	-0.5421386365392163	0.2574657699691071	0.1154999461952837	0.5653536301821578
rbc	annotated_credset_1010.txt	ENSG00000213297	ZNF625-ZNF20	0	-0.5582970537389657	0.0	0.0825994631141445	0.588540763876188
rbc	annotated_credset_1010.txt	ENSG00000257591	ZNF625	0	-0.5488848212192187	0.1780851523665442	0.1014239281536383	0.588540763876188
rbc	annotated_credset_1010.txt	ENSG00000196646	ZNF136	0	-0.5672696682721338	0.2673819906177297	0.0691838294228691	0.634730375090503
rbc	annotated_credset_1010.txt	ENSG00000197857	ZNF44	0	-0.4096935855182014	0.2323446776592634	0.2365528347210782	0.7847819818762156
rbc	annotated_credset_1010.txt	ENSG00000188868	ZNF563	0	-0.5338370786706333	0.0699818202621442	0.0862310888947299	0.839940201406146
rbc	annotated_credset_1010.txt	ENSG00000198342	ZNF442	0	-0.5768608521612059	0.1028629908847048	0.0414502216773788	0.8856568087292509
rbc	annotated_credset_1010.txt	ENSG00000268744	CTD-3105H18.14	0	-0.5562862314428231	0.0	0.0825994631141445	0.9358960718770184
rbc	annotated_credset_1010.txt	ENSG00000196466	ZNF799	0	-0.5621363475632161	0.0549803582552536	0.0708992308733584	0.9358918105807011
rbc	annotated_credset_1010.txt	ENSG00000268870	CTD-3105H18.16	0	-0.5185283579076668	0.0	0.0825994631141445	0.992440633142147
rbc	annotated_credset_1010.txt	ENSG00000180855	ZNF443	0	-0.482592568592901	0.6139920415972744	0.0477684755968257	0.9924832461053192
rbc	annotated_credset_1010.txt	ENSG00000269755	CTD-3105H18.18	0	-0.3254450716222664	0.0	0.0825994631141445	1.0
rbc	annotated_credset_1010.txt	ENSG00000242852	ZNF709	0	-0.5347926610874173	0.5254452764464334	0.0582612502025194	0.9790058406683532
rbc	annotated_credset_1010.txt	ENSG00000196826	ZNF709	0	-0.3753861096442027	0.6893044661132228	0.0514379662176106	0.978473178628702
rbc	annotated_credset_1010.txt	ENSG00000249709	ZNF564	0	-0.3931827487869527	0.6598227793386644	0.0715907664233216	0.8878339855295985
rbc	annotated_credset_1010.txt	ENSG00000269693	CTD-2192J16.20	0	-0.4989319004262825	0.0	0.0825994631141445	0.887336834292591
rbc	annotated_credset_1010.txt	ENSG00000188033	ZNF490	0	-0.5355620665297217	0.4328811706225606	0.1240477929403472	0.81313204065685
rbc	annotated_credset_1010.txt	ENSG00000173875	ZNF791	0	-0.504950369579317	0.4084974383096658	0.1852711868411563	0.7663188597481171
rbc	annotated_credset_1010.txt	ENSG00000269242	CTD-2192J16.22	0	-0.5538084663595101	0.0	0.0825994631141445	0.7195681778520365
rbc	annotated_credset_1010.txt	ENSG00000104774	MAN2B1	0	-0.3528078779898641	0.7644389071816321	0.3621035580968448	0.7157614198086647
rbc	annotated_credset_1010.txt	ENSG00000269590	CTD-2192J16.24	0	-0.5538084663595101	0.0	0.0825994631141445	0.689743364927903
rbc	annotated_credset_1010.txt	ENSG00000123154	WDR83	0	-0.3794395192681364	0.986015586264763	0.333663464322038	0.6869422728153921
rbc	annotated_credset_1010.txt	ENSG00000105583	WDR83OS	0	-0.4071136383152872	0.8748394970696297	0.2783152262277368	0.685136903609002
rbc	annotated_credset_1010.txt	ENSG00000095059	DHPS	0	-0.4118137811190568	0.9065459769384304	0.2689149406201976	0.6742762797285465
rbc	annotated_credset_1010.txt	ENSG00000132004	FBXW9	0	-0.516530441868467	0.4214139513596664	0.1571555120962308	0.6567538292721904
rbc	annotated_credset_1010.txt	ENSG00000105576	TNPO2	0	-0.4405962868374974	0.4908656352102111	0.3143603452142001	0.6409287951821885
rbc	annotated_credset_1010.txt	ENSG00000123144	C19orf43	0	-0.404183281781547	0.164266008975451	0.3953566024040426	0.5962618871852222
rbc	annotated_credset_1010.txt	ENSG00000198356	ASNA1	0	0.0495403277765066	0.8284112434686431	0.2607230615180136	0.5870304989300457
rbc	annotated_credset_1010.txt	ENSG00000039987	BEST2	0	-0.5436264805734053	0.7766943388550579	0.0102269520661145	0.5663447461742159
rbc	annotated_credset_1010.txt	ENSG00000095066	HOOK2	0	-0.3319244637005286	0.9319467575229788	0.4336309858118679	0.5502924429472963
rbc	annotated_credset_1010.txt	ENSG00000171223	JUNB	0	-0.3351720956707628	0.4110527720921954	0.5390627543421027	0.5098200709585677
rbc	annotated_credset_1010.txt	ENSG00000167815	PRDX2	0	-0.1138854594727268	0.954588794670667	0.8713097366075596	0.5022576904276307
rbc	annotated_credset_1010.txt	ENSG00000104889	RNASEH2A	0	-0.4497741212564895	0.5527403094369367	0.2989934916838331	0.4883942730756497
rbc	annotated_credset_1010.txt	ENSG00000132026	RTBDN	0	-0.5495403277765066	0.7766943388550579	0.0	0.4615509471414556
rbc	annotated_credset_1010.txt	ENSG00000105613	MAST1	0	-0.495968537214782	0.7766943388550579	0.1071435811234489	0.4495156259095567
rbc	annotated_credset_1010.txt	ENSG00000105612	DNASE2	0	-0.3839346640121474	1.0	0.3091504564044511	0.3909085972268998
rbc	annotated_credset_1010.txt	ENSG00000105610	KLF1	1	-0.0495403277765066	0.7766943388550579	1.0	0.3778235766688622
rbc	annotated_credset_1010.txt	ENSG00000105607	GCDH	0	-0.4188622777675655	0.7766943388550579	0.2613561000178819	0.368444463474689
rbc	annotated_credset_1010.txt	ENSG00000161860	SYCE2	0	-0.3713330664891036	0.7766943388550579	0.3564145225748062	0.3574219103341797
rbc	annotated_credset_1010.txt	ENSG00000179115	FARSA	0	-0.4519403517637347	0.7766943388550579	0.1951999520255437	0.3237676124529827
rbc	annotated_credset_1010.txt	ENSG00000179218	CALR	1	-0.2941954778136949	0.9833839738618594	0.5106896999256234	0.3009000759827429
rbc	annotated_credset_1010.txt	ENSG00000179262	RAD23A	0	-0.2624752973490277	0.954092983638236	0.5741300608549575	0.2905635915493039
rbc	annotated_credset_1010.txt	ENSG00000179271	GADD45GIP1	0	-0.3446576866514518	0.925971598927014	0.4097652822501097	0.27876974377538
rbc	annotated_credset_1010.txt	ENSG00000179284	DAND5	0	-0.4529748180363168	0.9771037007843986	0.1931310194803795	0.2631435701801811
rbc	annotated_credset_1010.txt	ENSG00000008441	NFIX	0	-0.281267264953919	0.576412107959674	0.636007204288974	0.2198928329926334
rbc	annotated_credset_1010.txt	ENSG00000104903	LYL1	0	-0.2265911507797681	0.4877763510850634	0.7562246441240921	0.072984642456914
rbc	annotated_credset_1010.txt	ENSG00000104907	TRMT1	0	-0.451872523522934	0.3801090784271348	0.3056618986377604	0.0646481264283509
rbc	annotated_credset_1010.txt	ENSG00000160877	NACC1	0	-0.4338468505936422	0.3016946566826428	0.3417132444963439	0.0458970022005333
rbc	annotated_credset_1010.txt	ENSG00000104915	STX10	0	-0.4910959594720731	0.2709162333617259	0.2272150267394823	0.0090296868961621
rbc	annotated_credset_1010.txt	ENSG00000160888	IER2	0	-0.3441617925354935	0.5337977853773885	0.5210833606126414	0.0
rbc	annotated_credset_1013.txt	ENSG00000197857	ZNF44	0	-0.8866725569367575	0.2323446776592634	0.2365528347210782	0.0
rbc	annotated_credset_1013.txt	ENSG00000188868	ZNF563	0	-0.9631865148909776	0.0699818202621442	0.0862310888947299	0.0626399015927593
rbc	annotated_credset_1013.txt	ENSG00000198342	ZNF442	0	-0.9855769484996532	0.1028629908847048	0.0414502216773788	0.1145575270759423
rbc	annotated_credset_1013.txt	ENSG00000268744	CTD-3105H18.14	0	-0.9650023277812704	0.0	0.0825994631141445	0.1716112631553177
rbc	annotated_credset_1013.txt	ENSG00000196466	ZNF799	0	-0.9708524439016636	0.0549803582552536	0.0708992308733584	0.1716064238551329
rbc	annotated_credset_1013.txt	ENSG00000268870	CTD-3105H18.16	0	-0.9650023277812704	0.0	0.0825994631141445	0.2358255504082165
rbc	annotated_credset_1013.txt	ENSG00000180855	ZNF443	0	-0.9655445214643988	0.6139920415972744	0.0477684755968257	0.235873943410065
rbc	annotated_credset_1013.txt	ENSG00000269755	CTD-3105H18.18	0	-0.9650023277812704	0.0	0.0825994631141445	0.3063728685030285
rbc	annotated_credset_1013.txt	ENSG00000242852	ZNF709	0	-0.977171434237083	0.5254452764464334	0.0582612502025194	0.3532140680922989
rbc	annotated_credset_1013.txt	ENSG00000196826	ZNF709	0	-0.9413054630665432	0.6893044661132228	0.0514379662176106	0.4138988924103769
rbc	annotated_credset_1013.txt	ENSG00000249709	ZNF564	0	-0.8506643256437413	0.6598227793386644	0.0715907664233216	0.4140085832145669
rbc	annotated_credset_1013.txt	ENSG00000269693	CTD-2192J16.20	0	-0.961954921107839	0.0	0.0825994631141445	0.4614869573281765
rbc	annotated_credset_1013.txt	ENSG00000188033	ZNF490	0	-0.8979368032528432	0.4328811706225606	0.1240477929403472	0.5568582722712315
rbc	annotated_credset_1013.txt	ENSG00000173875	ZNF791	0	-0.9092908293401584	0.4084974383096658	0.1852711868411563	0.5436679530673793
rbc	annotated_credset_1013.txt	ENSG00000269242	CTD-2192J16.22	0	-0.9627297814899192	0.0	0.0825994631141445	0.5702453896826013
rbc	annotated_credset_1013.txt	ENSG00000104774	MAN2B1	0	-0.6572424892475925	0.7644389071816321	0.3621035580968448	0.5998377103129878
rbc	annotated_credset_1013.txt	ENSG00000269590	CTD-2192J16.24	0	-0.9610761102252706	0.0	0.0825994631141445	0.6041204909765843
rbc	annotated_credset_1013.txt	ENSG00000123154	WDR83	0	-0.7941738965895552	0.986015586264763	0.333663464322038	0.6145007898730976
rbc	annotated_credset_1013.txt	ENSG00000105583	WDR83OS	0	-0.670865039676928	0.8748394970696297	0.2783152262277368	0.6072805539972944
rbc	annotated_credset_1013.txt	ENSG00000095059	DHPS	0	-0.7504063241814423	0.9065459769384304	0.2689149406201976	0.6242923072471204
rbc	annotated_credset_1013.txt	ENSG00000132004	FBXW9	0	-0.8775912538021596	0.4214139513596664	0.1571555120962308	0.6480710152554348
rbc	annotated_credset_1013.txt	ENSG00000105576	TNPO2	0	-0.6708147110949512	0.4908656352102111	0.3143603452142001	0.6922183377418026
rbc	annotated_credset_1013.txt	ENSG00000123144	C19orf43	0	-0.7412709267726434	0.164266008975451	0.3953566024040426	0.7095817468050614
rbc	annotated_credset_1013.txt	ENSG00000198356	ASNA1	0	-0.7823204071003014	0.8284112434686431	0.2607230615180136	0.7314360264398653
rbc	annotated_credset_1013.txt	ENSG00000039987	BEST2	0	-0.9556107591895322	0.7766943388550579	0.0102269520661145	0.7477847955643661
rbc	annotated_credset_1013.txt	ENSG00000095066	HOOK2	0	-0.6185622605165761	0.9319467575229788	0.4336309858118679	0.9321330968062216
rbc	annotated_credset_1013.txt	ENSG00000171223	JUNB	0	-0.7141358779184814	0.4110527720921954	0.5390627543421027	0.8040045589118848
rbc	annotated_credset_1013.txt	ENSG00000167815	PRDX2	0	-0.3544893970358447	0.954588794670667	0.8713097366075596	0.8178288264399531
rbc	annotated_credset_1013.txt	ENSG00000104889	RNASEH2A	0	-0.7465824374244963	0.5527403094369367	0.2989934916838331	0.8367956569644603
rbc	annotated_credset_1013.txt	ENSG00000132026	RTBDN	0	-0.8319602019050236	0.7766943388550579	0.0	0.8719451073071217
rbc	annotated_credset_1013.txt	ENSG00000105613	MAST1	0	-0.846926421463691	0.7766943388550579	0.1071435811234489	0.9356996610424594
rbc	annotated_credset_1013.txt	ENSG00000105612	DNASE2	0	-0.4729174386838772	1.0	0.3091504564044511	0.9462122341440254
rbc	annotated_credset_1013.txt	ENSG00000105610	KLF1	1	-0.0001140839316959	0.7766943388550579	1.0	0.9554278747960504
rbc	annotated_credset_1013.txt	ENSG00000105607	GCDH	0	-0.2143571459833018	0.7766943388550579	0.2613561000178819	0.9990235170613448
rbc	annotated_credset_1013.txt	ENSG00000161860	SYCE2	0	-0.1645963368044491	0.7766943388550579	0.3564145225748062	1.0
rbc	annotated_credset_1013.txt	ENSG00000179115	FARSA	0	-0.3640494425060212	0.7766943388550579	0.1951999520255437	0.9876329192289492
rbc	annotated_credset_1013.txt	ENSG00000179218	CALR	1	-0.221503752973706	0.9833839738618594	0.5106896999256234	0.9616636213369572
rbc	annotated_credset_1013.txt	ENSG00000179262	RAD23A	0	0.0001140839316959	0.954092983638236	0.5741300608549575	0.9499250921885612
rbc	annotated_credset_1013.txt	ENSG00000179271	GADD45GIP1	0	-0.5194464734768072	0.925971598927014	0.4097652822501097	0.9365315223769448
rbc	annotated_credset_1013.txt	ENSG00000179284	DAND5	0	-0.5591360089601829	0.9771037007843986	0.1931310194803795	0.9187858085990828
rbc	annotated_credset_1013.txt	ENSG00000008441	NFIX	0	-0.6395550303940816	0.576412107959674	0.636007204288974	0.869668524822869
rbc	annotated_credset_1013.txt	ENSG00000104903	LYL1	0	-0.4802529758970546	0.4877763510850634	0.7562246441240921	0.7028336509500029
rbc	annotated_credset_1013.txt	ENSG00000104907	TRMT1	0	-0.8457982040975265	0.3801090784271348	0.3056618986377604	0.6933663666883655
rbc	annotated_credset_1013.txt	ENSG00000160877	NACC1	0	-0.8310470315382603	0.3016946566826428	0.3417132444963439	0.6720718327749431
rbc	annotated_credset_1013.txt	ENSG00000104915	STX10	0	-0.8463051450095866	0.2709162333617259	0.2272150267394823	0.6302038206756417
rbc	annotated_credset_1013.txt	ENSG00000160888	IER2	0	-0.7413619734801116	0.5337977853773885	0.5210833606126414	0.6199493435839346
rbc	annotated_credset_1013.txt	ENSG00000141837	CACNA1A	0	-0.8717755116786069	0.223038685973633	0.2566713032509902	0.5295721864316497
rbc	annotated_credset_1015.txt	ENSG00000196646	ZNF136	0	-1.0355853421051324	0.2673819906177297	0.0691838294228691	0.0
rbc	annotated_credset_1015.txt	ENSG00000197857	ZNF44	0	-0.9532086845716894	0.2323446776592634	0.2365528347210782	0.1461368489658537
rbc	annotated_credset_1015.txt	ENSG00000188868	ZNF563	0	-1.0283695574848637	0.0699818202621442	0.0862310888947299	0.1998560231175986
rbc	annotated_credset_1015.txt	ENSG00000198342	ZNF442	0	-1.0271100005349147	0.1028629908847048	0.0414502216773788	0.2443799111499922
rbc	annotated_credset_1015.txt	ENSG00000268744	CTD-3105H18.14	0	-1.0301853703751562	0.0	0.0825994631141445	0.293308461587082
rbc	annotated_credset_1015.txt	ENSG00000196466	ZNF799	0	-1.0360354864955492	0.0549803582552536	0.0708992308733584	0.2933043114654696
rbc	annotated_credset_1015.txt	ENSG00000268870	CTD-3105H18.16	0	-1.0301853703751562	0.0	0.0825994631141445	0.3483778086367489
rbc	annotated_credset_1015.txt	ENSG00000180855	ZNF443	0	-0.9912193405246544	0.6139920415972744	0.0477684755968257	0.3484193098528735
rbc	annotated_credset_1015.txt	ENSG00000269755	CTD-3105H18.18	0	-1.0096633719696997	0.0	0.0825994631141445	0.4088782815032613
rbc	annotated_credset_1015.txt	ENSG00000242852	ZNF709	0	-1.0423544768309687	0.5254452764464334	0.0582612502025194	0.4490486919641794
rbc	annotated_credset_1015.txt	ENSG00000196826	ZNF709	0	-1.0051351822008034	0.6893044661132228	0.0514379662176106	0.5010912169844886
rbc	annotated_credset_1015.txt	ENSG00000249709	ZNF564	0	-0.919643766877306	0.6598227793386644	0.0715907664233216	0.5011852864077044
rbc	annotated_credset_1015.txt	ENSG00000269693	CTD-2192J16.20	0	-1.008438317705631	0.0	0.0825994631141445	0.5419021295475969
rbc	annotated_credset_1015.txt	ENSG00000188033	ZNF490	0	-1.0072645358835026	0.4328811706225606	0.1240477929403472	0.6236913429121832
rbc	annotated_credset_1015.txt	ENSG00000173875	ZNF791	0	-0.9579282781954884	0.4084974383096658	0.1852711868411563	0.6123794947704748
rbc	annotated_credset_1015.txt	ENSG00000269242	CTD-2192J16.22	0	-1.027988700796604	0.0	0.0825994631141445	0.6351719626661317
rbc	annotated_credset_1015.txt	ENSG00000104774	MAN2B1	0	-0.7728591079485034	0.7644389071816321	0.3621035580968448	0.6605499563263543
rbc	annotated_credset_1015.txt	ENSG00000269590	CTD-2192J16.24	0	-1.00856998436594	0.0	0.0825994631141445	0.6642228139533857
rbc	annotated_credset_1015.txt	ENSG00000123154	WDR83	0	-0.785933195935455	0.986015586264763	0.333663464322038	0.6731248248121228
rbc	annotated_credset_1015.txt	ENSG00000105583	WDR83OS	0	-0.7611851491119392	0.8748394970696297	0.2783152262277368	0.6669328433663252
rbc	annotated_credset_1015.txt	ENSG00000095059	DHPS	0	-0.8258321865613998	0.9065459769384304	0.2689149406201976	0.68152190420801
rbc	annotated_credset_1015.txt	ENSG00000132004	FBXW9	0	-0.93835073768404	0.4214139513596664	0.1571555120962308	0.7019142184377913
rbc	annotated_credset_1015.txt	ENSG00000105576	TNPO2	0	-0.8926895433159121	0.4908656352102111	0.3143603452142001	0.7397743945344373
rbc	annotated_credset_1015.txt	ENSG00000123144	C19orf43	0	-0.8521914147209908	0.164266008975451	0.3953566024040426	0.7546650308799612
rbc	annotated_credset_1015.txt	ENSG00000198356	ASNA1	0	-0.756158795134098	0.8284112434686431	0.2607230615180136	0.7734069800818524
rbc	annotated_credset_1015.txt	ENSG00000039987	BEST2	0	-1.018829232691621	0.7766943388550579	0.0102269520661145	0.7874274742626295
rbc	annotated_credset_1015.txt	ENSG00000095066	HOOK2	0	-0.5190899753135259	0.9319467575229788	0.4336309858118679	0.9455222069678652
rbc	annotated_credset_1015.txt	ENSG00000171223	JUNB	0	-0.7964519180251846	0.4110527720921954	0.5390627543421027	0.8356408204085044
rbc	annotated_credset_1015.txt	ENSG00000167815	PRDX2	0	-0.4089800816127626	0.954588794670667	0.8713097366075596	0.8474963344814456
rbc	annotated_credset_1015.txt	ENSG00000104889	RNASEH2A	0	-0.808799970126872	0.5527403094369367	0.2989934916838331	0.8637620444545662
rbc	annotated_credset_1015.txt	ENSG00000132026	RTBDN	0	-0.7669385073124775	0.7766943388550579	0.0	0.8939057610997692
rbc	annotated_credset_1015.txt	ENSG00000105613	MAST1	0	-0.5766308006130576	0.7766943388550579	0.1071435811234489	0.9485808465962516
rbc	annotated_credset_1015.txt	ENSG00000105612	DNASE2	0	-0.173968971020042	1.0	0.3091504564044511	0.9575962941123962
rbc	annotated_credset_1015.txt	ENSG00000105610	KLF1	1	0.173968971020042	0.7766943388550579	1.0	0.9654995090364
rbc	annotated_credset_1015.txt	ENSG00000105607	GCDH	0	-0.4903885796332483	0.7766943388550579	0.2613561000178819	1.0
rbc	annotated_credset_1015.txt	ENSG00000161860	SYCE2	0	-0.2941066789932141	0.7766943388550579	0.3564145225748062	1.0
rbc	annotated_credset_1015.txt	ENSG00000179115	FARSA	0	-0.2677233884774399	0.7766943388550579	0.1951999520255437	0.9856701600713386
rbc	annotated_credset_1015.txt	ENSG00000179218	CALR	1	-0.2007513817301589	0.9833839738618594	0.5106896999256234	0.9633992241249814
rbc	annotated_credset_1015.txt	ENSG00000179262	RAD23A	0	-0.3990482672673838	0.954092983638236	0.5741300608549575	0.9533324124670124
rbc	annotated_credset_1015.txt	ENSG00000179271	GADD45GIP1	0	-0.5711117190774373	0.925971598927014	0.4097652822501097	0.9418462592175806
rbc	annotated_credset_1015.txt	ENSG00000179284	DAND5	0	-0.868942891409263	0.9771037007843986	0.1931310194803795	0.926627763264672
rbc	annotated_credset_1015.txt	ENSG00000008441	NFIX	0	-0.718293003674918	0.576412107959674	0.636007204288974	0.8845054122720247
rbc	annotated_credset_1015.txt	ENSG00000104903	LYL1	0	-0.6176698742152751	0.4877763510850634	0.7562246441240921	0.7414299696822992
rbc	annotated_credset_1015.txt	ENSG00000104907	TRMT1	0	-0.897038766604132	0.3801090784271348	0.3056618986377604	0.7333109484344472
rbc	annotated_credset_1015.txt	ENSG00000160877	NACC1	0	-0.8790130936748402	0.3016946566826428	0.3417132444963439	0.715049029965731
rbc	annotated_credset_1015.txt	ENSG00000104915	STX10	0	-0.9536257508320796	0.2709162333617259	0.2272150267394823	0.679143561148556
rbc	annotated_credset_1015.txt	ENSG00000160888	IER2	0	-0.8066915838955	0.5337977853773885	0.5210833606126414	0.670349453451743
rbc	annotated_credset_1015.txt	ENSG00000141837	CACNA1A	0	-0.9392019538925488	0.223038685973633	0.2566713032509902	0.5928431655912204
rbc	annotated_credset_1085.txt	ENSG00000149658	YTHDF1	0	-0.692020489402562	0.0	0.5684889967732281	0.0
rbc	annotated_credset_1085.txt	ENSG00000101197	BIRC7	0	-0.9162892684022652	0.2315855408514224	0.1050480126034722	0.0438247057086204
rbc	annotated_credset_1085.txt	ENSG00000101198	NKAIN4	0	-0.976264987789176	0.0692435596656264	0.0	0.1019380745811688
rbc	annotated_credset_1085.txt	ENSG00000101199	ARFGAP1	0	-0.5949505415976754	0.1991435664988725	0.7544992956727962	0.1328047646810566
rbc	annotated_credset_1085.txt	ENSG00000101203	COL20A1	0	-0.8489496246594329	0.2501184429310069	0.2909423526938122	0.2141620367090773
rbc	annotated_credset_1085.txt	ENSG00000101204	CHRNA4	0	-0.9482840192623418	0.4078104002004418	0.047832340343463	0.2927912104251578
rbc	annotated_credset_1085.txt	ENSG00000075043	KCNQ2	0	-0.8535949794752394	0.5807803566954423	0.2225195439105877	0.4629407702645016
rbc	annotated_credset_1085.txt	ENSG00000101210	EEF1A2	0	-0.8806180173829874	0.5509190715896408	0.2093080141842642	0.5108079724128536
rbc	annotated_credset_1085.txt	ENSG00000125534	PPDPF	0	-0.5188770564176636	0.3066589982461335	0.906717553187971	0.5524317834541973
rbc	annotated_credset_1085.txt	ENSG00000101213	PTK6	0	-0.5608210384088469	0.3083058105368653	0.5736940949734266	0.5798102631380238
rbc	annotated_credset_1085.txt	ENSG00000125508	SRMS	0	-0.7942320038243588	0.337247682390725	0.3535685171010823	0.5981071183949414
rbc	annotated_credset_1085.txt	ENSG00000125531	C20orf195	0	-0.788970375895999	0.2575234038676172	0.2431749295434948	0.6147248661534442
rbc	annotated_credset_1085.txt	ENSG00000130589	HELZ2	0	-0.5344942249759418	0.7979978589162472	0.6845089805367466	0.6463769452445259
rbc	annotated_credset_1085.txt	ENSG00000101216	GMEB2	0	-0.5265499154157108	0.5552923490422067	0.8703061232167787	0.7417105303319308
rbc	annotated_credset_1085.txt	ENSG00000197457	STMN3	0	-0.779693678067653	0.8089766075211261	0.1689242509127725	0.7893502404966265
rbc	annotated_credset_1085.txt	ENSG00000258366	RTEL1	1	-0.542504869971076	0.8243741885520353	0.5513264165901792	0.868134686519012
rbc	annotated_credset_1085.txt	ENSG00000026036	RTEL1-TNFRSF6B	0	-0.7578031051286193	0.3347265562717809	0.423375152726509	0.871061388943668
rbc	annotated_credset_1085.txt	ENSG00000243509	TNFRSF6B	0	-0.6605061466692218	0.96444434321117	0.3126216270183506	0.871061388943668
rbc	annotated_credset_1085.txt	ENSG00000101246	ARFRP1	0	-0.3251840030580256	0.8926952600050111	0.8039219754132284	0.8879246836051649
rbc	annotated_credset_1085.txt	ENSG00000197114	ZGPAT	0	-0.1539495951459836	0.9477028904630664	0.9856847479939044	0.9386897003072324
rbc	annotated_credset_1085.txt	ENSG00000273154	RP4-583P15.15	0	-0.6871822703011962	0.3347265562717809	0.423375152726509	0.944037567415086
rbc	annotated_credset_1085.txt	ENSG00000203896	LIME1	0	-0.0872633214797881	0.9437282190283124	0.7403959012070326	0.944037567415086
rbc	annotated_credset_1085.txt	ENSG00000273047	RP4-583P15.14	0	-0.6843029487260314	0.3347265562717809	0.423375152726509	0.94637567946933
rbc	annotated_credset_1085.txt	ENSG00000125520	SLC2A4RG	0	0.0335538667045997	1.0	0.689944391574221	0.9519853429075816
rbc	annotated_credset_1085.txt	ENSG00000130584	ZBTB46	0	-0.0335538667045997	0.8088399426007334	0.9584663038299192	1.0
rbc	annotated_credset_1085.txt	ENSG00000269223	AL158091.1	0	-0.7673430669434996	0.3347265562717809	0.423375152726509	0.8676080975772753
rbc	annotated_credset_1085.txt	ENSG00000183260	ABHD16B	0	-0.5608844492281463	0.6271439309386603	0.3562136909526255	0.8354938125511462
rbc	annotated_credset_1085.txt	ENSG00000268858	C20ORF135	0	-0.8334427777107752	0.5651663895405782	0.3008905730346091	0.8349286935758733
rbc	annotated_credset_1085.txt	ENSG00000101150	TPD52L2	0	-0.2795212739704938	0.780561692822814	0.6464590768072858	0.8282176800580163
rbc	annotated_credset_1085.txt	ENSG00000101152	DNAJC5	0	-0.3680104359016637	0.751406509805708	1.0	0.7741937504154777
rbc	annotated_credset_1085.txt	ENSG00000198276	UCKL1	0	-0.1036049994347257	0.6703869894995786	0.8398786925292127	0.6935460367174322
rbc	annotated_credset_1085.txt	ENSG00000267848	AL118506.1	0	-0.7781293618806334	0.3347265562717809	0.423375152726509	0.668592332700671
rbc	annotated_credset_1085.txt	ENSG00000196700	ZNF512B	0	-0.6575399917180554	0.5644375099651504	0.6515981082539962	0.6630891932865123
rbc	annotated_credset_1085.txt	ENSG00000130590	SAMD10	0	-0.6551944831471527	0.4912534450948682	0.6316435584554944	0.6316537732274841
rbc	annotated_credset_1085.txt	ENSG00000101161	PRPF6	0	-0.6169593032656074	0.5330729107350295	0.7042393778896051	0.6189756088684871
rbc	annotated_credset_1085.txt	ENSG00000203883	SOX18	0	-0.6493996425781171	0.3609343325057513	0.6445284485245346	0.4987515119820034
rbc	annotated_credset_1085.txt	ENSG00000171703	TCEA2	0	-0.5340481734990211	0.6125321732000091	0.7743288293096796	0.4949365075259281
rbc	annotated_credset_1085.txt	ENSG00000171700	RGS19	0	-0.6636123560299533	0.5876819351752728	0.5912236852637454	0.4527872983318546
rbc	annotated_credset_1085.txt	ENSG00000125510	OPRL1	0	-0.8476865042354602	0.4912306676081361	0.0313053121010228	0.4401632987308711
rbc	annotated_credset_1085.txt	ENSG00000171695	C20orf201	0	-0.8031823125403122	0.475024485798237	0.3760973725924539	0.4343730860992414
rbc	annotated_credset_1085.txt	ENSG00000125522	NPBWR2	0	-0.9749230819843856	0.3447973942555178	0.0326158337043073	0.3938578471052381
rbc	annotated_credset_1085.txt	ENSG00000196132	MYT1	0	-0.627282139123072	0.7255085073912945	0.6490819015939876	0.3108575774174784
rbc	annotated_credset_1085.txt	ENSG00000203880	PCMTD2	0	-0.646109210419855	0.5096804318611484	0.6937908876625312	0.1231766909011393
rbc	annotated_credset_1086.txt	ENSG00000149658	YTHDF1	0	-0.7347294227559861	0.0	0.5684889967732281	0.0145327072363811
rbc	annotated_credset_1086.txt	ENSG00000101197	BIRC7	0	-0.9664499148408638	0.2315855408514224	0.1050480126034722	0.0608943009877051
rbc	annotated_credset_1086.txt	ENSG00000101198	NKAIN4	0	-1.0189739211426	0.0692435596656264	0.0	0.1223716881287205
rbc	annotated_credset_1086.txt	ENSG00000101199	ARFGAP1	0	-0.641724273306202	0.1991435664988725	0.7544992956727962	0.1550251634623272
rbc	annotated_credset_1086.txt	ENSG00000101203	COL20A1	0	-0.8735027447956939	0.2501184429310069	0.2909423526938122	0.2410919774543517
rbc	annotated_credset_1086.txt	ENSG00000101204	CHRNA4	0	-0.9950577509708683	0.4078104002004418	0.047832340343463	0.3242727712528175
rbc	annotated_credset_1086.txt	ENSG00000075043	KCNQ2	0	-0.8550433127386367	0.5807803566954423	0.2225195439105877	0.5042718070178559
rbc	annotated_credset_1086.txt	ENSG00000101210	EEF1A2	0	-0.9051733428911052	0.5509190715896408	0.2093080141842642	0.5549099058739966
rbc	annotated_credset_1086.txt	ENSG00000125534	PPDPF	0	-0.4477736623861389	0.3066589982461335	0.906717553187971	0.598943201401662
rbc	annotated_credset_1086.txt	ENSG00000101213	PTK6	0	-0.5371008335786772	0.3083058105368653	0.5736940949734266	0.6279065437015457
rbc	annotated_credset_1086.txt	ENSG00000125508	SRMS	0	-0.7922763158246334	0.337247682390725	0.3535685171010823	0.6472625520678753
rbc	annotated_credset_1086.txt	ENSG00000125531	C20orf195	0	-0.835473085284732	0.2575234038676172	0.2431749295434948	0.6648422541602077
rbc	annotated_credset_1086.txt	ENSG00000130589	HELZ2	0	-0.315616253803609	0.7979978589162472	0.6845089805367466	0.6983265824284259
rbc	annotated_credset_1086.txt	ENSG00000101216	GMEB2	0	-0.4465071955747074	0.5552923490422067	0.8703061232167787	0.7991787586430434
rbc	annotated_credset_1086.txt	ENSG00000197457	STMN3	0	-0.5907414108977006	0.8089766075211261	0.1689242509127725	0.8495761966491587
rbc	annotated_credset_1086.txt	ENSG00000258366	RTEL1	1	-0.3733169069621954	0.8243741885520353	0.5513264165901792	0.9329212510278008
rbc	annotated_credset_1086.txt	ENSG00000026036	RTEL1-TNFRSF6B	0	-0.5649213421472045	0.3347265562717809	0.423375152726509	0.936017371963445
rbc	annotated_credset_1086.txt	ENSG00000243509	TNFRSF6B	0	-0.5890860135553607	0.96444434321117	0.3126216270183506	0.936017371963445
rbc	annotated_credset_1086.txt	ENSG00000101246	ARFRP1	0	-0.2448334252267573	0.8926952600050111	0.8039219754132284	0.9538568349732652
rbc	annotated_credset_1086.txt	ENSG00000197114	ZGPAT	0	-0.0468447572515439	0.9477028904630664	0.9856847479939044	1.0
rbc	annotated_credset_1086.txt	ENSG00000273154	RP4-583P15.15	0	-0.5853921997674437	0.3347265562717809	0.423375152726509	1.0
rbc	annotated_credset_1086.txt	ENSG00000203896	LIME1	0	-0.1109574194755461	0.9437282190283124	0.7403959012070326	0.993736399923582
rbc	annotated_credset_1086.txt	ENSG00000273047	RP4-583P15.14	0	-0.7649435627587767	0.3347265562717809	0.423375152726509	0.9883731009801584
rbc	annotated_credset_1086.txt	ENSG00000125520	SLC2A4RG	0	0.0113414209686683	1.0	0.689944391574221	0.9853342802469012
rbc	annotated_credset_1086.txt	ENSG00000130584	ZBTB46	0	-0.0113414209686683	0.8088399426007334	0.9584663038299192	0.9780667045774828
rbc	annotated_credset_1086.txt	ENSG00000269223	AL158091.1	0	-0.7911330688127013	0.3347265562717809	0.423375152726509	0.787524431573236
rbc	annotated_credset_1086.txt	ENSG00000183260	ABHD16B	0	-0.5364111993158843	0.6271439309386603	0.3562136909526255	0.7535511415779821
rbc	annotated_credset_1086.txt	ENSG00000268858	C20ORF135	0	-0.8582670989807643	0.5651663895405782	0.3008905730346091	0.752953309466411
rbc	annotated_credset_1086.txt	ENSG00000101150	TPD52L2	0	-0.3469213122128339	0.780561692822814	0.6464590768072858	0.7458538143906613
rbc	annotated_credset_1086.txt	ENSG00000101152	DNAJC5	0	-0.1973337872848729	0.751406509805708	1.0	0.6887025925298648
rbc	annotated_credset_1086.txt	ENSG00000198276	UCKL1	0	-0.3203310045120878	0.6703869894995786	0.8398786925292127	0.60338641118911
rbc	annotated_credset_1086.txt	ENSG00000267848	AL118506.1	0	-0.8026957142480345	0.3347265562717809	0.423375152726509	0.5769882079494177
rbc	annotated_credset_1086.txt	ENSG00000196700	ZNF512B	0	-0.590282825809242	0.5644375099651504	0.6515981082539962	0.5711665073868982
rbc	annotated_credset_1086.txt	ENSG00000130590	SAMD10	0	-0.5564215997319305	0.4912534450948682	0.6316435584554944	0.537911379928228
rbc	annotated_credset_1086.txt	ENSG00000101161	PRPF6	0	-0.532520740872419	0.5330729107350295	0.7042393778896051	0.5244993125561769
rbc	annotated_credset_1086.txt	ENSG00000203883	SOX18	0	-0.6753647967491071	0.3609343325057513	0.6445284485245346	0.3973157833379853
rbc	annotated_credset_1086.txt	ENSG00000171703	TCEA2	0	-0.6019462085484596	0.6125321732000091	0.7743288293096796	0.3932799390831941
rbc	annotated_credset_1086.txt	ENSG00000171700	RGS19	0	-0.6419513724674838	0.5876819351752728	0.5912236852637454	0.3486908315923747
rbc	annotated_credset_1086.txt	ENSG00000125510	OPRL1	0	-0.8805705059673328	0.4912306676081361	0.0313053121010228	0.3353360644227106
rbc	annotated_credset_1086.txt	ENSG00000171695	C20orf201	0	-0.8128214564840989	0.475024485798237	0.3760973725924539	0.3292106727875399
rbc	annotated_credset_1086.txt	ENSG00000125522	NPBWR2	0	-0.9819679337643232	0.3447973942555178	0.0326158337043073	0.2863501214020618
rbc	annotated_credset_1086.txt	ENSG00000196132	MYT1	0	-0.5790709221964973	0.7255085073912945	0.6490819015939876	0.1985452012709649
rbc	annotated_credset_1086.txt	ENSG00000203880	PCMTD2	0	-0.670666324067316	0.5096804318611484	0.6937908876625312	0.0
rbc	annotated_credset_1105.txt	ENSG00000100154	TTC28	0	-0.0362828152236195	0.6264389831927832	1.0	0.85109919990904
rbc	annotated_credset_1105.txt	ENSG00000183765	CHEK2	1	-0.1852651367089414	0.8861820196811743	0.902459789783873	0.9458270073730553
rbc	annotated_credset_1105.txt	ENSG00000100209	HSCB	0	-0.1068360841233478	0.7132100483387885	0.7253728590206118	0.9686817925778186
rbc	annotated_credset_1105.txt	ENSG00000159873	CCDC117	0	-0.0388304915956484	0.752479745994188	0.6563178400049655	1.0
rbc	annotated_credset_1105.txt	ENSG00000100219	XBP1	0	0.0362828152236195	0.7274283871450539	0.5831290788876422	0.9752298721684588
rbc	annotated_credset_1105.txt	ENSG00000183579	ZNRF3	0	-0.1264604628843358	1.0	0.9818298967867218	0.8404043563481105
rbc	annotated_credset_1105.txt	ENSG00000100249	C22orf31	0	-0.7481513895028239	0.4413154992365215	0.0624481637127095	0.5752870308561625
rbc	annotated_credset_1105.txt	ENSG00000183762	KREMEN1	0	-0.7595851658624146	0.2305883149486768	0.393389967682981	0.553472544958076
rbc	annotated_credset_1105.txt	ENSG00000186998	EMID1	0	-0.4555497560307168	0.3292792656352729	0.5962970223927634	0.352417668473795
rbc	annotated_credset_1105.txt	ENSG00000100263	RHBDD3	0	-0.6413890367337748	0.120953875922722	0.6553862355685569	0.2706459030300511
rbc	annotated_credset_1105.txt	ENSG00000182944	EWSR1	0	-0.5499601688709596	0.032686143533952	0.8382439712941872	0.2582940523101641
rbc	annotated_credset_1105.txt	ENSG00000185340	GAS2L1	0	-0.6893306009700221	0.0801928562647105	0.5595031070960619	0.1998828362173699
rbc	annotated_credset_1105.txt	ENSG00000100276	RASL10A	0	-0.9467150405987296	0.076242723791842	0.0447342278386468	0.1902672603841858
rbc	annotated_credset_1105.txt	ENSG00000100280	AP1B1	0	-0.5662712113258762	0.0	0.8056218863843538	0.1679364104925377
rbc	annotated_credset_1105.txt	ENSG00000128250	RFPL1	0	-0.967719473129198	0.3169139434152877	0.0	0.0
rbc	annotated_credset_121.txt	ENSG00000115155	OTOF	0	-0.7538471074594318	0.2867210825079125	0.0	0.0
rbc	annotated_credset_121.txt	ENSG00000173557	C2orf70	0	-0.6470669993738639	0.2831812765085019	0.2135602161711357	0.0310567194530653
rbc	annotated_credset_121.txt	ENSG00000157884	CIB4	0	-0.7036482295716885	0.217512269191835	0.1003977557754866	0.1232340883740478
rbc	annotated_credset_121.txt	ENSG00000171303	KCNK3	0	-0.4969321489805222	0.5298785253904998	0.5138299169578195	0.2604536880233504
rbc	annotated_credset_121.txt	ENSG00000213699	SLC35F6	0	-0.5273216542163882	0.4106142924872823	0.4530509064860872	0.331724342423394
rbc	annotated_credset_121.txt	ENSG00000115163	CENPA	0	-0.5177192416409583	0.2678143539934137	0.472255731636947	0.3612933683939711
rbc	annotated_credset_121.txt	ENSG00000157851	DPYSL5	0	-0.6488933114899441	0.4719442344408708	0.1949177390337018	0.5838272700370261
rbc	annotated_credset_121.txt	ENSG00000084764	MAPRE3	0	-0.2677042044108261	0.550909137504645	0.8204458345548533	0.6983781775137855
rbc	annotated_credset_121.txt	ENSG00000119777	TMEM214	0	-0.3420172858710436	0.389599697594854	0.6958470191991153	0.7199914719051648
rbc	annotated_credset_121.txt	ENSG00000084693	AGBL5	0	-0.265230899689839	0.614865903819787	0.9167038987697764	0.7631122227748403
rbc	annotated_credset_121.txt	ENSG00000228474	OST4	0	-0.0285374073492229	0.7764156020553299	0.8864614374213455	0.7648279895066479
rbc	annotated_credset_121.txt	ENSG00000138080	EMILIN1	0	-0.2324992816585139	0.5556182006893812	0.6765896182766402	0.7866365623010391
rbc	annotated_credset_121.txt	ENSG00000138030	KHK	0	-0.2341721446876238	0.6404614241232173	0.7524722934025028	0.8080560689642384
rbc	annotated_credset_121.txt	ENSG00000138028	CGREF1	0	-0.1722958952711849	0.5804448943504056	0.2754075887136522	0.8354174055083977
rbc	annotated_credset_121.txt	ENSG00000143994	ABHD1	0	-0.2902441615452279	0.5376628951448598	0.4308594181345603	0.8528359409220997
rbc	annotated_credset_121.txt	ENSG00000138073	PREB	0	0.0285374073492229	0.47963250086493	1.0	0.8585944177987048
rbc	annotated_credset_121.txt	ENSG00000186143	C2orf53	0	-0.6354027727262398	0.285705590651068	0.1739263758415063	0.865652763128947
rbc	annotated_credset_121.txt	ENSG00000163792	TCF23	0	-0.4462956663089198	0.2859939006419702	0.2811359118572986	0.8866712782622973
rbc	annotated_credset_121.txt	ENSG00000138074	SLC5A6	0	-0.2748645871614269	0.0	0.5836075786666884	0.9752889156840996
rbc	annotated_credset_121.txt	ENSG00000138085	ATRAID	0	-0.3547759574056025	0.2066029394805294	0.4514084915902026	0.9815795634757832
rbc	annotated_credset_121.txt	ENSG00000084774	CAD	1	-0.0328553393413856	0.1987336784510706	0.902671173565194	1.0
rbc	annotated_credset_121.txt	ENSG00000115194	SLC30A3	0	-0.5209788378420234	0.2535141784446637	0.2888959954878686	0.9640018611016572
rbc	annotated_credset_121.txt	ENSG00000163793	DNAJC5G	0	-0.5549778658074674	0.4629745902794684	0.2501247194947246	0.9315990622751584
rbc	annotated_credset_121.txt	ENSG00000138100	TRIM54	0	-0.2806347542084041	0.4097013108494253	0.3684303598834029	0.9212075680202232
rbc	annotated_credset_121.txt	ENSG00000163794	UCN	0	-0.369860636711088	0.3438224779282685	0.5702507449177081	0.8839287718177532
rbc	annotated_credset_121.txt	ENSG00000115204	MPV17	0	-0.2252734208081698	0.39081700644533	0.8944405213432955	0.8808102800688902
rbc	annotated_credset_121.txt	ENSG00000115207	GTF3C2	0	-0.2492317901016839	0.3995944439461308	0.7193079204820972	0.8564288025142038
rbc	annotated_credset_121.txt	ENSG00000115211	EIF2B4	0	-0.0563897202983304	0.4221627093450878	0.8394974750515727	0.7990333494518358
rbc	annotated_credset_121.txt	ENSG00000115234	SNX17	0	-0.4186292749963004	0.5141015619994618	0.6550335862977227	0.7898358857374548
rbc	annotated_credset_121.txt	ENSG00000163795	ZNF513	0	-0.3062914846570425	0.2468638279878525	0.7228063769066585	0.7798349482885436
rbc	annotated_credset_121.txt	ENSG00000115241	PPM1G	0	-0.302810209255144	0.4284574774797862	0.788438733237189	0.7739274039287233
rbc	annotated_credset_121.txt	ENSG00000115216	NRBP1	0	-0.4251866454311267	0.3677041555080022	0.6365570500026551	0.704467919449745
rbc	annotated_credset_121.txt	ENSG00000157992	KRTCAP3	0	-0.4266672880170742	0.3312970105457387	0.6335957648307602	0.6827398430962901
rbc	annotated_credset_121.txt	ENSG00000138002	IFT172	0	-0.4087459243238424	0.4591624915108724	0.6782995571281126	0.6797510400578243
rbc	annotated_credset_121.txt	ENSG00000115226	FNDC4	0	-0.5164998996642173	0.2961199882113248	0.4685446467610836	0.6089260974325943
rbc	annotated_credset_121.txt	ENSG00000084734	GCKR	0	-0.4008019375787338	0.8711734857318588	0.5843266335541207	0.6015338409399501
rbc	annotated_credset_121.txt	ENSG00000233438	AC109829.1	0	-0.4952276924711435	0.1513595417793211	0.5060295804801167	0.5410959205451588
rbc	annotated_credset_121.txt	ENSG00000221843	C2orf16	0	-0.5802254751312587	0.6971463717789367	0.2371091399004868	0.4827568703140382
rbc	annotated_credset_121.txt	ENSG00000243943	ZNF512	0	-0.3622947857428545	0.9622954600786764	0.663732513992847	0.4730555585063897
rbc	annotated_credset_121.txt	ENSG00000176714	CCDC121	0	-0.5470298485602446	0.5650843787240041	0.4018785745000345	0.4095393945832035
rbc	annotated_credset_121.txt	ENSG00000198522	GPN1	0	-0.5280311423608858	0.7742372599018464	0.3322598007567843	0.4056517146209498
rbc	annotated_credset_121.txt	ENSG00000119760	SUPT7L	0	-0.1210722388479575	0.856677900078164	0.7581361115057854	0.3720146370334284
rbc	annotated_credset_121.txt	ENSG00000163798	SLC4A1AP	0	-0.565825073716523	0.5446944554785306	0.3642881241874778	0.3531441843332099
rbc	annotated_credset_121.txt	ENSG00000205334	AC074091.13	0	-0.5008323172193735	0.1513595417793211	0.5060295804801167	0.2900662788106765
rbc	annotated_credset_121.txt	ENSG00000243147	MRPL33	0	-0.4566850980636706	0.9754776335515948	0.4623207114489933	0.1917845964520295
rbc	annotated_credset_121.txt	ENSG00000268656	AC110084.1	0	-0.5008323172193735	0.1513595417793211	0.5060295804801167	0.1854238869432347
rbc	annotated_credset_121.txt	ENSG00000171174	RBKS	0	-0.306435550956715	1.0	0.7515812306812149	0.1774040563462542
rbc	annotated_credset_121.txt	ENSG00000158019	BRE	0	-0.2557043945872198	0.9972610550864288	0.8542415967801904	0.0155510550956314
rbc	annotated_credset_122.txt	ENSG00000171303	KCNK3	0	-0.5629102417194596	0.5298785253904998	0.4114688221192957	0.0
rbc	annotated_credset_122.txt	ENSG00000213699	SLC35F6	0	-0.599698131257542	0.4106142924872823	0.3378930430431307	0.068662791031658
rbc	annotated_credset_122.txt	ENSG00000115163	CENPA	0	-0.588073970535534	0.2678143539934137	0.3611413644871465	0.0971498572487204
rbc	annotated_credset_122.txt	ENSG00000157851	DPYSL5	0	-0.7559391489485141	0.4719442344408708	0.0254110076611864	0.3115410244773924
rbc	annotated_credset_122.txt	ENSG00000084764	MAPRE3	0	-0.3720161939509978	0.550909137504645	0.7826414496310117	0.4219004015418287
rbc	annotated_credset_122.txt	ENSG00000119777	TMEM214	0	-0.4527402175725723	0.389599697594854	0.6318088704130702	0.4427228442258974
rbc	annotated_credset_122.txt	ENSG00000084693	AGBL5	0	-0.2967524628717664	0.614865903819787	0.8991662500844572	0.4842657643943267
rbc	annotated_credset_122.txt	ENSG00000228474	OST4	0	-0.2834717125973605	0.7764156020553299	0.862556363914519	0.4859187495332578
rbc	annotated_credset_122.txt	ENSG00000138080	EMILIN1	0	-0.459088466973125	0.5556182006893812	0.608496903586757	0.5069293251914361
rbc	annotated_credset_122.txt	ENSG00000138030	KHK	0	-0.3754171962664541	0.6404614241232173	0.7003563612751234	0.5275650710309687
rbc	annotated_credset_122.txt	ENSG00000138028	CGREF1	0	-0.6994093353580368	0.5804448943504056	0.1228476614000633	0.5539252293498929
rbc	annotated_credset_122.txt	ENSG00000143994	ABHD1	0	-0.6103535347925644	0.5376628951448598	0.3110292288472314	0.5707064034145417
rbc	annotated_credset_122.txt	ENSG00000138073	PREB	0	-0.26586814921618	0.47963250086493	1.0	0.5762541719564106
rbc	annotated_credset_122.txt	ENSG00000186143	C2orf53	0	-0.7658681492161801	0.285705590651068	0.0	0.5830542454862447
rbc	annotated_credset_122.txt	ENSG00000163792	TCF23	0	-0.7009771196030479	0.2859939006419702	0.1297820592262642	0.603303672470545
rbc	annotated_credset_122.txt	ENSG00000138074	SLC5A6	0	-0.5113010936822366	0.0	0.4959378811331943	0.6886787033473308
rbc	annotated_credset_122.txt	ENSG00000138085	ATRAID	0	-0.59131762199783	0.2066029394805294	0.3359048245020077	0.6947391701468874
rbc	annotated_credset_122.txt	ENSG00000084774	CAD	1	-0.3181805378579723	0.1987336784510706	0.8821789927817231	0.7331771781777239
rbc	annotated_credset_122.txt	ENSG00000115194	SLC30A3	0	-0.692102819149639	0.2535141784446637	0.139175996284205	0.7789523721988293
rbc	annotated_credset_122.txt	ENSG00000163793	DNAJC5G	0	-0.7155700228342015	0.4629745902794684	0.0922415889150802	0.7871124604346302
rbc	annotated_credset_122.txt	ENSG00000138100	TRIM54	0	-0.6439628216545281	0.4097013108494253	0.2354559912744269	0.8243656615674493
rbc	annotated_credset_122.txt	ENSG00000163794	UCN	0	-0.5218064065771819	0.3438224779282685	0.4797688214291195	0.825810407918244
rbc	annotated_credset_122.txt	ENSG00000115204	MPV17	0	-0.3255831118582435	0.39081700644533	0.8722154108669963	0.8505606649854377
rbc	annotated_credset_122.txt	ENSG00000115207	GTF3C2	0	-0.4315861337072963	0.3995944439461308	0.6602093671688904	0.8955416793524779
rbc	annotated_credset_122.txt	ENSG00000115211	EIF2B4	0	-0.1964409080067111	0.4221627093450878	0.8057043340272141	0.914907886649165
rbc	annotated_credset_122.txt	ENSG00000115234	SNX17	0	-0.3088610441227577	0.5141015619994618	0.5824023384674841	0.9244466592753864
rbc	annotated_credset_122.txt	ENSG00000163795	ZNF513	0	-0.4260096360033591	0.2468638279878525	0.6644444090855538	0.9297057657730112
rbc	annotated_credset_122.txt	ENSG00000115241	PPM1G	0	-0.27837363373613	0.4284574774797862	0.7438953858642751	0.9712056020542398
rbc	annotated_credset_122.txt	ENSG00000115216	NRBP1	0	0.0577012370392515	0.3677041555080022	0.5600356440776357	1.0
rbc	annotated_credset_122.txt	ENSG00000157992	KRTCAP3	0	-0.3340429738448531	0.3312970105457387	0.5564508725932399	0.9818631196181044
rbc	annotated_credset_122.txt	ENSG00000138002	IFT172	0	-0.437227207163321	0.4591624915108724	0.6105668629722952	0.9789836798235284
rbc	annotated_credset_122.txt	ENSG00000115226	FNDC4	0	-0.5800745089298218	0.2961199882113248	0.3566489260805289	0.9107502915343034
rbc	annotated_credset_122.txt	ENSG00000084734	GCKR	0	-0.4581193348786712	0.8711734857318588	0.496808330045257	0.9036285249800378
rbc	annotated_credset_122.txt	ENSG00000233438	AC109829.1	0	-0.5606777387196482	0.1513595417793211	0.4020261571441866	0.8454020875579479
rbc	annotated_credset_122.txt	ENSG00000221843	C2orf16	0	-0.6761418207850121	0.6971463717789367	0.0764856330128488	0.7891977205751411
rbc	annotated_credset_122.txt	ENSG00000243943	ZNF512	0	-0.4137308971294819	0.9622954600786764	0.5929327893143875	0.7798513893117492
rbc	annotated_credset_122.txt	ENSG00000176714	CCDC121	0	-0.4097162249565291	0.5650843787240041	0.2759465887689357	0.718659344320682
rbc	annotated_credset_122.txt	ENSG00000198522	GPN1	0	-0.4004253121815444	0.7742372599018464	0.1916698709229089	0.7149139183933731
rbc	annotated_credset_122.txt	ENSG00000119760	SUPT7L	0	-0.3005003620525559	0.856677900078164	0.7072126727922139	0.682507654570626
rbc	annotated_credset_122.txt	ENSG00000163798	SLC4A1AP	0	-0.5763488356861881	0.5446944554785306	0.2304416250305649	0.6643276903015297
rbc	annotated_credset_122.txt	ENSG00000205334	AC074091.13	0	-0.5648550706440867	0.1513595417793211	0.4020261571441866	0.6035578674050287
rbc	annotated_credset_122.txt	ENSG00000243147	MRPL33	0	-0.0577012370392515	0.9754776335515948	0.3491145669991208	0.5088724085041849
rbc	annotated_credset_122.txt	ENSG00000268656	AC110084.1	0	-0.5676315742070139	0.1513595417793211	0.4020261571441866	0.5027444436146807
rbc	annotated_credset_122.txt	ENSG00000171174	RBKS	0	-0.2453075021988766	1.0	0.6992776889931029	0.4950180665100328
rbc	annotated_credset_122.txt	ENSG00000158019	BRE	0	-0.2955298433755102	0.9972610550864288	0.8235527694419598	0.3390874258239075
rbc	annotated_credset_222.txt	ENSG00000229453	SPINK8	0	-0.6936724287667282	0.5426491493118637	0.1321430826426142	0.0
rbc	annotated_credset_222.txt	ENSG00000164049	FBXW12	0	-0.7563548386189309	0.1012449561109942	0.0090434778582527	0.0973500887491713
rbc	annotated_credset_222.txt	ENSG00000164050	PLXNB1	0	-0.4376481510111136	0.2839430622223072	0.6464568530738873	0.1360147879643292
rbc	annotated_credset_222.txt	ENSG00000164051	CCDC51	0	-0.5890454107724528	0.2026926239697079	0.343662333551209	0.1497441778405081
rbc	annotated_credset_222.txt	ENSG00000232112	TMA7	0	-0.591463285953022	0.1160250648613846	0.3388265831900705	0.1547563674857252
rbc	annotated_credset_222.txt	ENSG00000164053	ATRIP	0	-0.5777566366904514	0.1635909302429353	0.3662398817152117	0.1834915848677316
rbc	annotated_credset_222.txt	ENSG00000213689	TREX1	0	-0.5863761066616788	0.2237797453991445	0.3490009417727568	0.1860698552212313
rbc	annotated_credset_222.txt	ENSG00000164054	SHISA5	0	-0.351530352266016	0.2047069922803796	0.5396468687464557	0.2304644896388015
rbc	annotated_credset_222.txt	ENSG00000114268	PFKFB4	0	-0.5198870311330575	0.1112046049989482	0.4819790928299998	0.3069023866042215
rbc	annotated_credset_222.txt	ENSG00000145040	UCN2	0	-0.7583841783803091	0.2590184416693759	0.0049847983354962	0.3092521011098992
rbc	annotated_credset_222.txt	ENSG00000114270	COL7A1	0	-0.6450411430093446	0.3363931332989106	0.2316708690774252	0.3513464746262911
rbc	annotated_credset_222.txt	ENSG00000010256	UQCRC1	0	-0.5172947517747502	0.2833311022291917	0.4871636515466143	0.3723428711960822
rbc	annotated_credset_222.txt	ENSG00000183396	TMEM89	0	-0.7182764600030693	0.2083405047395026	0.085200235089976	0.3868835675028335
rbc	annotated_credset_222.txt	ENSG00000225697	SLC26A6	0	-0.5165802184171928	0.0	0.488592718261729	0.4051118988045593
rbc	annotated_credset_222.txt	ENSG00000008300	CELSR3	0	-0.7298067173837488	0.1466727862665978	0.0621397203286169	0.4417637026581981
rbc	annotated_credset_222.txt	ENSG00000213672	NCKIPSD	0	-0.3883124332551877	0.2064153805944936	0.4614578631706999	0.4731052586557174
rbc	annotated_credset_222.txt	ENSG00000068745	IP6K2	0	-0.2300891271435248	0.3042907319933959	0.7760522014529858	0.5452660871238852
rbc	annotated_credset_222.txt	ENSG00000114302	PRKAR2A	0	-0.4918175033136089	0.4553556061272494	0.5264759308327882	0.6889395008661063
rbc	annotated_credset_222.txt	ENSG00000178537	SLC25A20	0	-0.5168043390142072	0.4929783965373263	0.4758950073106203	0.7573017578751524
rbc	annotated_credset_222.txt	ENSG00000221883	ARIH2OS	0	-0.639331970980483	0.3410083315803229	0.228024496796037	0.7845573768738906
rbc	annotated_credset_222.txt	ENSG00000177479	ARIH2	0	-0.4183362408939652	0.4814531500003187	0.6700159569690726	0.8741044887833879
rbc	annotated_credset_222.txt	ENSG00000178467	P4HTM	0	-0.3886038204116588	0.4798722533514371	0.4461908885708924	0.9018680096661748
rbc	annotated_credset_222.txt	ENSG00000178252	WDR6	0	-0.2410350864034651	0.406003582515793	0.7446628788345941	0.9136286114497124
rbc	annotated_credset_222.txt	ENSG00000178149	DALRD3	0	-0.1467262259047819	0.4201424081900645	0.6876551039213165	0.9221025534098928
rbc	annotated_credset_222.txt	ENSG00000178057	NDUFAF3	0	-0.2177328860211871	0.0840004334716617	0.545641783688506	0.9237091272641732
rbc	annotated_credset_222.txt	ENSG00000178035	IMPDH2	0	-0.1202724594831041	0.0752481306534585	0.740562636764672	0.9316123478967516
rbc	annotated_credset_222.txt	ENSG00000198218	QRICH1	0	0.0436074664820631	0.4970326314917161	0.6749695033129264	1.0
rbc	annotated_credset_222.txt	ENSG00000172053	QARS	0	-0.3149165426434568	0.3071082977950316	0.5397555628969696	0.9794727443810012
rbc	annotated_credset_222.txt	ENSG00000172046	USP19	0	-0.3462618824963102	0.4273966839417872	0.7567215318271268	0.9632813669510916
rbc	annotated_credset_222.txt	ENSG00000172037	LAMB2	0	-0.3531828392997911	0.5208098270575561	0.7744412313030508	0.9458148884754388
rbc	annotated_credset_222.txt	ENSG00000177352	CCDC71	0	-0.3456210610574859	0.3947843159753431	0.5374922150795314	0.8904522465302281
rbc	annotated_credset_222.txt	ENSG00000185909	KLHDC8B	0	-0.2672335806643779	0.3790008478195737	0.6942671758657472	0.8783214110048972
rbc	annotated_credset_222.txt	ENSG00000236980	C3orf84	0	-0.7475592309751813	0.553779171686651	0.0	0.8702738393105366
rbc	annotated_credset_222.txt	ENSG00000173421	CCDC36	0	-0.6355725641344248	0.5413487343264934	0.2332642672905218	0.8424782404140202
rbc	annotated_credset_222.txt	ENSG00000225399	RP11-3B7.1	0	-0.6069708282212989	0.0224576568306846	0.2955620288964364	0.7600684865593123
rbc	annotated_credset_222.txt	ENSG00000188315	C3orf62	0	-0.29278323446038	0.3660986912980563	0.4275730997495732	0.748684801437095
rbc	annotated_credset_222.txt	ENSG00000114316	USP4	0	-0.0436074664820631	0.6669662720799627	0.6413825519659725	0.7363494685742392
rbc	annotated_credset_222.txt	ENSG00000233276	GPX1	0	-0.2090335925506936	0.4526145353247531	0.8133073994380866	0.6302982186009709
rbc	annotated_credset_222.txt	ENSG00000067560	RHOA	0	-0.1678641056073546	0.8815729921656371	0.6595709720186121	0.6276664848912555
rbc	annotated_credset_222.txt	ENSG00000145022	TCTA	0	-0.3054060895472408	0.8354337585180368	0.385231346942795	0.5567460062872907
rbc	annotated_credset_222.txt	ENSG00000145020	AMT	0	-0.3041106696498095	0.7539538352680193	0.3968637345129264	0.5506351446718419
rbc	annotated_credset_222.txt	ENSG00000145029	NICN1	0	-0.5431470684890938	0.7893455215365295	0.31870329416468	0.5423910951433887
rbc	annotated_credset_222.txt	ENSG00000173402	DAG1	0	-0.1136839754023151	0.9136626443046286	0.7706282233954884	0.4812196595453476
rbc	annotated_credset_222.txt	ENSG00000164061	BSN	0	-0.3048731808244294	0.8030381263824877	0.393262324758291	0.3665728384765082
rbc	annotated_credset_222.txt	ENSG00000164062	APEH	1	-0.3578461154968966	0.6702555570429582	0.698340787459865	0.2068336861914843
rbc	annotated_credset_222.txt	ENSG00000173531	MST1	0	-0.2784456641068582	0.749185646988328	0.8571416902399418	0.1935413592523684
rbc	annotated_credset_222.txt	ENSG00000164068	RNF123	0	-0.2024987155714337	0.922140840042582	1.0	0.1861206454096362
rbc	annotated_credset_222.txt	ENSG00000176020	AMIGO3	0	-0.5125575765037138	1.0	0.3565356156140775	0.1495851243557665
rbc	annotated_credset_222.txt	ENSG00000173540	GMPPB	0	-0.4136394843246342	1.0	0.5543717999722364	0.1495717585167126
rbc	annotated_credset_222.txt	ENSG00000176095	IP6K1	0	-0.360367682959289	0.845441854238779	0.6842620652242893	0.1396142084215478
rbc	annotated_credset_222.txt	ENSG00000187492	CDHR4	0	-0.6328073809062178	0.9537842713532602	0.1393826693304317	0.0508142469151643
rbc	annotated_credset_222.txt	ENSG00000185614	FAM212A	0	-0.340929158483134	0.4000752200824871	0.8398948381298463	0.0340775432518551
rbc	annotated_credset_222.txt	ENSG00000182179	UBA7	0	-0.3506872395255831	0.978785386905331	0.6951173692822531	0.031467194884626
rbc	annotated_credset_222.txt	ENSG00000183763	TRAIP	0	-0.5097449384149306	0.970128702836052	0.3547537033761165	0.0001991510019032
rbc	annotated_credset_224.txt	ENSG00000183396	TMEM89	0	-0.6056633935599247	0.2083405047395026	0.1745102228212009	0.0
rbc	annotated_credset_224.txt	ENSG00000225697	SLC26A6	0	-0.4236583341894704	0.0	0.5385203415621093	0.0183858769286768
rbc	annotated_credset_224.txt	ENSG00000008300	CELSR3	0	-0.6160679760282286	0.1466727862665978	0.1537010578845931	0.0553544586223399
rbc	annotated_credset_224.txt	ENSG00000213672	NCKIPSD	0	-0.4359012021601873	0.2064153805944936	0.5140346056206754	0.0869668965238316
rbc	annotated_credset_224.txt	ENSG00000068745	IP6K2	0	-0.2939606266529897	0.3042907319933959	0.7979157566350707	0.1597514037464695
rbc	annotated_credset_224.txt	ENSG00000114302	PRKAR2A	0	-0.4065659573089537	0.4553556061272494	0.5727050953231428	0.3046665722971561
rbc	annotated_credset_224.txt	ENSG00000178537	SLC25A20	0	-0.4293873641836696	0.4929783965373263	0.5270622815737112	0.3736196773910875
rbc	annotated_credset_224.txt	ENSG00000221883	ARIH2OS	0	-0.5412230796825708	0.3410083315803229	0.3033908505759085	0.4011108639528691
rbc	annotated_credset_224.txt	ENSG00000177479	ARIH2	0	-0.3418027005086337	0.4814531500003187	0.7022316089237828	0.4914319225091504
rbc	annotated_credset_224.txt	ENSG00000178467	P4HTM	0	-0.4427894480605505	0.4798722533514371	0.500258113819949	0.5194354006996825
rbc	annotated_credset_224.txt	ENSG00000178252	WDR6	0	-0.3081230510041799	0.406003582515793	0.7695909079326904	0.5312976481769833
rbc	annotated_credset_224.txt	ENSG00000178149	DALRD3	0	-0.3330250765162166	0.4201424081900645	0.7181486828516102	0.5398448295619233
rbc	annotated_credset_224.txt	ENSG00000178057	NDUFAF3	0	-0.3970995049169139	0.0840004334716617	0.5899998260502156	0.5414652888718126
rbc	annotated_credset_224.txt	ENSG00000178035	IMPDH2	0	-0.3083563066254677	0.0752481306534585	0.7658909639203392	0.5494368162423409
rbc	annotated_credset_224.txt	ENSG00000198218	QRICH1	0	-0.3366009679322248	0.4970326314917161	0.7067015508985001	0.6370049813620217
rbc	annotated_credset_224.txt	ENSG00000172053	QARS	0	-0.3976076110397544	0.3071082977950316	0.5846882646834408	0.6515068788632519
rbc	annotated_credset_224.txt	ENSG00000172046	USP19	0	-0.2969402819842384	0.4273966839417872	0.7804722998544094	0.6728316919779176
rbc	annotated_credset_224.txt	ENSG00000172037	LAMB2	0	-0.2889454008456897	0.5208098270575561	0.7964620621315065	0.6892519868152313
rbc	annotated_credset_224.txt	ENSG00000177352	CCDC71	0	-0.3958534905216457	0.3947843159753431	0.5826458827795944	0.7340141419452252
rbc	annotated_credset_224.txt	ENSG00000185909	KLHDC8B	0	-0.3208440899767666	0.3790008478195737	0.7241152320413502	0.7477152467425667
rbc	annotated_credset_224.txt	ENSG00000236980	C3orf84	0	-0.6309678062285511	0.553779171686651	0.0976279084855351	0.7684414875331136
rbc	annotated_credset_224.txt	ENSG00000173421	CCDC36	0	-0.530304748152904	0.5413487343264934	0.3081190732360724	0.8577500960546804
rbc	annotated_credset_224.txt	ENSG00000225399	RP11-3B7.1	0	-0.5033208918255789	0.0224576568306846	0.3643348346730712	0.8620735677741603
rbc	annotated_credset_224.txt	ENSG00000188315	C3orf62	0	-0.4437593387711742	0.3660986912980563	0.4834579407818804	0.8844499268636293
rbc	annotated_credset_224.txt	ENSG00000114316	USP4	0	-0.1482907812707254	0.6669662720799627	0.6763936233639546	0.969116903601545
rbc	annotated_credset_224.txt	ENSG00000233276	GPX1	0	-0.1694158481308021	0.4526145353247531	0.8315338075606716	0.9932323579570348
rbc	annotated_credset_224.txt	ENSG00000067560	RHOA	0	0.1344971316032155	0.8815729921656371	0.6928063460081989	1.0
rbc	annotated_credset_224.txt	ENSG00000145022	TCTA	0	-0.4039178101770304	0.8354337585180368	0.4452499247432395	0.934499470856673
rbc	annotated_credset_224.txt	ENSG00000145020	AMT	0	-0.4031570729316862	0.7539538352680193	0.4557466666442058	0.9283357936812872
rbc	annotated_credset_224.txt	ENSG00000145029	NICN1	0	-0.4339343392419166	0.7893455215365295	0.3852168666134672	0.92002049166515
rbc	annotated_credset_224.txt	ENSG00000173402	DAG1	0	-0.230032117443151	0.9136626443046286	0.7930213102109983	0.8583203575256314
rbc	annotated_credset_224.txt	ENSG00000164061	BSN	0	-0.4056713992673701	0.8030381263824877	0.4524968549915149	0.7426826555580271
rbc	annotated_credset_224.txt	ENSG00000164062	APEH	1	-0.2750612976068238	0.6702555570429582	0.7277911454555519	0.5815628939084481
rbc	annotated_credset_224.txt	ENSG00000173531	MST1	0	-0.2034125462188023	0.749185646988328	0.8710886482315949	0.5681556827297055
rbc	annotated_credset_224.txt	ENSG00000164068	RNF123	0	-0.1344971316032155	0.922140840042582	1.0	0.56067083240649
rbc	annotated_credset_224.txt	ENSG00000176020	AMIGO3	0	-0.4098758022882736	1.0	0.4193556976466074	0.5238195385330934
rbc	annotated_credset_224.txt	ENSG00000173540	GMPPB	0	-0.3206148765600169	1.0	0.5978775491031207	0.5238060571744421
rbc	annotated_credset_224.txt	ENSG00000176095	IP6K1	0	-0.2777892198006848	0.845441854238779	0.7150868994259844	0.513762444979205
rbc	annotated_credset_224.txt	ENSG00000187492	CDHR4	0	-0.523631199848624	0.9537842713532602	0.2234029393301059	0.4241949943715327
rbc	annotated_credset_224.txt	ENSG00000185614	FAM212A	0	-0.2651557198600414	0.4000752200824871	0.8555255702209674	0.4073136370683437
rbc	annotated_credset_224.txt	ENSG00000182179	UBA7	0	-0.2728914580872796	0.978785386905331	0.7248824228527945	0.40468072772374
rbc	annotated_credset_224.txt	ENSG00000183763	TRAIP	0	-0.4264587946269051	0.970128702836052	0.4177477497735434	0.3731424372948306
rbc	annotated_credset_224.txt	ENSG00000164076	CAMKV	0	-0.6929185049705251	0.3547774314254205	0.0	0.3335247686261821
rbc	annotated_credset_224.txt	ENSG00000164078	MST1R	0	-0.5157514056125403	0.4200659131909251	0.3543341987159696	0.2944099546352281
rbc	annotated_credset_224.txt	ENSG00000228008	CTD-2330K9.3	0	-0.5107510876339896	0.0224576568306846	0.3643348346730712	0.2717033022588016
rbc	annotated_credset_224.txt	ENSG00000164077	MON1A	0	-0.3989002770304235	0.3488873164916843	0.5880364558802033	0.264930267672376
rbc	annotated_credset_224.txt	ENSG00000004534	RBM6	0	-0.1988151687435135	0.4081199441586506	0.9882066724540228	0.2229520131038806
rbc	annotated_credset_224.txt	ENSG00000003756	RBM5	0	-0.2712119410033708	0.4755757842331057	0.8398804798477607	0.022213234649788
rbc	annotated_credset_226.txt	ENSG00000173402	DAG1	0	-0.3009506973104707	0.9116791653081188	0.7930213102109983	0.0
rbc	annotated_credset_226.txt	ENSG00000164061	BSN	0	-0.4742625369655004	0.7985132050864037	0.4524968549915149	0.1949887895432187
rbc	annotated_credset_226.txt	ENSG00000164062	APEH	1	-0.3411994657538677	0.6626801434626671	0.7277911454555519	0.2128021551619025
rbc	annotated_credset_226.txt	ENSG00000173531	MST1	0	-0.065509710184938	0.7434235409194652	0.8710886482315949	0.2207463022706375
rbc	annotated_credset_226.txt	ENSG00000164068	RNF123	0	-0.2005109644612579	0.9203521356374308	1.0	0.2666898096015446
rbc	annotated_credset_226.txt	ENSG00000176020	AMIGO3	0	-0.4789890766746363	1.0	0.4193556976466074	0.2701139120119004
rbc	annotated_credset_226.txt	ENSG00000173540	GMPPB	0	-0.3897281509463797	1.0	0.5978775491031207	0.2701641187921109
rbc	annotated_credset_226.txt	ENSG00000176095	IP6K1	0	-0.1290156886526847	0.8418910987936092	0.7150868994259844	0.3599496210822573
rbc	annotated_credset_226.txt	ENSG00000187492	CDHR4	0	-0.374857668700624	0.9527225301597652	0.2234029393301059	0.3790181562062035
rbc	annotated_credset_226.txt	ENSG00000185614	FAM212A	0	-0.1870576809987234	0.3862927942614932	0.8555255702209674	0.3864702768688757
rbc	annotated_credset_226.txt	ENSG00000182179	UBA7	0	-0.3380697530348606	0.9782980110857517	0.7248824228527945	0.3992600955076407
rbc	annotated_credset_226.txt	ENSG00000183763	TRAIP	0	-0.4916370895744861	0.9694424519074012	0.4177477497735434	0.4604090848451551
rbc	annotated_credset_226.txt	ENSG00000164076	CAMKV	0	-0.6776265955647736	0.3399543527877404	0.0	0.4799868601683792
rbc	annotated_credset_226.txt	ENSG00000164078	MST1R	0	-0.4368106762833879	0.4067427453537658	0.3543341987159696	0.5282484862655766
rbc	annotated_credset_226.txt	ENSG00000228008	CTD-2330K9.3	0	-0.575912812490323	0.0	0.3643348346730712	0.5469985669550449
rbc	annotated_credset_226.txt	ENSG00000164077	MON1A	0	-0.4629862572578507	0.3339289207694815	0.5880364558802033	0.5659853367512196
rbc	annotated_credset_226.txt	ENSG00000004534	RBM6	0	-0.1159711696465999	0.3945223345288555	0.9882066724540228	0.8096632272631423
rbc	annotated_credset_226.txt	ENSG00000003756	RBM5	0	-0.1901342659497311	0.4635278774046299	0.8398804798477607	0.8368839090138385
rbc	annotated_credset_226.txt	ENSG00000001617	SEMA3F	0	-0.4094038108175366	0.2865731985653733	0.3638615126402257	0.9373749313242972
rbc	annotated_credset_226.txt	ENSG00000114349	GNAT1	0	-0.517011649969711	0.1809455493968046	0.1415562194677129	0.9480488927970484
rbc	annotated_credset_226.txt	ENSG00000114353	GNAI2	0	0.065509710184938	0.1895663514835344	0.746741571307773	1.0
rbc	annotated_credset_226.txt	ENSG00000179564	LSMEM2	0	-0.263477938547485	0.3776719921747636	0.2426502078639225	0.9335936435347296
rbc	annotated_credset_226.txt	ENSG00000214706	IFRD2	0	-0.2955094373621727	0.2671274861428105	0.8766048074330337	0.921106500056662
rbc	annotated_credset_226.txt	ENSG00000186792	HYAL3	0	-0.5290471551004456	0.1299432670361917	0.4070913035665953	0.91379208941971
rbc	annotated_credset_226.txt	ENSG00000243477	NAT6	0	-0.209937676884675	0.1023606129768503	0.54825234526425	0.9086695633588048
rbc	annotated_credset_226.txt	ENSG00000114378	HYAL1	0	-0.4987939476687584	0.571294424519074	0.4913287117008439	0.903667533570405
rbc	annotated_credset_226.txt	ENSG00000068001	HYAL2	0	-0.099945449517693	0.1279256602543201	0.7105259139966268	0.8779889172118884
rbc	annotated_credset_226.txt	ENSG00000114383	TUSC2	0	-0.254787431009376	0.1526834039778285	0.7063503261811073	0.8747799867167204
rbc	annotated_credset_226.txt	ENSG00000068028	RASSF1	0	-0.1584617597615327	0.3968568633844147	0.9052561032623656	0.8607780329557305
rbc	annotated_credset_226.txt	ENSG00000004838	ZMYND10	0	-0.4501418600798543	0.3579784805999348	0.3218959026257222	0.8445368567973526
rbc	annotated_credset_226.txt	ENSG00000114388	NPRL2	0	-0.4789476796030085	0.1808151287903488	0.5463057861013866	0.8356143947142302
rbc	annotated_credset_226.txt	ENSG00000114395	CYB561D2	0	-0.4738420466702115	0.3379458754483208	0.5565170519669805	0.8307873714168497
rbc	annotated_credset_226.txt	ENSG00000272104	XXcos-LUCA11.5	0	-0.5699331553171663	0.0	0.3643348346730712	0.8305047789682363
rbc	annotated_credset_226.txt	ENSG00000126062	TMEM115	0	-0.4373036039855957	0.1205321160743397	0.6295939373362122	0.8249719917890397
rbc	annotated_credset_226.txt	ENSG00000007402	CACNA2D2	0	-0.4924576082842937	0.5145745027714379	0.5192859287388162	0.813420128902322
rbc	annotated_credset_226.txt	ENSG00000088543	C3orf18	0	-0.5707317821231657	0.5746462341049886	0.363014623449988	0.5333681433676126
rbc	annotated_credset_226.txt	ENSG00000114735	HEMK1	0	-0.4502559646100632	0.550453211607434	0.603966258476193	0.5174152975755864
rbc	annotated_credset_226.txt	ENSG00000114737	CISH	0	-0.2392170427519646	0.4817737202477991	0.9035236554150464	0.4638547044470297
rbc	annotated_credset_226.txt	ENSG00000114738	MAPKAPK3	0	-0.3904868243216399	0.5035409194652755	0.738512511770325	0.4566392728910642
rbc	annotated_credset_226.txt	ENSG00000088538	DOCK3	0	-0.6469679615910604	0.4632409520704271	0.2219167380859762	0.365232808839836
rbc	annotated_credset_268.txt	ENSG00000114331	ACAP2	0	-0.8345600074368648	0.0	0.3016258953165723	0.1189729309452048
rbc	annotated_credset_268.txt	ENSG00000184203	PPP1R2	0	-0.9075094474834412	0.0682293074911955	0.0851409299039008	0.2725855000891271
rbc	annotated_credset_268.txt	ENSG00000189058	APOD	0	-0.9120168631189852	0.4096824299634248	0.0	0.3315851886589347
rbc	annotated_credset_268.txt	ENSG00000176945	MUC20	0	-0.7515743510579028	0.2399746134030823	0.3151514149226407	0.5581277078308111
rbc	annotated_credset_268.txt	ENSG00000145113	MUC4	0	-0.8295150868023107	0.3291444694212558	0.1474772836743036	0.6608527387970208
rbc	annotated_credset_268.txt	ENSG00000061938	TNK2	0	-0.1723350937253446	0.6462506688870512	0.5689439554666635	0.8047434320305732
rbc	annotated_credset_268.txt	ENSG00000072274	TFRC	1	0.1723350937253446	1.0	1.0	1.0
rbc	annotated_credset_268.txt	ENSG00000163958	ZDHHC19	0	-0.7190314884226382	0.4611683491132227	0.1441784281875547	0.7830744384900338
rbc	annotated_credset_268.txt	ENSG00000163959	SLC51A	0	-0.694778350155213	0.4048856754656189	0.2222998685255057	0.7628077776599519
rbc	annotated_credset_268.txt	ENSG00000161217	PCYT1A	0	-0.7421945424754305	0.3821576571021947	0.2944577640364383	0.7588592581151253
rbc	annotated_credset_268.txt	ENSG00000272741	RP11-447L10.1	0	-0.918167575962212	0.0423121261727442	0.2016340687364593	0.7097619079577363
rbc	annotated_credset_268.txt	ENSG00000213123	TCTEX1D2	0	-0.8354324993353631	0.2152668024992901	0.1479119555259235	0.6476986879531492
rbc	annotated_credset_268.txt	ENSG00000273331	TM4SF19	0	-0.9347497132858668	0.1048848835486028	0.1554303243702162	0.6118039744456463
rbc	annotated_credset_268.txt	ENSG00000145107	TM4SF19	0	-0.9562194981735328	0.0901427826380113	0.075572829713903	0.607097512392215
rbc	annotated_credset_268.txt	ENSG00000163960	UBXN7	0	-0.7374158138858512	0.2554848738193366	0.3206877132428795	0.566211927928052
rbc	annotated_credset_268.txt	ENSG00000163961	RNF168	0	-0.7261215291176143	0.2729296743750361	0.3501843418995315	0.3913495382428861
rbc	annotated_credset_268.txt	ENSG00000214097	SMCO1	0	-0.902665183641198	0.0264545535794083	0.0086381610109334	0.3363532298185278
rbc	annotated_credset_268.txt	ENSG00000185798	WDR53	0	-0.8601697241159209	0.3164398578622087	0.2504064619584604	0.2680546694431526
rbc	annotated_credset_268.txt	ENSG00000174013	FBXO45	0	-0.8650507075231393	0.4011410392892658	0.2406444951440234	0.2472278530067113
rbc	annotated_credset_268.txt	ENSG00000174004	NRROS	0	-0.7261599444528982	0.1932854487510903	0.302359899229452	0.1446168743417965
rbc	annotated_credset_268.txt	ENSG00000163964	PIGX	0	-0.8317600943063019	0.1738269163543308	0.1283507520952763	0.1444883850403378
rbc	annotated_credset_268.txt	ENSG00000174007	CEP19	0	-0.8266253753375369	0.1191597534196673	0.1565385383451843	0.0484794465503741
rbc	annotated_credset_268.txt	ENSG00000180370	PAK2	0	-0.766218877684646	0.3919887412026505	0.3436183087821915	0.0
rbc	annotated_credset_269.txt	ENSG00000114331	ACAP2	0	-0.7255471056538753	0.0	0.3016258953165723	0.0
rbc	annotated_credset_269.txt	ENSG00000184203	PPP1R2	0	-0.800898553280255	0.0682293074911955	0.0851409299039008	0.1648996595134001
rbc	annotated_credset_269.txt	ENSG00000189058	APOD	0	-0.8854364101999789	0.4096824299634248	0.0	0.228234506464906
rbc	annotated_credset_269.txt	ENSG00000176945	MUC20	0	-0.3784409897183337	0.2399746134030823	0.3151514149226407	0.4714228372436858
rbc	annotated_credset_269.txt	ENSG00000145113	MUC4	0	-0.7521870605076024	0.3291444694212558	0.1474772836743036	0.5816958619332262
rbc	annotated_credset_269.txt	ENSG00000061938	TNK2	0	-0.3035171086675138	0.6462506688870512	0.5689439554666635	0.7361593049548006
rbc	annotated_credset_269.txt	ENSG00000072274	TFRC	1	0.3035171086675138	1.0	1.0	1.0
rbc	annotated_credset_269.txt	ENSG00000163958	ZDHHC19	0	-0.7058058733980715	0.4611683491132227	0.1441784281875547	0.9442150949977528
rbc	annotated_credset_269.txt	ENSG00000163959	SLC51A	0	-0.6389764817164924	0.4048856754656189	0.2222998685255057	0.9224592875857764
rbc	annotated_credset_269.txt	ENSG00000161217	PCYT1A	0	-0.5573024841029329	0.3821576571021947	0.2944577640364383	0.9182206401095152
rbc	annotated_credset_269.txt	ENSG00000272741	RP11-447L10.1	0	-0.8266714063951037	0.0423121261727442	0.2016340687364593	0.865515732112187
rbc	annotated_credset_269.txt	ENSG00000213123	TCTEX1D2	0	-0.746842652247503	0.2152668024992901	0.1479119555259235	0.798892252639794
rbc	annotated_credset_269.txt	ENSG00000273331	TM4SF19	0	-0.7942572144112026	0.1048848835486028	0.1554303243702162	0.7603600799881364
rbc	annotated_credset_269.txt	ENSG00000145107	TM4SF19	0	-0.8169946112793066	0.0901427826380113	0.075572829713903	0.7553077981699968
rbc	annotated_credset_269.txt	ENSG00000163960	UBXN7	0	-0.5843461985217765	0.2554848738193366	0.3206877132428795	0.711418037099533
rbc	annotated_credset_269.txt	ENSG00000163961	RNF168	0	-0.5998582682762447	0.2729296743750361	0.3501843418995315	0.5237071701992629
rbc	annotated_credset_269.txt	ENSG00000214097	SMCO1	0	-0.78279291162658	0.0264545535794083	0.0086381610109334	0.4646698623525733
rbc	annotated_credset_269.txt	ENSG00000185798	WDR53	0	-0.7539020334573515	0.3164398578622087	0.2504064619584604	0.3913528843609948
rbc	annotated_credset_269.txt	ENSG00000174013	FBXO45	0	-0.7302990896146615	0.4011410392892658	0.2406444951440234	0.3689957624258779
rbc	annotated_credset_269.txt	ENSG00000174004	NRROS	0	-0.6994413875719472	0.1932854487510903	0.302359899229452	0.2588451703325439
rbc	annotated_credset_269.txt	ENSG00000163964	PIGX	0	-0.8135884858582734	0.1738269163543308	0.1283507520952763	0.2587072399393493
rbc	annotated_credset_269.txt	ENSG00000174007	CEP19	0	-0.7994945927333194	0.1191597534196673	0.1565385383451843	0.1556437904087001
rbc	annotated_credset_269.txt	ENSG00000180370	PAK2	0	-0.6476899751539759	0.3919887412026505	0.3436183087821915	0.1036021881224651
rbc	annotated_credset_270.txt	ENSG00000114331	ACAP2	0	-0.7844937151509456	0.0	0.3016258953165723	0.0611948009338446
rbc	annotated_credset_270.txt	ENSG00000184203	PPP1R2	0	-0.888782562164685	0.0682293074911955	0.0851409299039008	0.2160034586092635
rbc	annotated_credset_270.txt	ENSG00000189058	APOD	0	-0.936771685373166	0.4096824299634248	0.0	0.2754625422093965
rbc	annotated_credset_270.txt	ENSG00000176945	MUC20	0	-0.6337382333134571	0.2399746134030823	0.3151514149226407	0.5037690114967349
rbc	annotated_credset_270.txt	ENSG00000145113	MUC4	0	-0.8378305903995702	0.3291444694212558	0.1474772836743036	0.6072939003920259
rbc	annotated_credset_270.txt	ENSG00000061938	TNK2	0	-0.5045383031255216	0.6462506688870512	0.5689439554666635	0.7523049837663388
rbc	annotated_credset_270.txt	ENSG00000072274	TFRC	1	0.5045383031255216	1.0	1.0	1.0
rbc	annotated_credset_270.txt	ENSG00000163958	ZDHHC19	0	-0.7525787110369265	0.4611683491132227	0.1441784281875547	0.975402790983295
rbc	annotated_credset_270.txt	ENSG00000163959	SLC51A	0	-0.7450414569781806	0.4048856754656189	0.2222998685255057	0.9549783258750496
rbc	annotated_credset_270.txt	ENSG00000161217	PCYT1A	0	-0.5832503529269379	0.3821576571021947	0.2944577640364383	0.9509990615873268
rbc	annotated_credset_270.txt	ENSG00000272741	RP11-447L10.1	0	-0.8738697019883654	0.0423121261727442	0.2016340687364593	0.9015194199431316
rbc	annotated_credset_270.txt	ENSG00000213123	TCTEX1D2	0	-0.8153541383009698	0.2152668024992901	0.1479119555259235	0.8389729510345719
rbc	annotated_credset_270.txt	ENSG00000273331	TM4SF19	0	-0.8360096124252712	0.1048848835486028	0.1554303243702162	0.802798747017881
rbc	annotated_credset_270.txt	ENSG00000145107	TM4SF19	0	-0.8656945266883947	0.0901427826380113	0.075572829713903	0.7980556385798643
rbc	annotated_credset_270.txt	ENSG00000163960	UBXN7	0	-0.5721143717395499	0.2554848738193366	0.3206877132428795	0.7568517027011414
rbc	annotated_credset_270.txt	ENSG00000163961	RNF168	0	-0.6636543116722406	0.2729296743750361	0.3501843418995315	0.5806277649339527
rbc	annotated_credset_270.txt	ENSG00000214097	SMCO1	0	-0.9025655842797784	0.0264545535794083	0.0086381610109334	0.5252032333886114
rbc	annotated_credset_270.txt	ENSG00000185798	WDR53	0	-0.8062998210283049	0.3164398578622087	0.2504064619584604	0.4563728732702986
rbc	annotated_credset_270.txt	ENSG00000174013	FBXO45	0	-0.8111808044355233	0.4011410392892658	0.2406444951440234	0.4353838909614549
rbc	annotated_credset_270.txt	ENSG00000174004	NRROS	0	-0.7760937952181264	0.1932854487510903	0.302359899229452	0.3319739424240177
rbc	annotated_credset_270.txt	ENSG00000163964	PIGX	0	-0.872596309325528	0.1738269163543308	0.1283507520952763	0.3318444526537773
rbc	annotated_credset_270.txt	ENSG00000174007	CEP19	0	-0.858502416200574	0.1191597534196673	0.1565385383451843	0.2350879504007115
rbc	annotated_credset_270.txt	ENSG00000180370	PAK2	0	-0.7355811962004236	0.3919887412026505	0.3436183087821915	0.1862310236066609
rbc	annotated_credset_270.txt	ENSG00000119231	SENP5	0	-0.7509153372397548	0.0767254457644318	0.2412326452261733	0.0
rbc	annotated_credset_311.txt	ENSG00000063438	AHRR	0	-1.0136619883153015	0.5370916593062405	0.0739306963159606	0.0019239674564535
rbc	annotated_credset_311.txt	ENSG00000221990	C5orf55	0	-0.8974331078835605	0.7168707487427524	0.2436652973894039	0.0091116602743506
rbc	annotated_credset_311.txt	ENSG00000180104	EXOC3	0	-0.7678100774171572	0.7060066510006378	0.4087359003678035	0.0517667359129595
rbc	annotated_credset_311.txt	ENSG00000188242	CTD-2228K2.5	0	-0.9147585539286588	0.0851451932342745	0.2717375650892461	0.0534866269602758
rbc	annotated_credset_311.txt	ENSG00000066230	SLC9A3	0	-0.7455846882869721	0.7183917224266484	0.3016713139812618	0.12938404118784
rbc	annotated_credset_311.txt	ENSG00000112877	CEP72	0	-0.7821361837170804	0.2655109439488605	0.3199766950463994	0.3409795257997847
rbc	annotated_credset_311.txt	ENSG00000171368	TPPP	0	-0.9218065390450244	0.2556137509057941	0.1663639955217978	0.3798318793725357
rbc	annotated_credset_311.txt	ENSG00000268885	AC026740.1	0	-0.9147585539286588	0.0851451932342745	0.2717375650892461	0.3432845649639742
rbc	annotated_credset_311.txt	ENSG00000188818	ZDHHC11	0	-0.9477678132986588	0.2642615727085173	0.1374447867819855	0.6132852385780648
rbc	annotated_credset_311.txt	ENSG00000206077	ZDHHC11B	0	-0.9925582911212592	0.2520503268463805	0.1161380907040451	0.4887983098354499
rbc	annotated_credset_311.txt	ENSG00000028310	BRD9	0	-0.7228137282801328	0.1416765258353676	0.4233094110960759	0.6752635345622323
rbc	annotated_credset_311.txt	ENSG00000071539	TRIP13	0	-0.809121582400222	0.1096383015938717	0.2506937028558974	0.7145691927521055
rbc	annotated_credset_311.txt	ENSG00000250173	RP11-661C8.3	0	-0.90925042910032	0.0851451932342745	0.2717375650892461	0.8063307871913062
rbc	annotated_credset_311.txt	ENSG00000145506	NKD2	0	-0.6572954866357001	0.691524808710399	0.246200132895073	0.8917224147885949
rbc	annotated_credset_311.txt	ENSG00000113504	SLC12A7	0	0.3861975217153472	1.0	1.0	1.0
rbc	annotated_credset_311.txt	ENSG00000174358	SLC6A19	0	-0.5586447498715865	0.649524206839384	0.4775064138955291	0.8885422306154108
rbc	annotated_credset_311.txt	ENSG00000164363	SLC6A18	0	-0.7278683559657577	0.6501217322152004	0.1079634585278656	0.8533444603447521
rbc	annotated_credset_311.txt	ENSG00000164362	TERT	1	-0.3861975217153472	0.7488763806910218	0.5567500017921753	0.8121737351190725
rbc	annotated_credset_311.txt	ENSG00000049656	CLPTM1L	0	-0.7521060772632784	0.5920965861745665	0.4896713073680659	0.7164805378895381
rbc	annotated_credset_311.txt	ENSG00000142319	SLC6A3	0	-0.8983684038827973	0.2681835119934207	0.0	0.6053023956836066
rbc	annotated_credset_311.txt	ENSG00000153395	LPCAT1	0	-0.7407907783378931	0.1977407022335498	0.3479479385058848	0.5109587425919748
rbc	annotated_credset_311.txt	ENSG00000171421	MRPL36	0	-0.6744034583428757	0.0546333747255457	0.2393263897599578	0.0044649023398891
rbc	annotated_credset_311.txt	ENSG00000145494	NDUFS6	0	-0.7900338157759783	0.0	0.3329896670507348	0.0
rbc	annotated_credset_312.txt	ENSG00000249915	PDCD6	0	-0.7575946218061277	0.0835097119601765	0.3445894231465606	0.0486074413588568
rbc	annotated_credset_312.txt	ENSG00000063438	AHRR	0	-0.8929239852214276	0.5370916593062405	0.0739306963159606	0.162431922351038
rbc	annotated_credset_312.txt	ENSG00000221990	C5orf55	0	-0.7627843343734267	0.7168707487427524	0.2436652973894039	0.1689727689404152
rbc	annotated_credset_312.txt	ENSG00000180104	EXOC3	0	-0.6802490328842269	0.7060066510006378	0.4087359003678035	0.2077891614990563
rbc	annotated_credset_312.txt	ENSG00000188242	CTD-2228K2.5	0	-0.794020550834785	0.0851451932342745	0.2717375650892461	0.2093542733890536
rbc	annotated_credset_312.txt	ENSG00000066230	SLC9A3	0	-0.7337813260774978	0.7183917224266484	0.3016713139812618	0.278421407387436
rbc	annotated_credset_312.txt	ENSG00000112877	CEP72	0	-0.7699009858562081	0.2655109439488605	0.3199766950463994	0.4709746562415745
rbc	annotated_credset_312.txt	ENSG00000171368	TPPP	0	-0.8467073356185091	0.2556137509057941	0.1663639955217978	0.5063305473173362
rbc	annotated_credset_312.txt	ENSG00000268885	AC026740.1	0	-0.794020550834785	0.0851451932342745	0.2717375650892461	0.4730722566729576
rbc	annotated_credset_312.txt	ENSG00000188818	ZDHHC11	0	-0.8544260122921871	0.2642615727085173	0.1374447867819855	0.7187746023186843
rbc	annotated_credset_312.txt	ENSG00000206077	ZDHHC11B	0	-0.8692922762285267	0.2520503268463805	0.1161380907040451	0.605490698301429
rbc	annotated_credset_312.txt	ENSG00000028310	BRD9	0	-0.4500996762398782	0.1416765258353676	0.4233094110960759	0.7751752493933675
rbc	annotated_credset_312.txt	ENSG00000071539	TRIP13	0	-0.5456698537394841	0.1096383015938717	0.2506937028558974	0.8109436505796711
rbc	annotated_credset_312.txt	ENSG00000250173	RP11-661C8.3	0	-0.7858386212464671	0.0851451932342745	0.2717375650892461	0.8944472903747641
rbc	annotated_credset_312.txt	ENSG00000145506	NKD2	0	-0.2018167852042712	0.691524808710399	0.246200132895073	0.9721542194661634
rbc	annotated_credset_312.txt	ENSG00000113504	SLC12A7	0	0.2018167852042712	1.0	1.0	1.0
rbc	annotated_credset_312.txt	ENSG00000174358	SLC6A19	0	-0.6417336510745876	0.649524206839384	0.4775064138955291	0.8085791318414667
rbc	annotated_credset_312.txt	ENSG00000164363	SLC6A18	0	-0.6158109349183926	0.6501217322152004	0.1079634585278656	0.7765489350229172
rbc	annotated_credset_312.txt	ENSG00000164362	TERT	1	-0.6033443619709301	0.7488763806910218	0.5567500017921753	0.7390833108654624
rbc	annotated_credset_312.txt	ENSG00000049656	CLPTM1L	0	-0.6776810619738173	0.5920965861745665	0.4896713073680659	0.6520018873011594
rbc	annotated_credset_312.txt	ENSG00000142319	SLC6A3	0	-0.9285117508293592	0.2681835119934207	0.0	0.5508290644378538
rbc	annotated_credset_312.txt	ENSG00000153395	LPCAT1	0	-0.7559153641264654	0.1977407022335498	0.3479479385058848	0.4649757346993798
rbc	annotated_credset_312.txt	ENSG00000171421	MRPL36	0	-0.5261283477813504	0.0546333747255457	0.2393263897599578	0.0040630897816122
rbc	annotated_credset_312.txt	ENSG00000145494	NDUFS6	0	-0.7618893633641722	0.0	0.3329896670507348	0.0
rbc	annotated_credset_313.txt	ENSG00000221990	C5orf55	0	-0.7350515364899959	0.7168707487427524	0.2436652973894039	0.0
rbc	annotated_credset_313.txt	ENSG00000180104	EXOC3	0	-0.5837974439928004	0.7060066510006378	0.4087359003678035	0.0429997618173134
rbc	annotated_credset_313.txt	ENSG00000188242	CTD-2228K2.5	0	-0.7627321570765675	0.0851451932342745	0.2717375650892461	0.0447335509216372
rbc	annotated_credset_313.txt	ENSG00000066230	SLC9A3	0	-0.592284301757452	0.7183917224266484	0.3016713139812618	0.121244275272135
rbc	annotated_credset_313.txt	ENSG00000112877	CEP72	0	-0.6790931819646291	0.2655109439488605	0.3199766950463994	0.3345496159312229
rbc	annotated_credset_313.txt	ENSG00000171368	TPPP	0	-0.7574944924164746	0.2556137509057941	0.1663639955217978	0.3737159267314827
rbc	annotated_credset_313.txt	ENSG00000268885	AC026740.1	0	-0.7627321570765675	0.0851451932342745	0.2717375650892461	0.3368732816042014
rbc	annotated_credset_313.txt	ENSG00000188818	ZDHHC11	0	-0.7538267745894203	0.2642615727085173	0.1374447867819855	0.6090557706070205
rbc	annotated_credset_313.txt	ENSG00000206077	ZDHHC11B	0	-0.840531894269168	0.2520503268463805	0.1161380907040451	0.4835628906821711
rbc	annotated_credset_313.txt	ENSG00000028310	BRD9	0	-0.5458125084299947	0.1416765258353676	0.4233094110960759	0.6715348994155487
rbc	annotated_credset_313.txt	ENSG00000071539	TRIP13	0	-0.6314181006253403	0.1096383015938717	0.2506937028558974	0.7111581778867154
rbc	annotated_credset_313.txt	ENSG00000250173	RP11-661C8.3	0	-0.7570492118251027	0.0851451932342745	0.2717375650892461	0.8036612773605587
rbc	annotated_credset_313.txt	ENSG00000145506	NKD2	0	-0.6426474247826934	0.691524808710399	0.246200132895073	0.8897429357072766
rbc	annotated_credset_313.txt	ENSG00000113504	SLC12A7	0	0.3961361013753608	1.0	1.0	0.9988954880011944
rbc	annotated_credset_313.txt	ENSG00000174358	SLC6A19	0	-0.3961361013753608	0.649524206839384	0.4775064138955291	1.0
rbc	annotated_credset_313.txt	ENSG00000164363	SLC6A18	0	-0.5159296947665901	0.6501217322152004	0.1079634585278656	0.9645178043766284
rbc	annotated_credset_313.txt	ENSG00000164362	TERT	1	-0.4143341507192741	0.7488763806910218	0.5567500017921753	0.9230143876777752
rbc	annotated_credset_313.txt	ENSG00000049656	CLPTM1L	0	-0.4478875646274958	0.5920965861745665	0.4896713073680659	0.826547915005934
rbc	annotated_credset_313.txt	ENSG00000142319	SLC6A3	0	-0.7789725698129937	0.2681835119934207	0.0	0.7144713669615717
rbc	annotated_credset_313.txt	ENSG00000153395	LPCAT1	0	-0.5815270067032396	0.1977407022335498	0.3479479385058848	0.6193653437936402
rbc	annotated_credset_313.txt	ENSG00000171421	MRPL36	0	-0.7210132952973947	0.0546333747255457	0.2393263897599578	0.1087786394750828
rbc	annotated_credset_313.txt	ENSG00000145494	NDUFS6	0	-0.6728740499549235	0.0	0.3329896670507348	0.1042776572524885
rbc	annotated_credset_365.txt	ENSG00000008083	JARID2	0	-0.4679068045376479	0.480620247151293	0.7836245697822637	0.0
rbc	annotated_credset_365.txt	ENSG00000047579	DTNBP1	0	-0.8609292425316545	0.4261376435351144	0.0	0.1912055085083353
rbc	annotated_credset_365.txt	ENSG00000007944	MYLIP	0	-0.7712778790469311	0.0	0.1292710649821421	0.8489832595464263
rbc	annotated_credset_365.txt	ENSG00000137198	GMPR	1	0.4389912567931441	1.0	1.0	1.0
rbc	annotated_credset_365.txt	ENSG00000124788	ATXN1	0	-0.4389912567931441	0.2302910129491623	0.3333906799960026	0.9464886532452418
rbc	annotated_credset_571.txt	ENSG00000122729	ACO1	1	0.1859689265831664	1.0	0.4655381084856809	0.994254065175647
rbc	annotated_credset_571.txt	ENSG00000107201	DDX58	0	-0.2589440448733454	0.5968819826346023	0.3707189175868174	1.0
rbc	annotated_credset_571.txt	ENSG00000197579	TOPORS	0	-0.3476221657183899	0.5818326514370836	0.5955090153132321	0.8728857309480116
rbc	annotated_credset_571.txt	ENSG00000165264	NDUFB6	0	-0.3851429659335174	0.3995571925600187	0.2142011070521666	0.8535937013440497
rbc	annotated_credset_571.txt	ENSG00000241043	GVQW1	0	-0.4468654542078122	0.3694712838354878	0.2561935904492556	0.8322338387797273
rbc	annotated_credset_571.txt	ENSG00000122728	TAF1L	0	-0.5213976709680072	0.0	0.4024503830488609	0.7351696047265541
rbc	annotated_credset_571.txt	ENSG00000188133	TMEM215	0	-0.5651236087425903	0.1796328983481446	0.0	0.4965633662406198
rbc	annotated_credset_571.txt	ENSG00000137074	APTX	0	-0.3325551627889073	0.373628980420565	0.3777716222464164	0.2036482444167399
rbc	annotated_credset_571.txt	ENSG00000086061	DNAJA1	0	-0.3415557660435352	0.3700962136903	0.2999609694023217	0.1221663321472564
rbc	annotated_credset_571.txt	ENSG00000122692	SMU1	0	-0.600112707142235	0.3697391109161216	0.2616236613397487	0.0965267523773342
rbc	annotated_credset_571.txt	ENSG00000086062	B4GALT1	0	-0.1859689265831664	0.6407418555060147	1.0	0.0
rbc	annotated_credset_572.txt	ENSG00000122729	ACO1	1	0.111743719080917	1.0	0.4655381084856809	0.9122841185007496
rbc	annotated_credset_572.txt	ENSG00000107201	DDX58	0	-0.111743719080917	0.5968819826346023	0.3707189175868174	1.0
rbc	annotated_credset_572.txt	ENSG00000197579	TOPORS	0	-0.2212446033689546	0.5818326514370836	0.5955090153132321	0.9655323842892096
rbc	annotated_credset_572.txt	ENSG00000165264	NDUFB6	0	-0.367193881825049	0.3995571925600187	0.2142011070521666	0.9477906709956968
rbc	annotated_credset_572.txt	ENSG00000241043	GVQW1	0	-0.1534189335759063	0.3694712838354878	0.2561935904492556	0.928147296742984
rbc	annotated_credset_572.txt	ENSG00000122728	TAF1L	0	-0.4711122922085072	0.0	0.4024503830488609	0.8388831888716088
rbc	annotated_credset_572.txt	ENSG00000188133	TMEM215	0	-0.6111999863078584	0.1796328983481446	0.0	0.6194514566918279
rbc	annotated_credset_572.txt	ENSG00000137074	APTX	0	-0.404202469404621	0.373628980420565	0.3777716222464164	0.3500751278442714
rbc	annotated_credset_572.txt	ENSG00000086061	DNAJA1	0	-0.4431077958266683	0.3700962136903	0.2999609694023217	0.2751411392609524
rbc	annotated_credset_572.txt	ENSG00000122692	SMU1	0	-0.4683982045042562	0.3697391109161216	0.2616236613397487	0.2515619678320068
rbc	annotated_credset_572.txt	ENSG00000086062	B4GALT1	0	-0.1317353361537446	0.6407418555060147	1.0	0.16279214936351
rbc	annotated_credset_572.txt	ENSG00000122711	SPINK4	0	-0.6352546817267071	0.3895710685535297	0.0846353982858379	0.0
rbc	annotated_credset_61.txt	ENSG00000160712	IL6R	0	-0.6309636565415737	0.1384615384615384	0.3144733806827994	0.0557678920638654
rbc	annotated_credset_61.txt	ENSG00000169291	SHE	0	-0.6859816016862326	0.1244533771849686	0.2044374903934817	0.101721379524128
rbc	annotated_credset_61.txt	ENSG00000163239	TDRD10	0	-0.731478893218494	0.0927145380352031	0.1134429073289589	0.1664864911717333
rbc	annotated_credset_61.txt	ENSG00000160714	UBE2Q1	0	-0.701685406676501	0.2150557281198611	0.1730298804129449	0.1817949410096268
rbc	annotated_credset_61.txt	ENSG00000160716	CHRNB2	0	-0.7882003468829735	0.2940617577197149	0.0	0.2113369711259846
rbc	annotated_credset_61.txt	ENSG00000160710	ADAR	0	-0.6604201814899511	0.2799683293745051	0.2555603307860447	0.278830056694707
rbc	annotated_credset_61.txt	ENSG00000268141	AL606500.1	0	-0.7060898924932641	0.0	0.1642209087794187	0.2573256310194747
rbc	annotated_credset_61.txt	ENSG00000143603	KCNN3	0	-0.7653590030513941	0.0521542115841403	0.0405361842146722	0.6196945484854149
rbc	annotated_credset_61.txt	ENSG00000163344	PMVK	0	-0.6288037874616101	0.5769900724770083	0.298946560271865	0.7135500762067382
rbc	annotated_credset_61.txt	ENSG00000163346	PBXIP1	0	-0.4254643075177833	0.7395091053048297	0.444225416590488	0.7404668359070028
rbc	annotated_credset_61.txt	ENSG00000163348	PYGO2	0	-0.4704929134140148	1.0	0.4859510941641747	0.7513421522609148
rbc	annotated_credset_61.txt	ENSG00000160691	SHC1	0	-0.236396996434365	0.7441866130702235	1.0	0.7661736639042449
rbc	annotated_credset_61.txt	ENSG00000173207	CKS1B	0	-0.4622189772619127	0.7995614836469943	0.3858899891505685	0.7730027435396769
rbc	annotated_credset_61.txt	ENSG00000160688	FLAD1	0	-0.4324331643385253	0.9272915524696996	0.3861676296305223	0.7925051543156056
rbc	annotated_credset_61.txt	ENSG00000163352	LENEP	0	-0.6537307606105025	0.0	0.0012878530411576	0.7941990586998372
rbc	annotated_credset_61.txt	ENSG00000160685	ZBTB7B	0	-0.4931025657864143	0.8325963822400877	0.4759602802488434	0.8282558223452641
rbc	annotated_credset_61.txt	ENSG00000163354	DCST2	0	-0.5710163096012311	0.410816736707473	0.1139888173613362	0.8497236686899399
rbc	annotated_credset_61.txt	ENSG00000163357	DCST1	0	-0.6364847714899105	0.3817041232718192	0.0145090793292168	0.8738505509866072
rbc	annotated_credset_61.txt	ENSG00000143537	ADAM15	0	-0.351407953519308	0.769791095681832	0.4070318139337518	0.8905166567470785
rbc	annotated_credset_61.txt	ENSG00000243364	EFNA4	0	-0.5145341281185474	0.2850599914732931	0.2673822956221138	0.900051199946362
rbc	annotated_credset_61.txt	ENSG00000143590	EFNA3	0	-0.675933800310059	0.3091662098787989	0.1176600577149206	0.9253542484101536
rbc	annotated_credset_61.txt	ENSG00000251246	EFNA3	0	-0.7630621388597062	0.3101163286436446	0.0373871500324353	0.9243258064625844
rbc	annotated_credset_61.txt	ENSG00000169242	EFNA1	0	-0.2285662804749513	0.6958158231317376	0.5587341324193157	0.9919272231256472
rbc	annotated_credset_61.txt	ENSG00000169241	SLC50A1	0	-0.0193364026841647	0.7994640355685486	0.4217029173893167	0.9975491848527148
rbc	annotated_credset_61.txt	ENSG00000179085	DPM3	0	0.0193364026841647	0.0772458736829283	0.3827579588205556	1.0
rbc	annotated_credset_61.txt	ENSG00000163463	KRTCAP2	0	-0.3667980410439857	0.829526767769048	0.3476096997211883	0.9671237343778556
rbc	annotated_credset_61.txt	ENSG00000273088	RP11-201K10.3	0	-0.680945315466897	0.0	0.1642209087794187	0.9671223274805264
rbc	annotated_credset_61.txt	ENSG00000163462	TRIM46	0	-0.3096728647981288	0.9111029904379072	0.2929152165500603	0.9615116209320916
rbc	annotated_credset_61.txt	ENSG00000185499	MUC1	0	-0.1138466779845828	0.872123759059626	0.4865971998573281	0.9440281078234156
rbc	annotated_credset_61.txt	ENSG00000169231	THBS3	0	-0.1625883263624188	0.7441866130702235	0.1544635296427937	0.9340686816307452
rbc	annotated_credset_61.txt	ENSG00000173171	MTX1	0	-0.3198846126974717	0.989816675802424	0.2978527818475658	0.9156228507489674
rbc	annotated_credset_61.txt	ENSG00000177628	GBA	0	-0.5559655269486437	0.3628601011023813	0.2091662569951244	0.8793910238327581
rbc	annotated_credset_61.txt	ENSG00000160767	FAM189B	0	-0.5738264220114706	0.006701626164809	0.2879106572076053	0.8614488621947969
rbc	annotated_credset_61.txt	ENSG00000116521	SCAMP3	0	-0.5569431617260803	0.1530787502283939	0.321677177778386	0.8491047450293085
rbc	annotated_credset_61.txt	ENSG00000176444	CLK2	0	-0.5108202229984677	0.1224191485474145	0.4570484462400809	0.8394126293291663
rbc	annotated_credset_61.txt	ENSG00000143630	HCN3	0	-0.6975524175603938	0.1197198367744686	0.0790278780695978	0.8187101351315186
rbc	annotated_credset_61.txt	ENSG00000143627	PKLR	1	-0.4661487452027222	0.3590839880626104	0.6312139373464033	0.801467201466118
rbc	annotated_credset_61.txt	ENSG00000160752	FDPS	0	-0.4329360472054087	0.0350788720384919	0.2457270494436305	0.7748641798702418
rbc	annotated_credset_61.txt	ENSG00000160753	RUSC1	0	-0.5979995654164054	0.0399269139411657	0.2760455124418031	0.7577731911163835
rbc	annotated_credset_61.txt	ENSG00000116539	ASH1L	0	-0.5007510281925927	0.4711127352457518	0.5608264575864502	0.7375532627026159
rbc	annotated_credset_61.txt	ENSG00000125459	MSTO1	0	-0.6002584727182476	0.3486570436689201	0.2716055415041953	0.3507690489875437
rbc	annotated_credset_61.txt	ENSG00000163374	YY1AP1	0	-0.6339916284887994	0.2606127047932273	0.3084174367883479	0.2814681003509329
rbc	annotated_credset_61.txt	ENSG00000132676	DAP3	0	-0.639129418701607	0.2625616663621414	0.2981418563627331	0.2413518299090896
rbc	annotated_credset_61.txt	ENSG00000116580	GON4L	0	-0.5101064978271961	0.3039283756623424	0.5561876981115548	0.1544660715561079
rbc	annotated_credset_61.txt	ENSG00000132718	SYT11	0	-0.6651316238847	0.3162799196053352	0.0726128278477431	0.0
rbc	annotated_credset_62.txt	ENSG00000160712	IL6R	0	-0.7328580735663465	0.1384615384615384	0.3144733806827994	0.0
rbc	annotated_credset_62.txt	ENSG00000169291	SHE	0	-0.7891144840201484	0.1244533771849686	0.2044374903934817	0.0451462510043774
rbc	annotated_credset_62.txt	ENSG00000163239	TDRD10	0	-0.8346117755524098	0.0927145380352031	0.1134429073289589	0.1087736740437649
rbc	annotated_credset_62.txt	ENSG00000160714	UBE2Q1	0	-0.8048182890104169	0.2150557281198611	0.1730298804129449	0.1238132098236574
rbc	annotated_credset_62.txt	ENSG00000160716	CHRNB2	0	-0.8913332292168893	0.2940617577197149	0.0	0.1528362933919126
rbc	annotated_credset_62.txt	ENSG00000160710	ADAR	0	-0.7635530638238669	0.2799683293745051	0.2555603307860447	0.2191437697239397
rbc	annotated_credset_62.txt	ENSG00000268141	AL606500.1	0	-0.80922277482718	0.0	0.1642209087794187	0.1980170989771647
rbc	annotated_credset_62.txt	ENSG00000143603	KCNN3	0	-0.8699315759752148	0.0521542115841403	0.0405361842146722	0.5540205060798034
rbc	annotated_credset_62.txt	ENSG00000163344	PMVK	0	-0.737045801131738	0.5769900724770083	0.298946560271865	0.6462273318690152
rbc	annotated_credset_62.txt	ENSG00000163346	PBXIP1	0	-0.6296616334399558	0.7395091053048297	0.444225416590488	0.6726712615207848
rbc	annotated_credset_62.txt	ENSG00000163348	PYGO2	0	-0.5919641183873959	1.0	0.4859510941641747	0.6833555379272336
rbc	annotated_credset_62.txt	ENSG00000160691	SHC1	0	-0.3064656325906075	0.7441866130702235	1.0	0.6979265135904656
rbc	annotated_credset_62.txt	ENSG00000173207	CKS1B	0	-0.6102293887401158	0.7995614836469943	0.3858899891505685	0.7046356310130921
rbc	annotated_credset_62.txt	ENSG00000160688	FLAD1	0	-0.6555573491626755	0.9272915524696996	0.3861676296305223	0.7237954550164807
rbc	annotated_credset_62.txt	ENSG00000163352	LENEP	0	-0.8866629493370881	0.0	0.0012878530411576	0.7254596036314048
rbc	annotated_credset_62.txt	ENSG00000160685	ZBTB7B	0	-0.610661023853515	0.8325963822400877	0.4759602802488434	0.758918113200733
rbc	annotated_credset_62.txt	ENSG00000163354	DCST2	0	-0.829128838141049	0.410816736707473	0.1139888173613362	0.7800088471833982
rbc	annotated_credset_62.txt	ENSG00000163357	DCST1	0	-0.8788687071571087	0.3817041232718192	0.0145090793292168	0.8037119074801888
rbc	annotated_credset_62.txt	ENSG00000143537	ADAM15	0	-0.5704777111965466	0.769791095681832	0.4070318139337518	0.8200852500818437
rbc	annotated_credset_62.txt	ENSG00000243364	EFNA4	0	-0.7139227897188206	0.2850599914732931	0.2673822956221138	0.82945230586535
rbc	annotated_credset_62.txt	ENSG00000143590	EFNA3	0	-0.8272932179642568	0.3091662098787989	0.1176600577149206	0.8543108713465897
rbc	annotated_credset_62.txt	ENSG00000251246	EFNA3	0	-0.8674296718054995	0.3101163286436446	0.0373871500324353	0.8533004954018142
rbc	annotated_credset_62.txt	ENSG00000169242	EFNA1	0	-0.4365043342985827	0.6958158231317376	0.5587341324193157	0.9197143998429352
rbc	annotated_credset_62.txt	ENSG00000169241	SLC50A1	0	-0.613507071025008	0.7994640355685486	0.4217029173893167	0.9252376040499428
rbc	annotated_credset_62.txt	ENSG00000179085	DPM3	0	-0.6419166707470106	0.0772458736829283	0.3827579588205556	0.92764536724529
rbc	annotated_credset_62.txt	ENSG00000163463	KRTCAP2	0	-0.5063827995413842	0.829526767769048	0.3476096997211883	0.9730915520116598
rbc	annotated_credset_62.txt	ENSG00000273088	RP11-201K10.3	0	-0.7544208339092112	0.0	0.1642209087794187	0.992161534104774
rbc	annotated_credset_62.txt	ENSG00000163462	TRIM46	0	-0.383282136063319	0.9111029904379072	0.2929152165500603	0.9889811304810692
rbc	annotated_credset_62.txt	ENSG00000185499	MUC1	0	-0.1294570536046314	0.872123759059626	0.4865971998573281	0.9962514142971004
rbc	annotated_credset_62.txt	ENSG00000169231	THBS3	0	-0.0286192961978605	0.7441866130702235	0.1544635296427937	1.0
rbc	annotated_credset_62.txt	ENSG00000173171	MTX1	0	0.0286192961978605	0.989816675802424	0.2978527818475658	0.9819335877051012
rbc	annotated_credset_62.txt	ENSG00000177628	GBA	0	-0.5157494770163241	0.3628601011023813	0.2091662569951244	0.9463382228544832
rbc	annotated_credset_62.txt	ENSG00000160767	FAM189B	0	-0.7407810969479255	0.006701626164809	0.2879106572076053	0.9287112400586952
rbc	annotated_credset_62.txt	ENSG00000116521	SCAMP3	0	-0.7252846579325242	0.1530787502283939	0.321677177778386	0.91658396435492
rbc	annotated_credset_62.txt	ENSG00000176444	CLK2	0	-0.5647385038156599	0.1224191485474145	0.4570484462400809	0.9070621040490952
rbc	annotated_credset_62.txt	ENSG00000143630	HCN3	0	-0.7537487879009014	0.1197198367744686	0.0790278780695978	0.8867232777462628
rbc	annotated_credset_62.txt	ENSG00000143627	PKLR	1	-0.5705162781485155	0.3590839880626104	0.6312139373464033	0.8697832400182632
rbc	annotated_credset_62.txt	ENSG00000160752	FDPS	0	-0.5752110613447444	0.0350788720384919	0.2457270494436305	0.8436475372278956
rbc	annotated_credset_62.txt	ENSG00000160753	RUSC1	0	-0.7077408147165688	0.0399269139411657	0.2760455124418031	0.8268567752892747
rbc	annotated_credset_62.txt	ENSG00000116539	ASH1L	0	-0.6059203628199045	0.4711127352457518	0.5608264575864502	0.8069920378360428
rbc	annotated_credset_62.txt	ENSG00000125459	MSTO1	0	-0.7555304584647916	0.3486570436689201	0.2716055415041953	0.4270022228734413
rbc	annotated_credset_62.txt	ENSG00000163374	YY1AP1	0	-0.6981034360508342	0.2606127047932273	0.3084174367883479	0.3589186410844561
rbc	annotated_credset_62.txt	ENSG00000132676	DAP3	0	-0.7032412262636416	0.2625616663621414	0.2981418563627331	0.3195070683220393
rbc	annotated_credset_62.txt	ENSG00000116580	GON4L	0	-0.6132393801611119	0.3039283756623424	0.5561876981115548	0.2341475782789527
rbc	annotated_credset_62.txt	ENSG00000132718	SYT11	0	-0.8550268152930177	0.3162799196053352	0.0726128278477431	0.0823949165432697
rbc	annotated_credset_62.txt	ENSG00000143622	RIT1	0	-0.7655667641109571	0.2825019794140934	0.2515329302118643	0.029458680826506
rbc	annotated_credset_62.txt	ENSG00000132680	KIAA0907	0	-0.6926271791318919	0.0375881600584688	0.3974121001699948	0.0084011192414805
rbc	annotated_credset_63.txt	ENSG00000163263	C1orf189	0	-1.0227357562943789	0.025878555332237	0.0183894543389107	0.0
rbc	annotated_credset_63.txt	ENSG00000143612	C1orf43	0	-0.9404295542209876	0.053507521773555	0.1830018584856933	0.0192191344331061
rbc	annotated_credset_63.txt	ENSG00000143569	UBAP2L	0	-0.8213612997513774	0.253669529203971	0.4211383674249135	0.0876282283978004
rbc	annotated_credset_63.txt	ENSG00000143575	HAX1	0	-0.8908790133014922	0.1622145075826786	0.2821029403246839	0.0934968203390742
rbc	annotated_credset_63.txt	ENSG00000143595	AQP10	0	-1.0191950700518269	0.3511054266398684	0.0254708268240148	0.1599806396966885
rbc	annotated_credset_63.txt	ENSG00000143515	ATP8B2	0	-0.9463250365991044	0.2722577501674889	0.1712108937294596	0.1949125425187216
rbc	annotated_credset_63.txt	ENSG00000160712	IL6R	0	-0.8746937931224344	0.1384615384615384	0.3144733806827994	0.3537517309993412
rbc	annotated_credset_63.txt	ENSG00000169291	SHE	0	-0.9297117382670932	0.1244533771849686	0.2044374903934817	0.3976660078785679
rbc	annotated_credset_63.txt	ENSG00000163239	TDRD10	0	-0.9752090297993548	0.0927145380352031	0.1134429073289589	0.4595571330617513
rbc	annotated_credset_63.txt	ENSG00000160714	UBE2Q1	0	-0.9454155432573618	0.2150557281198611	0.1730298804129449	0.4741862622514419
rbc	annotated_credset_63.txt	ENSG00000160716	CHRNB2	0	-0.8686366449628576	0.2940617577197149	0.0	0.5024173489829118
rbc	annotated_credset_63.txt	ENSG00000160710	ADAR	0	-0.90290624992506	0.2799683293745051	0.2555603307860447	0.5669153927855981
rbc	annotated_credset_63.txt	ENSG00000268141	AL606500.1	0	-0.9485759609283728	0.0	0.1642209087794187	0.5463652374998319
rbc	annotated_credset_63.txt	ENSG00000143603	KCNN3	0	-1.005944756201774	0.0521542115841403	0.0405361842146722	0.8926538404657228
rbc	annotated_credset_63.txt	ENSG00000163344	PMVK	0	-0.821706182419546	0.5769900724770083	0.298946560271865	0.9823444789523924
rbc	annotated_credset_63.txt	ENSG00000163346	PBXIP1	0	-0.4022306045676992	0.7395091053048297	0.444225416590488	1.0
rbc	annotated_credset_63.txt	ENSG00000163348	PYGO2	0	-0.1839316714967981	1.0	0.4859510941641747	0.9907191546000887
rbc	annotated_credset_63.txt	ENSG00000160691	SHC1	0	0.1839316714967981	0.7441866130702235	1.0	0.9836311324432973
rbc	annotated_credset_63.txt	ENSG00000173207	CKS1B	0	-0.4289426069229126	0.7995614836469943	0.3858899891505685	0.9670202610952016
rbc	annotated_credset_63.txt	ENSG00000160688	FLAD1	0	-0.5102685541389905	0.9272915524696996	0.3861676296305223	0.9553435781605024
rbc	annotated_credset_63.txt	ENSG00000163352	LENEP	0	-1.0227248265584288	0.0	0.0012878530411576	0.9415654956372096
rbc	annotated_credset_63.txt	ENSG00000160685	ZBTB7B	0	-0.7428725006270102	0.8325963822400877	0.4759602802488434	0.92937791580957
rbc	annotated_credset_63.txt	ENSG00000163354	DCST2	0	-0.9145353503721552	0.410816736707473	0.1139888173613362	0.9080425926672852
rbc	annotated_credset_63.txt	ENSG00000163357	DCST1	0	-1.0189583086445015	0.3817041232718192	0.0145090793292168	0.8874668925368719
rbc	annotated_credset_63.txt	ENSG00000143537	ADAM15	0	-0.7773367337845559	0.769791095681832	0.4070318139337518	0.8649578510063324
rbc	annotated_credset_63.txt	ENSG00000243364	EFNA4	0	-0.8925217004980531	0.2850599914732931	0.2673822956221138	0.8472579625969696
rbc	annotated_credset_63.txt	ENSG00000143590	EFNA3	0	-0.9673828194516496	0.3091662098787989	0.1176600577149206	0.847235106683338
rbc	annotated_credset_63.txt	ENSG00000251246	EFNA3	0	-1.0075192732928924	0.3101163286436446	0.0373871500324353	0.847235106683338
rbc	annotated_credset_63.txt	ENSG00000169242	EFNA1	0	-0.7090622189623977	0.6958158231317376	0.5587341324193157	0.7615765202543728
rbc	annotated_credset_63.txt	ENSG00000169241	SLC50A1	0	-0.7741389364970811	0.7994640355685486	0.4217029173893167	0.7509767541913712
rbc	annotated_credset_63.txt	ENSG00000179085	DPM3	0	-0.7867677296776409	0.0772458736829283	0.3827579588205556	0.7448634695276892
rbc	annotated_credset_63.txt	ENSG00000163463	KRTCAP2	0	-0.8111855453311453	0.829526767769048	0.3476096997211883	0.7051788811358045
rbc	annotated_credset_63.txt	ENSG00000273088	RP11-201K10.3	0	-0.9454014175476356	0.0	0.1642209087794187	0.7051775366702967
rbc	annotated_credset_63.txt	ENSG00000163462	TRIM46	0	-0.8385327869167093	0.9111029904379072	0.2929152165500603	0.69981580822544
rbc	annotated_credset_63.txt	ENSG00000185499	MUC1	0	-0.7416917952630754	0.872123759059626	0.4865971998573281	0.6831081353607873
rbc	annotated_credset_63.txt	ENSG00000169231	THBS3	0	-0.9111975203506588	0.7441866130702235	0.1544635296427937	0.6735906640315142
rbc	annotated_credset_63.txt	ENSG00000173171	MTX1	0	-0.8378024333374756	0.989816675802424	0.2978527818475658	0.6559633767595693
rbc	annotated_credset_63.txt	ENSG00000177628	GBA	0	-0.925064377862085	0.3628601011023813	0.2091662569951244	0.621339356538808
rbc	annotated_credset_63.txt	ENSG00000160767	FAM189B	0	-0.8856921777558445	0.006701626164809	0.2879106572076053	0.604193387918633
rbc	annotated_credset_63.txt	ENSG00000116521	SCAMP3	0	-0.8690429849104871	0.1530787502283939	0.321677177778386	0.592397047553745
rbc	annotated_credset_63.txt	ENSG00000176444	CLK2	0	-0.8013573506796398	0.1224191485474145	0.4570484462400809	0.583135024670942
rbc	annotated_credset_63.txt	ENSG00000143630	HCN3	0	-0.9911724762832832	0.1197198367744686	0.0790278780695978	0.5633512147245863
rbc	annotated_credset_63.txt	ENSG00000143627	PKLR	1	-0.7150794466448805	0.3590839880626104	0.6312139373464033	0.5468734454617566
rbc	annotated_credset_63.txt	ENSG00000160752	FDPS	0	-0.9090669587420188	0.0350788720384919	0.2457270494436305	0.5214509471759502
rbc	annotated_credset_63.txt	ENSG00000160753	RUSC1	0	-0.8939077272429327	0.0399269139411657	0.2760455124418031	0.5051183801879563
rbc	annotated_credset_63.txt	ENSG00000116539	ASH1L	0	-0.7515172546706091	0.4711127352457518	0.5608264575864502	0.4857957219107544
rbc	annotated_credset_63.txt	ENSG00000125459	MSTO1	0	-0.8947686076015681	0.3486570436689201	0.2716055415041953	0.1161752645235886
rbc	annotated_credset_63.txt	ENSG00000163374	YY1AP1	0	-0.8777217650696603	0.2606127047932273	0.3084174367883479	0.0499495825434598
rbc	annotated_credset_63.txt	ENSG00000132676	DAP3	0	-0.8828595552824676	0.2625616663621414	0.2981418563627331	0.0116134930558356
rbc	annotated_credset_65.txt	ENSG00000163344	PMVK	0	-0.4819431539735516	0.6131209343830734	0.3499018086653758	0.0212610457776891
rbc	annotated_credset_65.txt	ENSG00000163346	PBXIP1	0	-0.4002445270158113	0.7617586080508544	0.4846212414214936	0.047743228578389
rbc	annotated_credset_65.txt	ENSG00000163348	PYGO2	0	-0.3691169231745247	1.0	0.5233141369779075	0.0584429606006245
rbc	annotated_credset_65.txt	ENSG00000160691	SHC1	0	-0.1408384743523821	0.7660365923626838	1.0	0.0730350142847651
rbc	annotated_credset_65.txt	ENSG00000173207	CKS1B	0	-0.4255755462427374	0.8166816878876226	0.4305258562192893	0.0797538369543551
rbc	annotated_credset_65.txt	ENSG00000160688	FLAD1	0	-0.3230870442608412	0.9335018532361724	0.4307833167260507	0.0989413770956525
rbc	annotated_credset_65.txt	ENSG00000163352	LENEP	0	-0.6542313865215391	0.0854137445842835	0.0738780760370524	0.1006079330277058
rbc	annotated_credset_65.txt	ENSG00000160685	ZBTB7B	0	-0.3838137275155669	0.8468949520899178	0.5140494936736305	0.1341148428675835
rbc	annotated_credset_65.txt	ENSG00000163354	DCST2	0	-0.6019766731757001	0.4611410854716756	0.1783875027287302	0.1552360861958231
rbc	annotated_credset_65.txt	ENSG00000163357	DCST1	0	-0.6481012580534253	0.4345150893641957	0.0861383329732799	0.1789734347662392
rbc	annotated_credset_65.txt	ENSG00000143537	ADAM15	0	-0.4157729682407017	0.7894541002362917	0.4501310122233607	0.1953704626492149
rbc	annotated_credset_65.txt	ENSG00000243364	EFNA4	0	-0.5308545467237354	0.3461256947546787	0.3206317556326596	0.2047510685890195
rbc	annotated_credset_65.txt	ENSG00000143590	EFNA3	0	-0.6002744729021051	0.3681729107784037	0.1817919032759202	0.2296455938697318
rbc	annotated_credset_65.txt	ENSG00000251246	EFNA3	0	-0.6374936555922237	0.369041876341744	0.1073535378956831	0.2286337563395566
rbc	annotated_credset_65.txt	ENSG00000169242	EFNA1	0	-0.3493301252283861	0.7217973327213438	0.5908070253201355	0.2951437335282262
rbc	annotated_credset_65.txt	ENSG00000169241	SLC50A1	0	-0.1916213016531763	0.8165925632144595	0.4637357637028549	0.3006749274688282
rbc	annotated_credset_65.txt	ENSG00000179085	DPM3	0	-0.4773596876168272	0.1560617589422683	0.4276214738464758	0.3030861736761677
rbc	annotated_credset_65.txt	ENSG00000163463	KRTCAP2	0	-0.4433245119502994	0.8440875248852797	0.3950279248041654	0.3485980997940336
rbc	annotated_credset_65.txt	ENSG00000273088	RP11-201K10.3	0	-0.5786861578402968	0.0854137445842835	0.2249685333995371	0.3676956680619228
rbc	annotated_credset_65.txt	ENSG00000163462	TRIM46	0	-0.4686840513024785	0.9186960169069504	0.3443088460998072	0.3645106637432728
rbc	annotated_credset_65.txt	ENSG00000185499	MUC1	0	-0.2662728049185149	0.8830461476417053	0.5239132812352881	0.3717914645759971
rbc	annotated_credset_65.txt	ENSG00000169231	THBS3	0	-0.2582470335566166	0.7660365923626838	0.2159203579404081	0.3941252519212455
rbc	annotated_credset_65.txt	ENSG00000173171	MTX1	0	0.0926432145830474	0.9906864716544548	0.3488875302451267	0.4007319557947423
rbc	annotated_credset_65.txt	ENSG00000177628	GBA	0	-0.5578468837364096	0.4172806056912788	0.2666470816073115	0.4434685956636325
rbc	annotated_credset_65.txt	ENSG00000160767	FAM189B	0	-0.4675286704503246	0.0915429597635522	0.339668037293251	0.4583956215533851
rbc	annotated_credset_65.txt	ENSG00000116521	SCAMP3	0	-0.2839973794622331	0.225417465539388	0.3709802778540285	0.4680115385467189
rbc	annotated_credset_65.txt	ENSG00000176444	CLK2	0	-0.4429143024522312	0.1973766152454437	0.496512244175668	0.4902428963745487
rbc	annotated_credset_65.txt	ENSG00000143630	HCN3	0	-0.618186595353482	0.1949078617988255	0.1459676583731665	0.5059630589329612
rbc	annotated_credset_65.txt	ENSG00000143627	PKLR	1	-0.3621610642932155	0.4138270246062082	0.6580187204936998	0.5220001993223041
rbc	annotated_credset_65.txt	ENSG00000160752	FDPS	0	-0.4856019147020963	0.1174963988061749	0.3005504956662334	0.5486208003897859
rbc	annotated_credset_65.txt	ENSG00000160753	RUSC1	0	-0.2944511871489274	0.1219303512960398	0.3286652966816898	0.5630827409031515
rbc	annotated_credset_65.txt	ENSG00000116539	ASH1L	0	-0.1350774166031964	0.5162869769913515	0.5927472722824293	0.8837881757579784
rbc	annotated_credset_65.txt	ENSG00000125459	MSTO1	0	-0.0926432145830474	0.4042906845777551	0.3245480398328589	1.0
rbc	annotated_credset_65.txt	ENSG00000163374	YY1AP1	0	-0.436870543348221	0.3237665423748828	0.358684305611838	0.9824457954067284
rbc	annotated_credset_65.txt	ENSG00000132676	DAP3	0	-0.5080229102740185	0.3255490358381451	0.3491555937176405	0.942977210816557
rbc	annotated_credset_65.txt	ENSG00000116580	GON4L	0	-0.3907155634967399	0.3633824595958864	0.5884456756083793	0.8574942418001019
rbc	annotated_credset_65.txt	ENSG00000132718	SYT11	0	-0.6161422741673691	0.3746790119193109	0.1400188785652166	0.7055220583349944
rbc	annotated_credset_65.txt	ENSG00000143622	RIT1	0	-0.5356103118885392	0.343786172084147	0.3059343827890139	0.652509246340221
rbc	annotated_credset_65.txt	ENSG00000132680	KIAA0907	0	-0.4679722552377127	0.1197913591401251	0.4412104960906671	0.6314212233960091
rbc	annotated_credset_65.txt	ENSG00000173080	RXFP4	0	-0.6885775032830462	0.0841184288656991	0.0	0.5917699266936859
rbc	annotated_credset_65.txt	ENSG00000116584	ARHGEF2	0	-0.432572668882314	0.2603543374193282	0.5125412230235712	0.5846413859544216
rbc	annotated_credset_65.txt	ENSG00000163479	SSR2	0	-0.4320780306030728	0.2489575198385952	0.5181847878739849	0.4985327663721126
rbc	annotated_credset_65.txt	ENSG00000160803	UBQLN4	0	-0.3973568101752506	0.5452747769376538	0.4477009143756865	0.4621938187938786
rbc	annotated_credset_65.txt	ENSG00000116586	LAMTOR2	0	-0.2711771025562463	0.7837166994014163	0.5779937126016712	0.4352700817221447
rbc	annotated_credset_65.txt	ENSG00000132698	RAB25	0	-0.5672445999216705	0.5678344598320668	0.2379380855084569	0.426400239186765
rbc	annotated_credset_65.txt	ENSG00000254726	MEX3A	0	-0.4982746064968478	0.5183145633058124	0.3857916360864349	0.4113777046929329
rbc	annotated_credset_65.txt	ENSG00000160789	LMNA	0	-0.2895438944198806	0.3078355070469764	0.8032530602403694	0.3967607357207716
rbc	annotated_credset_65.txt	ENSG00000196189	SEMA4A	0	-0.4350260659352668	0.4684938710076323	0.4044786967628196	0.30707538812482
rbc	annotated_credset_65.txt	ENSG00000160785	SLC25A44	0	-0.5433233926608517	0.3455241032108277	0.2956940637584269	0.2424022213363453
rbc	annotated_credset_65.txt	ENSG00000260238	PMF1-BGLAP	0	-0.5786861578402968	0.0854137445842835	0.2249685333995371	0.216250858193254
rbc	annotated_credset_65.txt	ENSG00000160783	PMF1	0	-0.497284226172309	0.3554058013477879	0.3877723967355125	0.216235632183908
rbc	annotated_credset_65.txt	ENSG00000242252	BGLAP	0	-0.556337244041137	0.2565665388098959	0.2696663609978565	0.1761372444798795
rbc	annotated_credset_65.txt	ENSG00000160781	PAQR6	0	-0.6361510208393992	0.1210001125198998	0.1100388074013321	0.1741260270635395
rbc	annotated_credset_65.txt	ENSG00000198952	SMG5	0	-0.3757836315596671	0.2366583149420856	0.6307735859607964	0.1660853099461829
rbc	annotated_credset_65.txt	ENSG00000163472	TMEM79	0	-0.5488682295958006	0.2306646806718663	0.2846043898885294	0.11942312803136
rbc	annotated_credset_65.txt	ENSG00000198715	C1orf85	0	-0.5471323534943043	0.2076705149957832	0.2880761420915219	0.1095206852257878
rbc	annotated_credset_65.txt	ENSG00000189030	VHLL	0	-0.631992787815194	0.0	0.1183552734497426	0.0977066861559586
rbc	annotated_credset_65.txt	ENSG00000163468	CCT3	0	-0.5401734306861531	0.2037267482083155	0.3019939877078246	0.083388700640046
rbc	annotated_credset_65.txt	ENSG00000163467	TSACC	0	-0.5570474093393846	0.2850530124696558	0.2682460304013614	0.0441526587380683
rbc	annotated_credset_65.txt	ENSG00000132677	RHBG	0	-0.6161012583841895	0.2868020841804819	0.1470510501309655	0.0
rbc	annotated_credset_663.txt	ENSG00000074319	TSG101	0	-0.6848007649599652	0.0	0.4384785783967297	0.0
rbc	annotated_credset_663.txt	ENSG00000151116	UEVLD	0	-0.879108563858809	0.1120839654478466	0.4838300940939148	0.0870710263144679
rbc	annotated_credset_663.txt	ENSG00000179119	SPTY2D1	0	-0.727958233070948	0.272968203349949	0.7861307556696371	0.152243721358333
rbc	annotated_credset_663.txt	ENSG00000151117	TMEM86A	0	-0.8502969104065285	0.0936462429177373	0.5414534009984759	0.2513162957849748
rbc	annotated_credset_663.txt	ENSG00000179057	IGSF22	0	-0.8903635152186822	0.1101520170903123	0.4613201913741686	0.2816704884097616
rbc	annotated_credset_663.txt	ENSG00000110786	PTPN5	0	-1.0416187106300052	0.2363602588315427	0.1588098005515223	0.37578476315048
rbc	annotated_credset_663.txt	ENSG00000170255	MRGPRX1	0	-1.0648822538780265	0.0037412923000712	0.1073121635183708	0.5835520990619729
rbc	annotated_credset_663.txt	ENSG00000183695	MRGPRX2	0	-0.9257605231562852	0.1578810489488838	0.0	0.7550670879692206
rbc	annotated_credset_663.txt	ENSG00000177054	ZDHHC13	0	-0.814955711140507	0.505495526177281	0.5809700804982313	0.9188919706265049
rbc	annotated_credset_663.txt	ENSG00000129170	CSRP3	0	-0.3756013952931165	1.0	0.8164058354535106	0.9672307923718578
rbc	annotated_credset_663.txt	ENSG00000129173	E2F8	1	0.3756013952931165	0.7399176445091179	1.0	1.0
rbc	annotated_credset_663.txt	ENSG00000166833	NAV2	0	-0.4257956000204315	0.0767974240688566	0.8920635590402625	0.8343933414329217
rbc	annotated_credset_66.txt	ENSG00000143603	KCNN3	0	-0.7201495486338784	0.0534947337512241	0.1102736882156316	0.0
rbc	annotated_credset_66.txt	ENSG00000163344	PMVK	0	-0.6675781703891392	0.57758832821826	0.3499018086653758	0.0970459729867195
rbc	annotated_credset_66.txt	ENSG00000163346	PBXIP1	0	-0.5604023128825404	0.7398775131438791	0.4846212414214936	0.1248777182038789
rbc	annotated_credset_66.txt	ENSG00000163348	PYGO2	0	-0.4332617590977112	1.0	0.5233141369779075	0.1361227208449327
rbc	annotated_credset_66.txt	ENSG00000160691	SHC1	0	-0.3027129335932872	0.7445484055896472	1.0	0.1514584023251383
rbc	annotated_credset_66.txt	ENSG00000173207	CKS1B	0	-0.5837110061168822	0.7998449604293911	0.4305258562192893	0.1585196239059502
rbc	annotated_credset_66.txt	ENSG00000160688	FLAD1	0	-0.5835822758635016	0.92739438278961	0.4307833167260507	0.1786849831052112
rbc	annotated_credset_66.txt	ENSG00000163352	LENEP	0	-0.8088576825391776	0.00141428298091	0.0738780760370524	0.1804364686394711
rbc	annotated_credset_66.txt	ENSG00000160685	ZBTB7B	0	-0.4128304468310875	0.8328331383276283	0.5140494936736305	0.2156509290446445
rbc	annotated_credset_66.txt	ENSG00000163354	DCST2	0	-0.7566029691933386	0.4116500085693846	0.1783875027287302	0.2378485351636407
rbc	annotated_credset_66.txt	ENSG00000163357	DCST1	0	-0.8027275540710638	0.3825785686074426	0.0861383329732799	0.2627955662492076
rbc	annotated_credset_66.txt	ENSG00000143537	ADAM15	0	-0.4852274455251248	0.7701166762172631	0.4501310122233607	0.2800282054841266
rbc	annotated_credset_66.txt	ENSG00000243364	EFNA4	0	-0.6854808427413739	0.286071118959724	0.3206317556326596	0.2898868578642588
rbc	annotated_credset_66.txt	ENSG00000143590	EFNA3	0	-0.6952401553829088	0.3101432443508048	0.1817919032759202	0.3160500367128167
rbc	annotated_credset_66.txt	ENSG00000251246	EFNA3	0	-0.7921199516098621	0.3110920193788515	0.1073535378956831	0.3149866347813018
rbc	annotated_credset_66.txt	ENSG00000169242	EFNA1	0	-0.5073094209332194	0.6962460256361445	0.5908070253201355	0.3848860367091979
rbc	annotated_credset_66.txt	ENSG00000169241	SLC50A1	0	-0.4102741322281573	0.7997476501701043	0.4637357637028549	0.3906991066385188
rbc	annotated_credset_66.txt	ENSG00000179085	DPM3	0	-0.6319859836344657	0.078550909139343	0.4276214738464758	0.3932332327188184
rbc	annotated_credset_66.txt	ENSG00000163463	KRTCAP2	0	-0.6014599718244442	0.8297678651600928	0.3950279248041654	0.4410644988039219
rbc	annotated_credset_66.txt	ENSG00000273088	RP11-201K10.3	0	-0.729737963310755	0.00141428298091	0.2249685333995371	0.4611353010598882
rbc	annotated_credset_66.txt	ENSG00000163462	TRIM46	0	-0.6268195111766233	0.9112287159655846	0.3443088460998072	0.4577879852672537
rbc	annotated_credset_66.txt	ENSG00000185499	MUC1	0	-0.5005023557312278	0.8723046122508507	0.5239132812352881	0.4654398240631067
rbc	annotated_credset_66.txt	ENSG00000169231	THBS3	0	-0.4871065635029354	0.7445484055896472	0.2159203579404081	0.4889117668332753
rbc	annotated_credset_66.txt	ENSG00000173171	MTX1	0	-0.3708376017554833	0.9898310779045256	0.3488875302451267	0.4958551559155198
rbc	annotated_credset_66.txt	ENSG00000177628	GBA	0	-0.7075354713762099	0.3637611972178509	0.2666470816073115	0.540769703980531
rbc	annotated_credset_66.txt	ENSG00000160767	FAM189B	0	-0.6268643890563115	0.0081064311498897	0.339668037293251	0.5564574282342342
rbc	annotated_credset_66.txt	ENSG00000116521	SCAMP3	0	-0.6109407631301706	0.1542765365381169	0.3709802778540285	0.5665633833891373
rbc	annotated_credset_66.txt	ENSG00000176444	CLK2	0	-0.4447420054255886	0.1236602962099965	0.496512244175668	0.5899276767161703
rbc	annotated_credset_66.txt	ENSG00000143630	HCN3	0	-0.5949556711982384	0.1209648020277511	0.1459676583731665	0.6064489567930718
rbc	annotated_credset_66.txt	ENSG00000143627	PKLR	1	-0.5077568393948688	0.3599904246704861	0.6580187204936998	0.6233033682548117
rbc	annotated_credset_66.txt	ENSG00000160752	FDPS	0	-0.3373035776936117	0.0364435435676884	0.3005504956662334	0.6512805856924245
rbc	annotated_credset_66.txt	ENSG00000160753	RUSC1	0	-0.5662181935204171	0.0412847289672085	0.3286652966816898	0.6664795232854039
rbc	annotated_credset_66.txt	ENSG00000116539	ASH1L	0	0.0226262353276209	0.4718607315031138	0.5927472722824293	1.0
rbc	annotated_credset_66.txt	ENSG00000125459	MSTO1	0	-0.3420633667446373	0.3495782269267947	0.3245480398328589	0.9275453322062576
rbc	annotated_credset_66.txt	ENSG00000163374	YY1AP1	0	-0.0226262353276209	0.2616584076611393	0.358684305611838	0.8558886258552835
rbc	annotated_credset_66.txt	ENSG00000132676	DAP3	0	-0.1199718633999638	0.263604612846876	0.3491555937176405	0.8144086769151788
rbc	annotated_credset_66.txt	ENSG00000116580	GON4L	0	-0.3015386564084519	0.3049128179141375	0.5884456756083793	0.7245693977297245
rbc	annotated_credset_66.txt	ENSG00000132718	SYT11	0	-0.7713080518248696	0.3172468932787438	0.1400188785652166	0.5648525374494422
rbc	annotated_credset_66.txt	ENSG00000143622	RIT1	0	-0.689486841079548	0.2835167246534446	0.3059343827890139	0.5091381317379647
rbc	annotated_credset_66.txt	ENSG00000132680	KIAA0907	0	-0.6251914725123702	0.0389492827443244	0.4412104960906671	0.4869754389518774
rbc	annotated_credset_66.txt	ENSG00000173080	RXFP4	0	-0.8457967205577037	0.0	0.0	0.4453034666807741
rbc	annotated_credset_66.txt	ENSG00000116584	ARHGEF2	0	-0.5895261090459181	0.1924221581785563	0.5125412230235712	0.43781164732742
rbc	annotated_credset_66.txt	ENSG00000163479	SSR2	0	-0.5867043266207113	0.1799786087722522	0.5181847878739849	0.3473148337055161
rbc	annotated_credset_66.txt	ENSG00000160803	UBQLN4	0	-0.561946976241412	0.5035108933361568	0.4477009143756865	0.3091240116698645
rbc	annotated_credset_66.txt	ENSG00000116586	LAMTOR2	0	-0.4991356486921403	0.763852328275673	0.5779937126016712	0.2808282100694586
rbc	annotated_credset_66.txt	ENSG00000132698	RAB25	0	-0.6800706353954857	0.528142552718137	0.2379380855084569	0.2715063501827997
rbc	annotated_credset_66.txt	ENSG00000254726	MEX3A	0	-0.6529009025144863	0.4740745399018893	0.3857916360864349	0.2557182500969838
rbc	annotated_credset_66.txt	ENSG00000160789	LMNA	0	-0.3872689143259162	0.2442641988136176	0.8032530602403694	0.2403563836170965
rbc	annotated_credset_66.txt	ENSG00000196189	SEMA4A	0	-0.5370326066848083	0.4196781049605485	0.4044786967628196	0.1461005678186746
rbc	annotated_credset_67.txt	ENSG00000169242	EFNA1	0	-0.3960459170904353	0.7285830112486913	0.7374607425112787	0.1690301122038482
rbc	annotated_credset_67.txt	ENSG00000169241	SLC50A1	0	-0.47184409829476	0.8242694198203223	0.5804270059876392	0.1748061473244903
rbc	annotated_credset_67.txt	ENSG00000179085	DPM3	0	-0.4631738690844262	0.1575289089005565	0.5357972304910704	0.1773241286008062
rbc	annotated_credset_67.txt	ENSG00000163463	KRTCAP2	0	-0.5142984209063575	0.8520228639800103	0.495518360764444	0.2248506638277111
rbc	annotated_credset_67.txt	ENSG00000273088	RP11-201K10.3	0	-0.6793208158612551	0.0862167265104991	0.2853602075886575	0.2447935958996578
rbc	annotated_credset_67.txt	ENSG00000163462	TRIM46	0	-0.5456375543210006	0.9273327568233776	0.432840093935158	0.2414676057063151
rbc	annotated_credset_67.txt	ENSG00000185499	MUC1	0	-0.4346606300873834	0.8913477400847222	0.6547939424023925	0.2490706949792324
rbc	annotated_credset_67.txt	ENSG00000169231	THBS3	0	-0.2755245387535143	0.7732381679578165	0.2741785384765024	0.2723930990511944
rbc	annotated_credset_67.txt	ENSG00000173171	MTX1	0	-0.1634536867698606	1.0	0.438498398342858	0.2792922521119613
rbc	annotated_credset_67.txt	ENSG00000177628	GBA	0	-0.6535677932082662	0.4212034963941888	0.3368662528946357	0.3239206515989044
rbc	annotated_credset_67.txt	ENSG00000160767	FAM189B	0	-0.5795995250031747	0.0924035629664698	0.4271050163250823	0.3395084300626192
rbc	annotated_credset_67.txt	ENSG00000116521	SCAMP3	0	-0.5891006924588387	0.2275366344338376	0.4658004543934904	0.3495500006289607
rbc	annotated_credset_67.txt	ENSG00000176444	CLK2	0	-0.3768191536189686	0.1992321697053389	0.6209319410392952	0.3727654410875775
rbc	annotated_credset_67.txt	ENSG00000143630	HCN3	0	-0.5934193723706034	0.196740207296187	0.1877315035360256	0.3891814648276006
rbc	annotated_credset_67.txt	ENSG00000143627	PKLR	1	-0.3828918010396414	0.4177174478976316	0.8205204642521488	0.4059284975873
rbc	annotated_credset_67.txt	ENSG00000160752	FDPS	0	-0.6326189975371583	0.1186009925117429	0.3787638442368513	0.4337274734231831
rbc	annotated_credset_67.txt	ENSG00000160753	RUSC1	0	-0.5565173161251529	0.1230766289686132	0.4135079098806863	0.4488295792641412
rbc	annotated_credset_67.txt	ENSG00000116539	ASH1L	0	-0.0734435421637171	0.5211406350680735	0.7398584855287775	0.7837312071938028
rbc	annotated_credset_67.txt	ENSG00000125459	MSTO1	0	-0.2890754398581137	0.4080914559200412	0.4084198339540714	1.0
rbc	annotated_credset_67.txt	ENSG00000163374	YY1AP1	0	-0.5841515510551882	0.3268102993616033	0.4506051817503521	0.9661374133948007
rbc	annotated_credset_67.txt	ENSG00000132676	DAP3	0	-0.2781901900396635	0.3286095501985361	0.4388296692232962	1.0
rbc	annotated_credset_67.txt	ENSG00000116580	GON4L	0	-0.0618276011192573	0.3667986492124341	0.7345426037932343	0.9460989418554432
rbc	annotated_credset_67.txt	ENSG00000132718	SYT11	0	-0.4681343730330285	0.3782014013914956	0.1803800449205261	0.7873996305527563
rbc	annotated_credset_67.txt	ENSG00000143622	RIT1	0	-0.618679706353318	0.3470181353239045	0.3854172126000152	0.7320401788296653
rbc	annotated_credset_67.txt	ENSG00000132680	KIAA0907	0	-0.3775367948196186	0.1209175279642938	0.552590444877619	0.7100186835686587
rbc	annotated_credset_67.txt	ENSG00000173080	RXFP4	0	-0.7834055700782272	0.0849092334179356	0.0073457379883317	0.6686122015701819
rbc	annotated_credset_67.txt	ENSG00000116584	ARHGEF2	0	-0.1977857729308585	0.2628019508377199	0.6407404359665407	0.6611681122630481
rbc	annotated_credset_67.txt	ENSG00000163479	SSR2	0	-0.4906163314015295	0.251297990799081	0.647714712167899	0.5712478497955746
rbc	annotated_credset_67.txt	ENSG00000160803	UBQLN4	0	-0.5050757474438401	0.5504009518036926	0.5606112563650162	0.5333003397800049
rbc	annotated_credset_67.txt	ENSG00000116586	LAMTOR2	0	-0.4012445291445463	0.7910844871966434	0.7216261442880664	0.5051848094667893
rbc	annotated_credset_67.txt	ENSG00000132698	RAB25	0	-0.6097765061530689	0.5731727202086231	0.3013878853088633	0.4959223387327867
rbc	annotated_credset_67.txt	ENSG00000254726	MEX3A	0	-0.1993060366037171	0.5231872828950845	0.4841042226619613	0.4802348239268986
rbc	annotated_credset_67.txt	ENSG00000160789	LMNA	0	0.0618276011192573	0.3107294950065166	1.0	0.4649708272116883
rbc	annotated_credset_67.txt	ENSG00000196189	SEMA4A	0	-0.5684021418112302	0.4728982220028135	0.5071975556887076	0.3713155110025384
rbc	annotated_credset_67.txt	ENSG00000160785	SLC25A44	0	-0.6356197690686174	0.3487724048899139	0.372762301173933	0.3037795528089047
rbc	annotated_credset_67.txt	ENSG00000260238	PMF1-BGLAP	0	-0.650471929371387	0.0862167265104991	0.2853602075886575	0.2764705859584815
rbc	annotated_credset_67.txt	ENSG00000160783	PMF1	0	-0.5787249035568185	0.35874700171716	0.4865520321975309	0.2764546859619031
rbc	annotated_credset_67.txt	ENSG00000242252	BGLAP	0	-0.6517021915046564	0.2589785428092377	0.3405974563018553	0.2345813222457168
rbc	annotated_credset_67.txt	ENSG00000160781	PAQR6	0	-0.7503354736266499	0.1221376449380889	0.1433308920578684	0.232481077243141
rbc	annotated_credset_67.txt	ENSG00000198952	SMG5	0	-0.3706484633751818	0.2388831600242448	0.7868511260922982	0.2240844335955409
rbc	annotated_credset_67.txt	ENSG00000163472	TMEM79	0	-0.5845451447992529	0.2328331790850584	0.3590577632441564	0.1753567258998538
rbc	annotated_credset_67.txt	ENSG00000198715	C1orf85	0	-0.6403268550323244	0.2096228432886257	0.3633481292465189	0.1650159463069926
rbc	annotated_credset_67.txt	ENSG00000189030	VHLL	0	-0.7451967596419438	0.0	0.1536083200272802	0.1526789944164319
rbc	annotated_credset_67.txt	ENSG00000163468	CCT3	0	-0.6317270690788737	0.2056420008119119	0.3805477011534208	0.1377272158158509
rbc	annotated_credset_67.txt	ENSG00000163467	TSACC	0	-0.6525798085906431	0.2877328202469696	0.3388422221298816	0.0967543700876926
rbc	annotated_credset_67.txt	ENSG00000132677	RHBG	0	-0.7274657440789114	0.2894983351307099	0.1890703511533452	0.0506472709189635
rbc	annotated_credset_67.txt	ENSG00000125462	C1orf61	0	-0.822000919655584	0.1668141677509027	0.0	0.0
rbc	annotated_credset_68.txt	ENSG00000116539	ASH1L	0	-0.457663791280258	0.6717624054804261	0.7479593859236294	0.3101554338107173
rbc	annotated_credset_68.txt	ENSG00000125459	MSTO1	0	-0.4355166784028655	0.5343005209686461	0.4268418532555625	0.5741376299299864
rbc	annotated_credset_68.txt	ENSG00000163374	YY1AP1	0	-0.5892258212535457	0.4354668890924753	0.4677135341374542	0.4896855207115226
rbc	annotated_credset_68.txt	ENSG00000132676	DAP3	0	-0.3532791724707923	0.4376546839320143	0.4563047153089182	0.5608328874110168
rbc	annotated_credset_68.txt	ENSG00000116580	GON4L	0	-0.2268475587608028	0.4840906294012279	0.7428090426587066	0.7321072620751261
rbc	annotated_credset_68.txt	ENSG00000132718	SYT11	0	-0.7591108236185228	0.4979557791968058	0.2059033053321827	0.7688105396892084
rbc	annotated_credset_68.txt	ENSG00000143622	RIT1	0	-0.3123584100991895	0.4600385598840468	0.4045555418099362	0.806091418400671
rbc	annotated_credset_68.txt	ENSG00000132680	KIAA0907	0	-0.3252443973994662	0.1851120561169376	0.5665229394628011	0.838806972182346
rbc	annotated_credset_68.txt	ENSG00000173080	RXFP4	0	-0.8043613115697721	0.1413278547304226	0.0382573489990811	0.8508057102496033
rbc	annotated_credset_68.txt	ENSG00000116584	ARHGEF2	0	-0.2180445614340008	0.3576360876758782	0.6519279081008851	0.9421918779622348
rbc	annotated_credset_68.txt	ENSG00000163479	SSR2	0	-0.4049403718646375	0.3436478744205762	0.658685002831042	0.9619512416112906
rbc	annotated_credset_68.txt	ENSG00000160803	UBQLN4	0	0.2180445614340008	0.7073414190584278	0.5742939799935044	1.0
rbc	annotated_credset_68.txt	ENSG00000116586	LAMTOR2	0	-0.3757135579110481	1.0	0.7302948063516245	0.9899727143399988
rbc	annotated_credset_68.txt	ENSG00000132698	RAB25	0	-0.2188211144752078	0.7350306974963424	0.3231429180157855	0.980856291108438
rbc	annotated_credset_68.txt	ENSG00000254726	MEX3A	0	-0.3605815956566077	0.6742510221104017	0.5001694028575753	0.9654161317245228
rbc	annotated_credset_68.txt	ENSG00000160789	LMNA	0	-0.2575115186048656	0.4159134727140962	1.0	0.950392812541426
rbc	annotated_credset_68.txt	ENSG00000196189	SEMA4A	0	-0.3306301794588434	0.6131021563452888	0.5225436011817537	0.8582142216483981
rbc	annotated_credset_68.txt	ENSG00000160785	SLC25A44	0	-0.4464051626234196	0.4621716598525973	0.3922947088806165	0.791743147577203
rbc	annotated_credset_68.txt	ENSG00000260238	PMF1-BGLAP	0	-0.6038776749375123	0.14291769789288	0.3076143479487203	0.7648647792697936
rbc	annotated_credset_68.txt	ENSG00000160783	PMF1	0	-0.5064143555502959	0.4743002474942912	0.5025409867231533	0.7648491299789778
rbc	annotated_credset_68.txt	ENSG00000242252	BGLAP	0	-0.5751172824895253	0.352987023641858	0.3611314888551313	0.7236360112843638
rbc	annotated_credset_68.txt	ENSG00000160781	PAQR6	0	-0.739486809842601	0.1865956544924999	0.1700078764249809	0.7215688822338866
rbc	annotated_credset_68.txt	ENSG00000198952	SMG5	0	-0.3526601230775491	0.3285520900277576	0.7934886587456731	0.713304634020382
rbc	annotated_credset_68.txt	ENSG00000163472	TMEM79	0	-0.5598959848530228	0.321195629879808	0.3790169351947257	0.6653452483213889
rbc	annotated_credset_68.txt	ENSG00000198715	C1orf85	0	-0.5647839560853948	0.2929730764497559	0.3831736976555188	0.6551675186399615
rbc	annotated_credset_68.txt	ENSG00000189030	VHLL	0	-0.7720102272654105	0.038082671297499	0.179965261588212	0.6430250916297598
rbc	annotated_credset_68.txt	ENSG00000163468	CCT3	0	-0.5655617060507959	0.288132580367276	0.3998376687024998	0.6283090676117722
rbc	annotated_credset_68.txt	ENSG00000163467	TSACC	0	-0.5857650837485237	0.3879507199212394	0.3594309133070443	0.5879822678424488
rbc	annotated_credset_68.txt	ENSG00000132677	RHBG	0	-0.6241686822367951	0.390097493607537	0.2143229923009604	0.5426021698024474
rbc	annotated_credset_68.txt	ENSG00000125462	C1orf61	0	-0.7521967350031353	0.2409199677300261	0.0311403599356994	0.4927534879031557
rbc	annotated_credset_68.txt	ENSG00000116604	MEF2D	0	-0.4731789954235209	0.4929375247836134	0.7875929066226992	0.4081377724625274
rbc	annotated_credset_68.txt	ENSG00000183856	IQGAP3	0	-0.7110674974555083	0.2493074261961084	0.3118159025587243	0.3203907761959527
rbc	annotated_credset_68.txt	ENSG00000187862	TTC24	0	-0.8278820170707979	0.1456782847688457	0.0014980968486531	0.243108887496694
rbc	annotated_credset_68.txt	ENSG00000163382	APOA1BP	0	-0.7055179202275181	0.2115255766890459	0.3229150570147048	0.2259871406814888
rbc	annotated_credset_68.txt	ENSG00000160818	GPATCH4	0	-0.6697312836919294	0.2003172302517331	0.3944883300858823	0.2221103845475932
rbc	annotated_credset_68.txt	ENSG00000132702	HAPLN2	0	-0.812074774330782	0.0	0.109801348808177	0.1868183884325291
rbc	annotated_credset_68.txt	ENSG00000132692	BCAN	0	-0.8669754487348705	0.0692040528899402	0.0	0.1553832311721407
rbc	annotated_credset_68.txt	ENSG00000132688	NES	0	-0.722636698005358	0.2920979585139403	0.288677501459025	0.1164406823086083
rbc	annotated_credset_68.txt	ENSG00000143320	CRABP2	0	-0.7918296813881741	0.1386945701666826	0.1502915346933929	0.0725614935241152
rbc	annotated_credset_68.txt	ENSG00000143319	ISG20L2	0	-0.6494271606598924	0.2215825960920514	0.4350965761499564	0.0408574529942566
rbc	annotated_credset_68.txt	ENSG00000143303	RRNAD1	0	-0.5192530925282629	0.3010268962028086	0.6954447124132153	0.0315375889820913
rbc	annotated_credset_68.txt	ENSG00000143314	MRPL24	0	-0.6190697420609831	0.2635786854087757	0.4958114133477749	0.0189313738986236
rbc	annotated_credset_68.txt	ENSG00000143321	HDGF	0	-0.6119899123326976	0.3204572491214636	0.4169612432831667	0.0120969018005558
rbc	annotated_credset_68.txt	ENSG00000143294	PRCC	0	-0.5305882078352674	0.4368616083026814	0.5491329908629268	0.0
rbc	annotated_credset_709.txt	ENSG00000005175	RPAP3	0	-0.6449804580261717	0.595854231138619	0.2063992814841402	0.6335328314455789
rbc	annotated_credset_709.txt	ENSG00000111405	ENDOU	0	-0.6217735019010403	0.4372665670686159	0.2610040640194372	0.6596293529840384
rbc	annotated_credset_709.txt	ENSG00000079337	RAPGEF3	0	-0.4471707449916823	0.489355458328887	0.6055818732177917	0.7204663838421522
rbc	annotated_credset_709.txt	ENSG00000211584	SLC48A1	0	-0.4106768105732815	0.5106578806957635	0.6376978834577915	0.7361368727573566
rbc	annotated_credset_709.txt	ENSG00000061273	HDAC7	0	-0.2603885012598664	0.4379601963504428	0.9356750243166776	0.8035375012094252
rbc	annotated_credset_709.txt	ENSG00000268069	AC004466.1	0	-0.6921143849478161	0.0	0.3078826178263981	0.7404862930137666
rbc	annotated_credset_709.txt	ENSG00000111424	VDR	0	-0.2083619310817793	0.8316481698858179	1.0	0.9505909853384786
rbc	annotated_credset_709.txt	ENSG00000134291	TMEM106C	0	-0.1395779320742184	0.877294312239889	0.505762339674668	0.9851482062622154
rbc	annotated_credset_709.txt	ENSG00000139219	COL2A1	0	-0.0430889565600923	0.8149343719987194	0.1154227724686668	1.0
rbc	annotated_credset_709.txt	ENSG00000257955	RP1-228P16.5	0	-0.5354186614141857	0.0	0.3078826178263981	0.9467634993331492
rbc	annotated_credset_709.txt	ENSG00000079387	SENP1	0	0.0430889565600923	0.9863141607085688	0.8487617797087924	0.915822545082152
rbc	annotated_credset_709.txt	ENSG00000152556	PFKM	1	-0.2036050657236537	0.8149343719987194	0.7174769589419592	0.8325520848609246
rbc	annotated_credset_709.txt	ENSG00000177981	ASB8	0	-0.4117699759718972	1.0	0.422283088533973	0.7754932031274191
rbc	annotated_credset_709.txt	ENSG00000177875	C12orf68	0	-0.4786133810520639	0.8815094440294525	0.2678970157546211	0.7276040926758064
rbc	annotated_credset_709.txt	ENSG00000269514	DKFZP779L1853	0	-0.6245851559435959	0.8121598548714117	0.1943119826646726	0.7077982429446797
rbc	annotated_credset_709.txt	ENSG00000172640	OR10AD1	0	-0.7817788529693347	0.7767314053996371	0.0499030880257316	0.7025658274962581
rbc	annotated_credset_709.txt	ENSG00000187166	H1FNT	0	-0.7515856408510754	0.9314774303702912	0.115309296235944	0.5330815897470974
rbc	annotated_credset_709.txt	ENSG00000167528	ZNF641	0	-0.465165833990094	0.9965318535908654	0.3098108114319056	0.5183275428114811
rbc	annotated_credset_709.txt	ENSG00000269282	AC024257.1	0	-0.6963435729132091	0.0	0.3078826178263981	0.483371636179836
rbc	annotated_credset_709.txt	ENSG00000139223	ANP32D	0	-0.6534081981472136	0.4312773450005335	0.3937533673583893	0.3408495228316071
rbc	annotated_credset_709.txt	ENSG00000177627	C12orf54	0	-0.7517110760283819	0.5675754988795219	0.1116780080575395	0.3276875429846182
rbc	annotated_credset_709.txt	ENSG00000197376	OR8S1	0	-0.7912925683220279	0.6999786575605592	0.0424506409171469	0.2944400982623657
rbc	annotated_credset_709.txt	ENSG00000167531	LALBA	0	-0.8087298943958358	0.5320536762351937	0.0	0.2137263104834637
rbc	annotated_credset_709.txt	ENSG00000139620	KANSL2	0	-0.664754955949272	0.0971307757976736	0.3710598517542724	0.0990479788566754
rbc	annotated_credset_709.txt	ENSG00000129315	CCNT1	0	-0.5682890958362218	0.0633683705047486	0.563991571980373	0.052138190345294
rbc	annotated_credset_709.txt	ENSG00000257987	LINC00935	0	-0.695042761145631	0.0	0.3078826178263981	0.0
rbc	annotated_credset_710.txt	ENSG00000179715	PCED1B	0	-0.7169307685319173	0.011754615302529	0.2386431269217539	0.0272040454897251
rbc	annotated_credset_710.txt	ENSG00000005175	RPAP3	0	-0.723893185883445	0.595854231138619	0.2063992814841402	0.6736354597310168
rbc	annotated_credset_710.txt	ENSG00000111405	ENDOU	0	-0.4826249018240485	0.4372665670686159	0.2610040640194372	0.700497974225427
rbc	annotated_credset_710.txt	ENSG00000079337	RAPGEF3	0	-0.5265112553845086	0.489355458328887	0.6055818732177917	0.7631207119268683
rbc	annotated_credset_710.txt	ENSG00000211584	SLC48A1	0	-0.5092759393209052	0.5106578806957635	0.6376978834577915	0.7792511657499497
rbc	annotated_credset_710.txt	ENSG00000061273	HDAC7	0	-0.3602873688914623	0.4379601963504428	0.9356750243166776	0.8486301577377428
rbc	annotated_credset_710.txt	ENSG00000268069	AC004466.1	0	-0.6741835721366018	0.0	0.3078826178263981	0.7837282514990181
rbc	annotated_credset_710.txt	ENSG00000111424	VDR	0	0.3012216684611548	0.8316481698858179	1.0	1.0
rbc	annotated_credset_710.txt	ENSG00000134291	TMEM106C	0	-0.3012216684611548	0.877294312239889	0.505762339674668	0.9982827050356542
rbc	annotated_credset_710.txt	ENSG00000139219	COL2A1	0	-0.605255163421272	0.8149343719987194	0.1154227724686668	0.9853430871647694
rbc	annotated_credset_710.txt	ENSG00000257955	RP1-228P16.5	0	-0.6741835721366018	0.0	0.3078826178263981	0.9208846203635102
rbc	annotated_credset_710.txt	ENSG00000079387	SENP1	0	-0.3556874483220222	0.9863141607085688	0.8487617797087924	0.8890354779092795
rbc	annotated_credset_710.txt	ENSG00000152556	PFKM	1	-0.4246525792330877	0.8149343719987194	0.7174769589419592	0.803320838072994
rbc	annotated_credset_710.txt	ENSG00000177981	ASB8	0	-0.3384803360465778	1.0	0.422283088533973	0.7445871468665908
rbc	annotated_credset_710.txt	ENSG00000177875	C12orf68	0	-0.5396894189603016	0.8815094440294525	0.2678970157546211	0.6952923808290941
rbc	annotated_credset_710.txt	ENSG00000269514	DKFZP779L1853	0	-0.6874638767284205	0.8121598548714117	0.1943119826646726	0.6749051838345668
rbc	annotated_credset_710.txt	ENSG00000172640	OR10AD1	0	-0.7604436612671293	0.7767314053996371	0.0499030880257316	0.6695191849528054
rbc	annotated_credset_710.txt	ENSG00000187166	H1FNT	0	-0.7298538994471793	0.9314774303702912	0.115309296235944	0.4950601948379242
rbc	annotated_credset_710.txt	ENSG00000167528	ZNF641	0	-0.4226439924885417	0.9965318535908654	0.3098108114319056	0.4798730826752894
rbc	annotated_credset_710.txt	ENSG00000269282	AC024257.1	0	-0.682311023079595	0.0	0.3078826178263981	0.4438911397495256
rbc	annotated_credset_710.txt	ENSG00000139223	ANP32D	0	-0.6393756483135995	0.4312773450005335	0.3937533673583893	0.2971856744273158
rbc	annotated_credset_710.txt	ENSG00000177627	C12orf54	0	-0.775612889083104	0.5675754988795219	0.1116780080575395	0.2836373601857488
rbc	annotated_credset_710.txt	ENSG00000197376	OR8S1	0	-0.7700556050744123	0.6999786575605592	0.0424506409171469	0.249414026457635
rbc	annotated_credset_710.txt	ENSG00000167531	LALBA	0	-0.8362523319927941	0.5320536762351937	0.0	0.166331103282829
rbc	annotated_credset_710.txt	ENSG00000139620	KANSL2	0	-0.650722406115658	0.0971307757976736	0.3710598517542724	0.0482866987448735
rbc	annotated_credset_710.txt	ENSG00000129315	CCNT1	0	-0.5527616019069961	0.0633683705047486	0.563991571980373	0.0
rbc	annotated_credset_711.txt	ENSG00000005175	RPAP3	0	-1.0712817753926331	0.595854231138619	0.2063992814841402	0.4416233552609312
rbc	annotated_credset_711.txt	ENSG00000111405	ENDOU	0	-0.964493490875473	0.4372665670686159	0.2610040640194372	0.4680312410731571
rbc	annotated_credset_711.txt	ENSG00000079337	RAPGEF3	0	-0.8738531148521929	0.489355458328887	0.6055818732177917	0.5295941341080874
rbc	annotated_credset_711.txt	ENSG00000211584	SLC48A1	0	-0.8568960928750458	0.5106578806957635	0.6376978834577915	0.5454515916349305
rbc	annotated_credset_711.txt	ENSG00000061273	HDAC7	0	-0.707156742340012	0.4379601963504428	0.9356750243166776	0.6136563942256272
rbc	annotated_credset_711.txt	ENSG00000268069	AC004466.1	0	-1.0218037256907424	0.0	0.3078826178263981	0.5498529059369682
rbc	annotated_credset_711.txt	ENSG00000111424	VDR	0	-0.6437593940781237	0.8316481698858179	1.0	0.7624644110889834
rbc	annotated_credset_711.txt	ENSG00000134291	TMEM106C	0	-0.8700108765235045	0.877294312239889	0.505762339674668	0.7974339430550347
rbc	annotated_credset_711.txt	ENSG00000139219	COL2A1	0	-0.9528076657035924	0.8149343719987194	0.1154227724686668	0.8456412637769531
rbc	annotated_credset_711.txt	ENSG00000257955	RP1-228P16.5	0	-1.0185708889674148	0.0	0.3078826178263981	0.8739309788355132
rbc	annotated_credset_711.txt	ENSG00000079387	SENP1	0	-0.1154364675950043	0.9863141607085688	0.8487617797087924	0.983491348323886
rbc	annotated_credset_711.txt	ENSG00000152556	PFKM	1	0.1154364675950043	0.8149343719987194	0.7174769589419592	1.0
rbc	annotated_credset_711.txt	ENSG00000177981	ASB8	0	-0.8209429449878339	1.0	0.422283088533973	0.9603516177639264
rbc	annotated_credset_711.txt	ENSG00000177875	C12orf68	0	-0.802307030972389	0.8815094440294525	0.2678970157546211	0.9118911300858468
rbc	annotated_credset_711.txt	ENSG00000269514	DKFZP779L1853	0	-1.043617567670409	0.8121598548714117	0.1943119826646726	0.8918489716953928
rbc	annotated_credset_711.txt	ENSG00000172640	OR10AD1	0	-1.1158220149898794	0.7767314053996371	0.0499030880257316	0.8865541269598439
rbc	annotated_credset_711.txt	ENSG00000187166	H1FNT	0	-1.0861047459601516	0.9314774303702912	0.115309296235944	0.7150477294173234
rbc	annotated_credset_711.txt	ENSG00000167528	ZNF641	0	-0.8855211112030523	0.9965318535908654	0.3098108114319056	0.7001176481737457
rbc	annotated_credset_711.txt	ENSG00000269282	AC024257.1	0	-1.0203391203593215	0.0	0.3078826178263981	0.6647446736786242
rbc	annotated_credset_711.txt	ENSG00000139223	ANP32D	0	-0.979767367781894	0.4312773450005335	0.3937533673583893	0.5205220925399686
rbc	annotated_credset_711.txt	ENSG00000177627	C12orf54	0	-1.1186424121059335	0.5675754988795219	0.1116780080575395	0.5072030737446913
rbc	annotated_credset_711.txt	ENSG00000197376	OR8S1	0	-1.126903690128034	0.6999786575605592	0.0424506409171469	0.4735589452550149
rbc	annotated_credset_711.txt	ENSG00000167531	LALBA	0	-1.1766440514610887	0.5320536762351937	0.0	0.3918821406281519
rbc	annotated_credset_711.txt	ENSG00000139620	KANSL2	0	-0.9911141255839526	0.0971307757976736	0.3710598517542724	0.2758355524928822
rbc	annotated_credset_711.txt	ENSG00000129315	CCNT1	0	-0.8946482654709023	0.0633683705047486	0.563991571980373	0.2283660712956056
rbc	annotated_credset_711.txt	ENSG00000257987	LINC00935	0	-1.0227027425478896	0.0	0.3078826178263981	0.1756058068647506
rbc	annotated_credset_711.txt	ENSG00000174233	ADCY6	0	-0.8085076800817799	0.0963504428556183	0.7362727427586178	0.1231352629077917
rbc	annotated_credset_711.txt	ENSG00000167535	CACNB3	0	-1.0179366392667772	0.2480258243517233	0.317414824388623	0.0586900573077928
rbc	annotated_credset_711.txt	ENSG00000174243	DDX23	0	-0.9272792059815154	0.3221107672606978	0.4987296909591467	0.0370693284848025
rbc	annotated_credset_711.txt	ENSG00000172602	RND1	0	-1.1184679973452745	0.226469960516487	0.1143877775584107	0.0
rbc	annotated_credset_713.txt	ENSG00000061273	HDAC7	0	-0.0681667524183802	0.4379601963504428	0.9356750243166776	0.0
rbc	annotated_credset_713.txt	ENSG00000111424	VDR	0	0.023190300242617	0.8316481698858179	1.0	0.1513690084363199
rbc	annotated_credset_713.txt	ENSG00000134291	TMEM106C	0	-0.223928529920049	0.877294312239889	0.505762339674668	0.1869403673641388
rbc	annotated_credset_713.txt	ENSG00000139219	COL2A1	0	-0.4190983135230495	0.8149343719987194	0.1154227724686668	0.2359773378907272
rbc	annotated_credset_713.txt	ENSG00000257955	RP1-228P16.5	0	-0.3820629556635198	0.0	0.3078826178263981	0.2647539200105764
rbc	annotated_credset_713.txt	ENSG00000079387	SENP1	0	-0.0524288099029868	0.9863141607085688	0.8487617797087924	0.3761998275828828
rbc	annotated_credset_713.txt	ENSG00000152556	PFKM	1	-0.1180712202864033	0.8149343719987194	0.7174769589419592	0.4314173733656868
rbc	annotated_credset_713.txt	ENSG00000177981	ASB8	0	-0.2494484203448275	1.0	0.422283088533973	0.4793540142065094
rbc	annotated_credset_713.txt	ENSG00000177875	C12orf68	0	-0.0994866057747256	0.8815094440294525	0.2678970157546211	0.4858444445056504
rbc	annotated_credset_713.txt	ENSG00000269514	DKFZP779L1853	0	-0.3796537084250466	0.8121598548714117	0.1943119826646726	0.5080231799114778
rbc	annotated_credset_713.txt	ENSG00000172640	OR10AD1	0	-0.4518581557445171	0.7767314053996371	0.0499030880257316	0.509890572970174
rbc	annotated_credset_713.txt	ENSG00000187166	H1FNT	0	-0.4156469606665105	0.9314774303702912	0.115309296235944	0.6846378001118233
rbc	annotated_credset_713.txt	ENSG00000167528	ZNF641	0	-0.3183962030685296	0.9965318535908654	0.3098108114319056	0.7137435171439352
rbc	annotated_credset_713.txt	ENSG00000269282	AC024257.1	0	-0.3761604269007024	0.0	0.3078826178263981	0.7365226827662756
rbc	annotated_credset_713.txt	ENSG00000139223	ANP32D	0	-0.023190300242617	0.4312773450005335	0.3937533673583893	0.8812663018180916
rbc	annotated_credset_713.txt	ENSG00000177627	C12orf54	0	-0.4666615898555053	0.5675754988795219	0.1116780080575395	0.9135628372255716
rbc	annotated_credset_713.txt	ENSG00000197376	OR8S1	0	-0.279041620357159	0.6999786575605592	0.0424506409171469	0.9595384399280584
rbc	annotated_credset_713.txt	ENSG00000167531	LALBA	0	-0.0834579064681984	0.5320536762351937	0.0	1.0
rbc	annotated_credset_713.txt	ENSG00000139620	KANSL2	0	-0.3428365995180642	0.0971307757976736	0.3710598517542724	0.8819562457136719
rbc	annotated_credset_713.txt	ENSG00000129315	CCNT1	0	-0.2463707394050138	0.0633683705047486	0.563991571980373	0.8336698129577248
rbc	annotated_credset_713.txt	ENSG00000257987	LINC00935	0	-0.3747336109140691	0.0	0.3078826178263981	0.780001542389547
rbc	annotated_credset_713.txt	ENSG00000174233	ADCY6	0	-0.1619653644345926	0.0963504428556183	0.7362727427586178	0.7266279783955293
rbc	annotated_credset_713.txt	ENSG00000167535	CACNB3	0	-0.3042678110921242	0.2480258243517233	0.317414824388623	0.6610736683807389
rbc	annotated_credset_713.txt	ENSG00000174243	DDX23	0	-0.2835898070518574	0.3221107672606978	0.4987296909591467	0.6390808460006665
rbc	annotated_credset_713.txt	ENSG00000172602	RND1	0	-0.4757607637522254	0.226469960516487	0.1143877775584107	0.6013735529769495
rbc	annotated_credset_713.txt	ENSG00000272822	RP11-302B13.5	0	-0.3787950714090642	0.0	0.3078826178263981	0.5375323970661547
rbc	annotated_credset_713.txt	ENSG00000139537	CCDC65	0	-0.4479406899385572	0.0359633443602603	0.174443198852129	0.5366964770170186
rbc	annotated_credset_713.txt	ENSG00000134285	FKBP11	0	-0.4089374938760366	0.0170032547220147	0.2541335414013647	0.5127233366292729
rbc	annotated_credset_713.txt	ENSG00000255863	AC073610.5	0	-0.3820629556635198	0.0	0.3078826178263981	0.5120815924070367
rbc	annotated_credset_713.txt	ENSG00000134287	ARF3	0	-0.3353022371318801	0.0250453526838117	0.4014040548896777	0.4931611549192586
rbc	annotated_credset_713.txt	ENSG00000169884	WNT10B	0	-0.4546275660897845	0.1892940988154946	0.1627533969738687	0.4523745913356267
rbc	annotated_credset_713.txt	ENSG00000125084	WNT1	0	-0.2110429759592096	0.0360753921673247	0.1541745341747157	0.4340931438030369
rbc	annotated_credset_713.txt	ENSG00000181418	DDN	0	-0.4725793431647338	0.1128014619571017	0.1268498428239702	0.4113236181153652
rbc	annotated_credset_713.txt	ENSG00000181929	PRKAG1	0	-0.1063493000864861	0.2477723828833635	0.8593099289804654	0.4015115417560655
rbc	annotated_credset_713.txt	ENSG00000167548	KMT2D	0	-0.2677621061070141	0.2099695870237968	0.5364843169394096	0.3785120347698672
rbc	annotated_credset_713.txt	ENSG00000167550	RHEBL1	0	-0.4365291796088786	0.119923167218013	0.1989501699356805	0.3155632613826971
rbc	annotated_credset_713.txt	ENSG00000139549	DHH	0	-0.4108007436552783	0.1351376587343933	0.2504070418428811	0.281498486530257
rbc	annotated_credset_713.txt	ENSG00000139636	LMBR1L	0	-0.2666182015663936	0.2670339344787109	0.5387721260206507	0.2708739013917311
rbc	annotated_credset_713.txt	ENSG00000123416	TUBA1B	0	-0.3159520827982196	0.4452966599082275	0.4401043635569984	0.2286702674117877
rbc	annotated_credset_713.txt	ENSG00000167552	TUBA1A	0	-0.4549090255972936	0.3913269661722334	0.1621904779588506	0.1501543766680529
rbc	annotated_credset_713.txt	ENSG00000167553	TUBA1C	0	-0.3219123381648576	0.2790123786148756	0.4281838528237225	0.1447284705830508
rbc	annotated_credset_713.txt	ENSG00000135406	PRPH	0	-0.4637581629161316	0.0424647849749226	0.1408610883614579	0.0007959831769368
rbc	annotated_credset_830.txt	ENSG00000157890	MEGF11	0	-0.7094172005447192	0.9526121027427076	0.2059420009419842	0.5057798428457233
rbc	annotated_credset_830.txt	ENSG00000166938	DIS3L	0	-0.7345013266188561	0.7866347409664779	0.155233253874887	0.625417104625142
rbc	annotated_credset_830.txt	ENSG00000075131	TIPIN	0	-0.3368143640467125	0.8191118850674792	0.2631672605011081	0.7043005871832976
rbc	annotated_credset_830.txt	ENSG00000169032	MAP2K1	0	-0.1377085944835443	0.7438180235089247	0.5066108095151396	0.8618735080078177
rbc	annotated_credset_830.txt	ENSG00000174446	SNAPC5	0	-0.626683559576485	0.52070091423596	0.1219986536059914	0.8700845668473653
rbc	annotated_credset_830.txt	ENSG00000174444	RPL4	0	-0.3574473861388101	0.6848062690465825	0.6406631849295835	0.9099666394039684
rbc	annotated_credset_830.txt	ENSG00000174442	ZWILCH	0	-0.4207104793089102	0.661427949499347	0.076565473015653	0.9476485482213434
rbc	annotated_credset_830.txt	ENSG00000188501	LCTL	0	-0.6727057888681893	0.5954505877231171	0.0	0.9718324375720706
rbc	annotated_credset_830.txt	ENSG00000259471	RP11-321F6.1	0	-0.3523197026724789	0.0	0.0486636843085349	1.0
rbc	annotated_credset_830.txt	ENSG00000137834	SMAD6	1	0.1377085944835443	1.0	0.730963129877906	0.8247957107955852
rbc	annotated_credset_830.txt	ENSG00000166949	SMAD3	0	-0.3130979731256966	0.7928167174575532	1.0	0.2851510720833777
rbc	annotated_credset_830.txt	ENSG00000259202	RP11-342M21.2	0	-0.8372808547492002	0.0	0.0486636843085349	0.1672751354140601
rbc	annotated_credset_830.txt	ENSG00000103591	AAGAB	0	-0.7771003352106002	0.1809381802350892	0.1690247233857348	0.0802552264362766
rbc	annotated_credset_830.txt	ENSG00000103599	IQCH	0	-0.7645836675116349	0.6948410970831519	0.0860820990058334	0.0
rbc	annotated_credset_831.txt	ENSG00000157890	MEGF11	0	-0.6801786937035015	0.9526121027427076	0.2059420009419842	0.2233134320363161
rbc	annotated_credset_831.txt	ENSG00000166938	DIS3L	0	-0.70553306723705	0.7866347409664779	0.155233253874887	0.367400082583264
rbc	annotated_credset_831.txt	ENSG00000075131	TIPIN	0	-0.5598973985148514	0.8191118850674792	0.2631672605011081	0.4624044032792642
rbc	annotated_credset_831.txt	ENSG00000169032	MAP2K1	0	-0.5288279110142138	0.7438180235089247	0.5066108095151396	0.6521793449723075
rbc	annotated_credset_831.txt	ENSG00000174446	SNAPC5	0	-0.5189588485879284	0.52070091423596	0.1219986536059914	0.6620684376181729
rbc	annotated_credset_831.txt	ENSG00000174444	RPL4	0	-0.2868883765395662	0.6848062690465825	0.6406631849295835	0.7101009165138061
rbc	annotated_credset_831.txt	ENSG00000174442	ZWILCH	0	-0.4938415193579513	0.661427949499347	0.076565473015653	0.7554836003612654
rbc	annotated_credset_831.txt	ENSG00000188501	LCTL	0	-0.6158466088473451	0.5954505877231171	0.0	0.7846097736112766
rbc	annotated_credset_831.txt	ENSG00000259471	RP11-321F6.1	0	-0.4821025733947377	0.0	0.0486636843085349	1.0
rbc	annotated_credset_831.txt	ENSG00000137834	SMAD6	1	0.2831496941744935	1.0	0.730963129877906	0.993353154246711
rbc	annotated_credset_831.txt	ENSG00000166949	SMAD3	0	-0.2831496941744935	0.7928167174575532	1.0	0.3434253029973088
rbc	annotated_credset_831.txt	ENSG00000259202	RP11-342M21.2	0	-0.8042796258926017	0.0	0.0486636843085349	0.2014599266408937
rbc	annotated_credset_831.txt	ENSG00000103591	AAGAB	0	-0.739403571647886	0.1809381802350892	0.1690247233857348	0.0966563977986269
rbc	annotated_credset_831.txt	ENSG00000103599	IQCH	0	-0.6155218240691598	0.6948410970831519	0.0860820990058334	0.0
rbc	annotated_credset_862.txt	ENSG00000234769	WASH4P	0	-0.7879359329202672	0.1000338213948507	0.2502653378244576	0.732759612797118
rbc	annotated_credset_862.txt	ENSG00000161980	POLR3K	0	-0.613996709584201	0.5350380255821273	0.3419522924159013	0.7846777882948459
rbc	annotated_credset_862.txt	ENSG00000161981	SNRNP25	0	-0.5667029792162642	0.6014947177557627	0.4023130971916919	0.7908166385753445
rbc	annotated_credset_862.txt	ENSG00000007384	RHBDF1	0	-0.4825726031877114	0.810576701756364	0.2998762555598326	0.8192017950938091
rbc	annotated_credset_862.txt	ENSG00000103152	MPG	0	-0.2619679190561791	0.8031430410131387	0.5014377585274874	0.833630599836243
rbc	annotated_credset_862.txt	ENSG00000103148	NPRL3	0	0.0014773733385712	0.9975221130855918	0.7152010640353716	0.914155726492612
rbc	annotated_credset_862.txt	ENSG00000130656	HBZ	0	-0.0014773733385712	0.6795775144093235	0.5652726822075761	0.937919654960278
rbc	annotated_credset_862.txt	ENSG00000206177	HBM	1	-0.0494106145077531	0.8174936467449258	0.4749084238377177	0.9565519238764658
rbc	annotated_credset_862.txt	ENSG00000188536	HBA2	1	-0.6279860605552209	0.1000338213948507	0.6377209869429776	0.9670978032744418
rbc	annotated_credset_862.txt	ENSG00000206172	HBA1	1	-0.6797411192089694	0.0	0.3455816000355661	0.9728887701809652
rbc	annotated_credset_862.txt	ENSG00000086506	HBQ1	0	-0.2921550823507693	0.4977522864672143	0.7297878543931405	0.9784473084577144
rbc	annotated_credset_862.txt	ENSG00000007392	LUC7L	0	-0.0445791069107167	0.9623854417684832	0.5039114773313513	1.0
rbc	annotated_credset_862.txt	ENSG00000167930	ITFG3	0	-0.6441368627181056	1.0	0.42364834265444	0.9404837122750732
rbc	annotated_credset_862.txt	ENSG00000269881	ITFG3	0	-0.7765316485288617	0.9006026784665756	0.2073609778352958	0.9176950725676346
rbc	annotated_credset_862.txt	ENSG00000076344	RGS11	0	-0.654390436264432	0.916127638186234	0.2526430437826123	0.8892050952945662
rbc	annotated_credset_862.txt	ENSG00000242173	ARHGDIG	0	-0.6194348593773723	0.9535777868594488	0.2197960283825372	0.8885579410704898
rbc	annotated_credset_862.txt	ENSG00000185615	PDIA2	0	-0.4468149411634284	0.8451849137789303	0.3942070455355226	0.8666428076514172
rbc	annotated_credset_862.txt	ENSG00000103126	AXIN1	0	-0.0265938732482063	0.9498198540982606	1.0	0.8601287294522642
rbc	annotated_credset_862.txt	ENSG00000086504	MRPL28	0	-0.4919284394727906	0.6928712015520263	0.4177169168214613	0.7386824916833513
rbc	annotated_credset_862.txt	ENSG00000129925	TMEM8A	0	-0.6115144288606503	0.5969851984423369	0.4436292047083399	0.7335341215767912
rbc	annotated_credset_862.txt	ENSG00000103202	NME4	0	-0.5781010512562069	0.474183001930638	0.7692005573522239	0.6941093647147525
rbc	annotated_credset_862.txt	ENSG00000242612	DECR2	0	-0.6712644720384361	0.4674656971200143	0.3540276426371311	0.6863602245809185
rbc	annotated_credset_862.txt	ENSG00000090565	RAB11FIP3	0	-0.593099436383452	0.4644593509110639	0.4254460098836837	0.6502152939390223
rbc	annotated_credset_862.txt	ENSG00000103326	CAPN15	0	-0.606082679961015	0.3017760929712565	0.489416613602276	0.4951139982353991
rbc	annotated_credset_862.txt	ENSG00000161992	C16orf11	0	-0.8668275403161859	0.65114640436296	0.1170845362101102	0.4454304796945168
rbc	annotated_credset_862.txt	ENSG00000007541	PIGQ	0	-0.5731221672147641	0.4273849955139678	0.7905891850008445	0.4354451634624661
rbc	annotated_credset_862.txt	ENSG00000257108	NHLRC4	0	-0.8033250319374682	0.5559885007257508	0.3239595385479902	0.435443644321095
rbc	annotated_credset_862.txt	ENSG00000197562	RAB40C	0	-0.7836746778077605	0.3795300705082134	0.3694841638148517	0.4014741241225728
rbc	annotated_credset_862.txt	ENSG00000127578	WFIKKN1	0	-0.7396759583327522	0.4332097912938093	0.2277664938934082	0.3408877279615128
rbc	annotated_credset_862.txt	ENSG00000130731	C16orf13	0	-0.6457880958722929	0.4050957568241711	0.415542218814327	0.3330033842456535
rbc	annotated_credset_862.txt	ENSG00000172366	FAM195A	0	-0.662727779029436	0.4633554581624649	0.6113779613715006	0.3217860443616641
rbc	annotated_credset_862.txt	ENSG00000161996	WDR90	0	-0.7108700559863664	0.2049165504056219	0.4235485408957504	0.3103955223613725
rbc	annotated_credset_862.txt	ENSG00000140983	RHOT2	0	-0.5131754368275309	0.2714307859246629	0.4835584171070982	0.2818736431195115
rbc	annotated_credset_862.txt	ENSG00000103269	RHBDL1	0	-0.6925855901826315	0.5380561153309565	0.3062032593226781	0.2703585515267921
rbc	annotated_credset_862.txt	ENSG00000103266	STUB1	0	-0.5812690094402609	0.3539878712720133	0.545520237717209	0.2634343051574497
rbc	annotated_credset_862.txt	ENSG00000161999	JMJD8	0	-0.6527949104005796	0.3840983075210327	0.359467260869814	0.2612361075935098
rbc	annotated_credset_862.txt	ENSG00000127580	WDR24	0	-0.6857355175518881	0.1206543030678823	0.3330071281101659	0.2567531214074788
rbc	annotated_credset_862.txt	ENSG00000127585	FBXL16	0	-0.8021030795438436	0.183047730443483	0.1002720041262547	0.2447853256861802
rbc	annotated_credset_862.txt	ENSG00000103260	METRN	0	-0.7954167719696087	0.2205225405504432	0.3459999754911553	0.2104299435794059
rbc	annotated_credset_862.txt	ENSG00000103254	FAM173A	0	-0.7914347754196894	0.1541750632976799	0.353963968590994	0.202126316845131
rbc	annotated_credset_862.txt	ENSG00000162004	CCDC78	0	-0.8175859936587326	0.1942346265319448	0.193283121773552	0.1990865149616176
rbc	annotated_credset_862.txt	ENSG00000103253	HAGHL	0	-0.8219606092325215	0.2471451454554849	0.2929123009653299	0.1924721734319738
rbc	annotated_credset_862.txt	ENSG00000103245	NARFL	0	-0.7673730399676232	0.2848888826256676	0.4020874394951261	0.1881927521896663
rbc	annotated_credset_862.txt	ENSG00000102854	MSLN	0	-0.9456331492596703	0.5649840522728448	0.0393433039035857	0.1410856974141207
rbc	annotated_credset_862.txt	ENSG00000162006	MSLNL	0	-0.9684167597151864	0.4534439105048313	0.0	0.127920818292418
rbc	annotated_credset_862.txt	ENSG00000007376	RPUSD1	0	-0.8065087696604295	0.3439354011358352	0.3238159801095137	0.1043042465377458
rbc	annotated_credset_862.txt	ENSG00000127586	CHTF18	0	-0.7908575149917355	0.3972628157250697	0.3551184894469016	0.0996374442458152
rbc	annotated_credset_862.txt	ENSG00000127588	GNG13	0	-0.9395999396139972	0.4096639938369903	0.0576336402023779	0.0844536262419589
rbc	annotated_credset_862.txt	ENSG00000167945	PRR25	0	-0.9313695918172732	0.2007687321204605	0.074094335795826	0.0732089418132902
rbc	annotated_credset_862.txt	ENSG00000103227	LMF1	0	-0.8011345505073921	0.2983587228665511	0.3317377277417604	0.0
rbc	annotated_credset_864.txt	ENSG00000234769	WASH4P	0	-0.7794672453859349	0.1000338213948507	0.2502653378244576	0.8041550435043521
rbc	annotated_credset_864.txt	ENSG00000161980	POLR3K	0	-0.733623768090213	0.5350380255821273	0.3419522924159013	0.8531481855683086
rbc	annotated_credset_864.txt	ENSG00000161981	SNRNP25	0	-0.6983705335947737	0.6014947177557627	0.4023130971916919	0.8589411773485184
rbc	annotated_credset_864.txt	ENSG00000007384	RHBDF1	0	-0.7022619127847268	0.810576701756364	0.2998762555598326	0.8857271341446624
rbc	annotated_credset_864.txt	ENSG00000103152	MPG	0	-0.6014811613008996	0.8031430410131387	0.5014377585274874	0.8993430301922823
rbc	annotated_credset_864.txt	ENSG00000103148	NPRL3	0	0.0405628211268097	0.9975221130855918	0.7152010640353716	0.975331427938775
rbc	annotated_credset_864.txt	ENSG00000130656	HBZ	0	-0.0405628211268097	0.6795775144093235	0.5652726822075761	0.9977565134170776
rbc	annotated_credset_864.txt	ENSG00000206177	HBM	1	-0.2808056802922075	0.8174936467449258	0.4749084238377177	1.0
rbc	annotated_credset_864.txt	ENSG00000188536	HBA2	1	-0.5545007457091821	0.1000338213948507	0.6377209869429776	0.9759463717063652
rbc	annotated_credset_864.txt	ENSG00000206172	HBA1	1	-0.6627284634739535	0.0	0.3455816000355661	0.9704515591615634
rbc	annotated_credset_864.txt	ENSG00000086506	HBQ1	0	-0.5080364896116641	0.4977522864672143	0.7297878543931405	0.9650427598577448
rbc	annotated_credset_864.txt	ENSG00000007392	LUC7L	0	-0.5886196080284231	0.9623854417684832	0.5039114773313513	0.9528346138542144
rbc	annotated_credset_864.txt	ENSG00000167930	ITFG3	0	-0.1860628294577601	1.0	0.42364834265444	0.8874975224494585
rbc	annotated_credset_864.txt	ENSG00000269881	ITFG3	0	-0.7485195516469952	0.9006026784665756	0.2073609778352958	0.8659927786496745
rbc	annotated_credset_864.txt	ENSG00000076344	RGS11	0	-0.7258785186733371	0.916127638186234	0.2526430437826123	0.8391079066263998
rbc	annotated_credset_864.txt	ENSG00000242173	ARHGDIG	0	-0.7423020263733745	0.9535777868594488	0.2197960283825372	0.83849721261542
rbc	annotated_credset_864.txt	ENSG00000185615	PDIA2	0	-0.6585860121206123	0.8451849137789303	0.3942070455355226	0.8178167623750573
rbc	annotated_credset_864.txt	ENSG00000103126	AXIN1	0	-0.1259971949912178	0.9498198540982606	1.0	0.8116696827528008
rbc	annotated_credset_864.txt	ENSG00000086504	MRPL28	0	-0.6520940474020204	0.6928712015520263	0.4177169168214613	0.697065640466959
rbc	annotated_credset_864.txt	ENSG00000129925	TMEM8A	0	-0.6792201197213986	0.5969851984423369	0.4436292047083399	0.6922073259054319
rbc	annotated_credset_864.txt	ENSG00000103202	NME4	0	-0.5215002421589169	0.474183001930638	0.7692005573522239	0.6550037320722215
rbc	annotated_credset_864.txt	ENSG00000242612	DECR2	0	-0.7296347642251731	0.4674656971200143	0.3540276426371311	0.6476911730346443
rbc	annotated_credset_864.txt	ENSG00000090565	RAB11FIP3	0	-0.69584467134973	0.4644593509110639	0.4254460098836837	0.613582622322808
rbc	annotated_credset_864.txt	ENSG00000103326	CAPN15	0	-0.6664966366031658	0.3017760929712565	0.489416613602276	0.4672196243579842
rbc	annotated_credset_864.txt	ENSG00000161992	C16orf11	0	-0.8054331468721246	0.65114640436296	0.1170845362101102	0.4203352402521294
rbc	annotated_credset_864.txt	ENSG00000007541	PIGQ	0	-0.5159103509038815	0.4273849955139678	0.7905891850008445	0.4109124897024341
rbc	annotated_credset_864.txt	ENSG00000257108	NHLRC4	0	-0.7441836940659167	0.5559885007257508	0.3239595385479902	0.4109110561484178
rbc	annotated_credset_864.txt	ENSG00000197562	RAB40C	0	-0.7264628614968779	0.3795300705082134	0.3694841638148517	0.3788553547880441
rbc	annotated_credset_864.txt	ENSG00000127578	WFIKKN1	0	-0.7973216964575996	0.4332097912938093	0.2277664938934082	0.3216823535065979
rbc	annotated_credset_864.txt	ENSG00000130731	C16orf13	0	-0.7034338339971403	0.4050957568241711	0.415542218814327	0.3142422081615624
rbc	annotated_credset_864.txt	ENSG00000172366	FAM195A	0	-0.6055159627185535	0.4633554581624649	0.6113779613715006	0.3036568453045793
rbc	annotated_credset_864.txt	ENSG00000161996	WDR90	0	-0.6994306729564287	0.2049165504056219	0.4235485408957504	0.2929080572897283
rbc	annotated_credset_864.txt	ENSG00000140983	RHOT2	0	-0.6694257348507547	0.2714307859246629	0.4835584171070982	0.2659930806321095
rbc	annotated_credset_864.txt	ENSG00000103269	RHBDL1	0	-0.7581033137429648	0.5380561153309565	0.3062032593226781	0.2551267411879151
rbc	annotated_credset_864.txt	ENSG00000103266	STUB1	0	-0.6384448245456992	0.3539878712720133	0.545520237717209	0.2485926019812346
rbc	annotated_credset_864.txt	ENSG00000161999	JMJD8	0	-0.7314713129693967	0.3840983075210327	0.359467260869814	0.2465182493195263
rbc	annotated_credset_864.txt	ENSG00000127580	WDR24	0	-0.7447013793492209	0.1206543030678823	0.3330071281101659	0.2422878314171757
rbc	annotated_credset_864.txt	ENSG00000127585	FBXL16	0	-0.8610689413411764	0.183047730443483	0.1002720041262547	0.2309942928760986
rbc	annotated_credset_864.txt	ENSG00000103260	METRN	0	-0.7382049556587261	0.2205225405504432	0.3459999754911553	0.1985744687955633
rbc	annotated_credset_864.txt	ENSG00000103254	FAM173A	0	-0.7342229591088069	0.1541750632976799	0.353963968590994	0.1907386625420057
rbc	annotated_credset_864.txt	ENSG00000162004	CCDC78	0	-0.8145633825175277	0.1942346265319448	0.193283121773552	0.1878701209552203
rbc	annotated_credset_864.txt	ENSG00000103253	HAGHL	0	-0.7647487929216389	0.2471451454554849	0.2929123009653299	0.1816284267678823
rbc	annotated_credset_864.txt	ENSG00000103245	NARFL	0	-0.7101612236567406	0.2848888826256676	0.4020874394951261	0.1775901051037272
rbc	annotated_credset_864.txt	ENSG00000102854	MSLN	0	-0.8864918113881188	0.5649840522728448	0.0393433039035857	0.1331370286096605
rbc	annotated_credset_864.txt	ENSG00000162006	MSLNL	0	-0.9112049434043038	0.4534439105048313	0.0	0.1207138495036724
rbc	annotated_credset_864.txt	ENSG00000007376	RPUSD1	0	-0.3793014785341783	0.3439354011358352	0.3238159801095137	0.0984278187649592
rbc	annotated_credset_864.txt	ENSG00000127586	CHTF18	0	-0.454351446285223	0.3972628157250697	0.3551184894469016	0.094023940826626
rbc	annotated_credset_864.txt	ENSG00000127588	GNG13	0	-0.8823881233031148	0.4096639938369903	0.0576336402023779	0.079695568432863
rbc	annotated_credset_864.txt	ENSG00000167945	PRR25	0	-0.8741577755063907	0.2007687321204605	0.074094335795826	0.069084401603585
rbc	annotated_credset_864.txt	ENSG00000103227	LMF1	0	-0.7437659739807502	0.2983587228665511	0.3317377277417604	0.0
rbc	annotated_credset_865.txt	ENSG00000234769	WASH4P	0	-0.6973587340128332	0.1000338213948507	0.2502653378244576	0.726602440893435
rbc	annotated_credset_865.txt	ENSG00000161980	POLR3K	0	-0.6539868229173676	0.5350380255821273	0.3419522924159013	0.7787728725019161
rbc	annotated_credset_865.txt	ENSG00000161981	SNRNP25	0	-0.6183535492068405	0.6014947177557627	0.4023130971916919	0.7849415497646113
rbc	annotated_credset_865.txt	ENSG00000007384	RHBDF1	0	-0.6126144867311442	0.810576701756364	0.2998762555598326	0.813464621938197
rbc	annotated_credset_865.txt	ENSG00000103152	MPG	0	-0.5179187734324365	0.8031430410131387	0.5014377585274874	0.8279635322675906
rbc	annotated_credset_865.txt	ENSG00000103148	NPRL3	0	-0.4039860104108551	0.9975221130855918	0.7152010640353716	0.9088799083288838
rbc	annotated_credset_865.txt	ENSG00000130656	HBZ	0	-0.1569730628054658	0.6795775144093235	0.5652726822075761	0.932759299177768
rbc	annotated_credset_865.txt	ENSG00000206177	HBM	1	-0.1974672866788104	0.8174936467449258	0.4749084238377177	0.9514820971552382
rbc	annotated_credset_865.txt	ENSG00000188536	HBA2	1	-0.4807631106483362	0.1000338213948507	0.6377209869429776	0.9620792160757108
rbc	annotated_credset_865.txt	ENSG00000206172	HBA1	1	-0.5426278919163731	0.0	0.3455816000355661	0.9678983196949622
rbc	annotated_credset_865.txt	ENSG00000086506	HBQ1	0	-0.3355184609503544	0.4977522864672143	0.7297878543931405	0.973483865377764
rbc	annotated_credset_865.txt	ENSG00000007392	LUC7L	0	-0.053798560797167	0.9623854417684832	0.5039114773313513	1.0
rbc	annotated_credset_865.txt	ENSG00000167930	ITFG3	0	-0.1093832283400905	1.0	0.42364834265444	0.9450532635201004
rbc	annotated_credset_865.txt	ENSG00000269881	ITFG3	0	-0.6649571637785322	0.9006026784665756	0.2073609778352958	0.9221539000908276
rbc	annotated_credset_865.txt	ENSG00000076344	RGS11	0	-0.5349594632862583	0.916127638186234	0.2526430437826123	0.8935254978674704
rbc	annotated_credset_865.txt	ENSG00000242173	ARHGDIG	0	-0.6587396385049115	0.9535777868594488	0.2197960283825372	0.8928751992993169
rbc	annotated_credset_865.txt	ENSG00000185615	PDIA2	0	-0.5715341299284188	0.8451849137789303	0.3942070455355226	0.8708535862848054
rbc	annotated_credset_865.txt	ENSG00000103126	AXIN1	0	0.053798560797167	0.9498198540982606	1.0	0.8643078579743779
rbc	annotated_credset_865.txt	ENSG00000086504	MRPL28	0	-0.2918426069517702	0.6928712015520263	0.4177169168214613	0.7422715463958311
rbc	annotated_credset_865.txt	ENSG00000129925	TMEM8A	0	-0.5938746589044798	0.5969851984423369	0.4436292047083399	0.737098161777352
rbc	annotated_credset_865.txt	ENSG00000103202	NME4	0	-0.4419757113461179	0.474183001930638	0.7692005573522239	0.697481850883646
rbc	annotated_credset_865.txt	ENSG00000242612	DECR2	0	-0.6495621687036645	0.4674656971200143	0.3540276426371311	0.6896950598128694
rbc	annotated_credset_865.txt	ENSG00000090565	RAB11FIP3	0	-0.6138529850803881	0.4644593509110639	0.4254460098836837	0.6533745109112837
rbc	annotated_credset_865.txt	ENSG00000103326	CAPN15	0	-0.5858096960079572	0.3017760929712565	0.489416613602276	0.4975196207438356
rbc	annotated_credset_865.txt	ENSG00000161992	C16orf11	0	-0.7227529077463374	0.65114640436296	0.1170845362101102	0.4475947036746826
rbc	annotated_credset_865.txt	ENSG00000007541	PIGQ	0	-0.4367682434919614	0.4273849955139678	0.7905891850008445	0.4375608715421175
rbc	annotated_credset_865.txt	ENSG00000257108	NHLRC4	0	-0.6646639316246997	0.5559885007257508	0.3239595385479902	0.437559345019657
rbc	annotated_credset_865.txt	ENSG00000197562	RAB40C	0	-0.5136289663652313	0.3795300705082134	0.3694841638148517	0.4034247762814417
rbc	annotated_credset_865.txt	ENSG00000127578	WFIKKN1	0	-0.7181795890456796	0.4332097912938093	0.2277664938934082	0.3425440075136092
rbc	annotated_credset_865.txt	ENSG00000130731	C16orf13	0	-0.6242917265852203	0.4050957568241711	0.415542218814327	0.3346213559438522
rbc	annotated_credset_865.txt	ENSG00000172366	FAM195A	0	-0.5263738553066334	0.4633554581624649	0.6113779613715006	0.3233495140958587
rbc	annotated_credset_865.txt	ENSG00000161996	WDR90	0	-0.6202885655445086	0.2049165504056219	0.4235485408957504	0.3119036486873735
rbc	annotated_credset_865.txt	ENSG00000140983	RHOT2	0	-0.4587715815785441	0.2714307859246629	0.4835584171070982	0.2832431894923468
rbc	annotated_credset_865.txt	ENSG00000103269	RHBDL1	0	-0.5380877741716209	0.5380561153309565	0.3062032593226781	0.2716721492421043
rbc	annotated_credset_865.txt	ENSG00000103266	STUB1	0	-0.4277906712734886	0.3539878712720133	0.545520237717209	0.2647142598673543
rbc	annotated_credset_865.txt	ENSG00000161999	JMJD8	0	-0.5208171596971861	0.3840983075210327	0.359467260869814	0.2625053818670771
rbc	annotated_credset_865.txt	ENSG00000127580	WDR24	0	-0.5340472260770103	0.1206543030678823	0.3330071281101659	0.258000614086277
rbc	annotated_credset_865.txt	ENSG00000127585	FBXL16	0	-0.6504147880689658	0.183047730443483	0.1002720041262547	0.2459746701428191
rbc	annotated_credset_865.txt	ENSG00000103260	METRN	0	-0.659062848246806	0.2205225405504432	0.3459999754911553	0.2114523646996485
rbc	annotated_credset_865.txt	ENSG00000103254	FAM173A	0	-0.6550808516968868	0.1541750632976799	0.353963968590994	0.2031083929308061
rbc	annotated_credset_865.txt	ENSG00000162004	CCDC78	0	-0.7354212751056076	0.1942346265319448	0.193283121773552	0.2000538214874374
rbc	annotated_credset_865.txt	ENSG00000103253	HAGHL	0	-0.6856066855097188	0.2471451454554849	0.2929123009653299	0.1934073426946201
rbc	annotated_credset_865.txt	ENSG00000103245	NARFL	0	-0.6310191162448205	0.2848888826256676	0.4020874394951261	0.1891071289235207
rbc	annotated_credset_865.txt	ENSG00000102854	MSLN	0	-0.8069720489469019	0.5649840522728448	0.0393433039035857	0.1417711939472979
rbc	annotated_credset_865.txt	ENSG00000162006	MSLNL	0	-0.8320628359923837	0.4534439105048313	0.0	0.1285423503050023
rbc	annotated_credset_865.txt	ENSG00000007376	RPUSD1	0	-0.6701548459376269	0.3439354011358352	0.3238159801095137	0.104811032134782
rbc	annotated_credset_865.txt	ENSG00000127586	CHTF18	0	-0.6545035912689329	0.3972628157250697	0.3551184894469016	0.1001215551362669
rbc	annotated_credset_865.txt	ENSG00000127588	GNG13	0	-0.8032460158911948	0.4096639938369903	0.0576336402023779	0.0848639631440276
rbc	annotated_credset_865.txt	ENSG00000167945	PRR25	0	-0.7950156680944708	0.2007687321204605	0.074094335795826	0.073564643891746
rbc	annotated_credset_865.txt	ENSG00000103227	LMF1	0	-0.664506326209333	0.2983587228665511	0.3317377277417604	0.0
rbc	annotated_credset_866.txt	ENSG00000234769	WASH4P	0	-0.616206414889809	0.1000338213948507	0.2502653378244576	0.70205342270836
rbc	annotated_credset_866.txt	ENSG00000161980	POLR3K	0	-0.5671363593584609	0.5350380255821273	0.3419522924159013	0.7481471990505028
rbc	annotated_credset_866.txt	ENSG00000161981	SNRNP25	0	-0.5370060248721769	0.6014947177557627	0.4023130971916919	0.7535973673030366
rbc	annotated_credset_866.txt	ENSG00000007384	RHBDF1	0	-0.5500043977373619	0.810576701756364	0.2998762555598326	0.7787981576516128
rbc	annotated_credset_866.txt	ENSG00000103152	MPG	0	-0.4492236462535346	0.8031430410131387	0.5014377585274874	0.7916082784292834
rbc	annotated_credset_866.txt	ENSG00000103148	NPRL3	0	-0.339383218932942	0.9975221130855918	0.7152010640353716	0.8630997579051717
rbc	annotated_credset_866.txt	ENSG00000130656	HBZ	0	-0.4177297350192641	0.6795775144093235	0.5652726822075761	0.8841977489901476
rbc	annotated_credset_866.txt	ENSG00000206177	HBM	1	-0.4595295390317688	0.8174936467449258	0.4749084238377177	0.9007397716620924
rbc	annotated_credset_866.txt	ENSG00000188536	HBA2	1	-0.4212044218391853	0.1000338213948507	0.6377209869429776	0.91010256998159
rbc	annotated_credset_866.txt	ENSG00000206172	HBA1	1	-0.5672741152928911	0.0	0.3455816000355661	0.9152438818793032
rbc	annotated_credset_866.txt	ENSG00000086506	HBQ1	0	-0.3751709881141039	0.4977522864672143	0.7297878543931405	0.9201788399679004
rbc	annotated_credset_866.txt	ENSG00000007392	LUC7L	0	-0.2283626251313266	0.9623854417684832	0.5039114773313513	0.9852976282799129
rbc	annotated_credset_866.txt	ENSG00000167930	ITFG3	0	0.1969837509506278	1.0	0.42364834265444	1.0
rbc	annotated_credset_866.txt	ENSG00000269881	ITFG3	0	-0.4159076798338832	0.9006026784665756	0.2073609778352958	0.9876147252999212
rbc	annotated_credset_866.txt	ENSG00000076344	RGS11	0	-0.3838873791676591	0.916127638186234	0.2526430437826123	0.9623208734295868
rbc	annotated_credset_866.txt	ENSG00000242173	ARHGDIG	0	-0.4809953103143518	0.9535777868594488	0.2197960283825372	0.961746319686558
rbc	annotated_credset_866.txt	ENSG00000185615	PDIA2	0	-0.4392252303572439	0.8451849137789303	0.3942070455355226	0.9422897180505634
rbc	annotated_credset_866.txt	ENSG00000103126	AXIN1	0	-0.1969837509506278	0.9498198540982606	1.0	0.9365064165244892
rbc	annotated_credset_866.txt	ENSG00000086504	MRPL28	0	-0.3627453725340988	0.6928712015520263	0.4177169168214613	0.8286845281848283
rbc	annotated_credset_866.txt	ENSG00000129925	TMEM8A	0	-0.5152964259707254	0.5969851984423369	0.4436292047083399	0.824113723877024
rbc	annotated_credset_866.txt	ENSG00000103202	NME4	0	-0.3554646366345622	0.474183001930638	0.7692005573522239	0.789111801954292
rbc	annotated_credset_866.txt	ENSG00000242612	DECR2	0	-0.5630510939921086	0.4674656971200143	0.3540276426371311	0.7822319929327192
rbc	annotated_credset_866.txt	ENSG00000090565	RAB11FIP3	0	-0.5286160788601959	0.4644593509110639	0.4254460098836837	0.7501419525386239
rbc	annotated_credset_866.txt	ENSG00000103326	CAPN15	0	-0.4987257610554652	0.3017760929712565	0.489416613602276	0.6124405721260512
rbc	annotated_credset_866.txt	ENSG00000161992	C16orf11	0	-0.6477982199824135	0.65114640436296	0.1170845362101102	0.5683307595303765
rbc	annotated_credset_866.txt	ENSG00000007541	PIGQ	0	-0.3491585359679057	0.4273849955139678	0.7905891850008445	0.5594656380446291
rbc	annotated_credset_866.txt	ENSG00000257108	NHLRC4	0	-0.5795336581140107	0.5559885007257508	0.3239595385479902	0.5594642893269224
rbc	annotated_credset_866.txt	ENSG00000197562	RAB40C	0	-0.5609313920580334	0.3795300705082134	0.3694841638148517	0.5293056126887362
rbc	annotated_credset_866.txt	ENSG00000127578	WFIKKN1	0	-0.6317902270187552	0.4332097912938093	0.2277664938934082	0.4755160531125033
rbc	annotated_credset_866.txt	ENSG00000130731	C16orf13	0	-0.5379023645582959	0.4050957568241711	0.415542218814327	0.4685162082150395
rbc	annotated_credset_866.txt	ENSG00000172366	FAM195A	0	-0.439984493279709	0.4633554581624649	0.6113779613715006	0.4585572766692067
rbc	annotated_credset_866.txt	ENSG00000161996	WDR90	0	-0.5338992035175841	0.2049165504056219	0.4235485408957504	0.4484445913048169
rbc	annotated_credset_866.txt	ENSG00000140983	RHOT2	0	-0.5038942654119103	0.2714307859246629	0.4835584171070982	0.4231224163626432
rbc	annotated_credset_866.txt	ENSG00000103269	RHBDL1	0	-0.5925718443041204	0.5380561153309565	0.3062032593226781	0.4128991361463089
rbc	annotated_credset_866.txt	ENSG00000103266	STUB1	0	-0.4729133551068547	0.3539878712720133	0.545520237717209	0.4067516808394419
rbc	annotated_credset_866.txt	ENSG00000161999	JMJD8	0	-0.5659398435305523	0.3840983075210327	0.359467260869814	0.4048000863179332
rbc	annotated_credset_866.txt	ENSG00000127580	WDR24	0	-0.5791699099103764	0.1206543030678823	0.3330071281101659	0.4008200203656373
rbc	annotated_credset_866.txt	ENSG00000127585	FBXL16	0	-0.695537471902332	0.183047730443483	0.1002720041262547	0.3901948222727242
rbc	annotated_credset_866.txt	ENSG00000103260	METRN	0	-0.5726734862198817	0.2205225405504432	0.3459999754911553	0.3596935713370513
rbc	annotated_credset_866.txt	ENSG00000103254	FAM173A	0	-0.5686914896699624	0.1541750632976799	0.353963968590994	0.3523214803525548
rbc	annotated_credset_866.txt	ENSG00000162004	CCDC78	0	-0.6490319130786834	0.1942346265319448	0.193283121773552	0.3496226962215673
rbc	annotated_credset_866.txt	ENSG00000103253	HAGHL	0	-0.5992173234827944	0.2471451454554849	0.2929123009653299	0.343750379326855
rbc	annotated_credset_866.txt	ENSG00000103245	NARFL	0	-0.5446297542178963	0.2848888826256676	0.4020874394951261	0.339951041547249
rbc	annotated_credset_866.txt	ENSG00000102854	MSLN	0	-0.7230661740491889	0.5649840522728448	0.0393433039035857	0.2981286541820364
rbc	annotated_credset_866.txt	ENSG00000162006	MSLNL	0	-0.7456734739654594	0.4534439105048313	0.0	0.2864406665362906
rbc	annotated_credset_866.txt	ENSG00000007376	RPUSD1	0	-0.5837654839107025	0.3439354011358352	0.3238159801095137	0.2654735010688588
rbc	annotated_credset_866.txt	ENSG00000127586	CHTF18	0	-0.5681142292420085	0.3972628157250697	0.3551184894469016	0.2613302402740594
rbc	annotated_credset_866.txt	ENSG00000127588	GNG13	0	-0.7168566538642703	0.4096639938369903	0.0576336402023779	0.2478498067961885
rbc	annotated_credset_866.txt	ENSG00000167945	PRR25	0	-0.7086263060675463	0.2007687321204605	0.074094335795826	0.2378665983316362
rbc	annotated_credset_866.txt	ENSG00000103227	LMF1	0	-0.5798046100945792	0.2983587228665511	0.3317377277417604	0.1728705433309281
rbc	annotated_credset_866.txt	ENSG00000269047	AC009041.2	0	-0.6510701411591682	0.1000338213948507	0.1892066656125824	0.000749887044892
rbc	annotated_credset_866.txt	ENSG00000005513	SOX8	0	-0.5700728750788453	0.3737757359676442	0.3485347243845563	0.0
rbc	annotated_credset_867.txt	ENSG00000234769	WASH4P	0	-0.6836305295129881	0.1000338213948507	0.2962038331211218	0.4747377393880608
rbc	annotated_credset_867.txt	ENSG00000161980	POLR3K	0	-0.5752223606719966	0.5350380255821273	0.3822728525352823	0.5207139863076142
rbc	annotated_credset_867.txt	ENSG00000161981	SNRNP25	0	-0.5454251663712177	0.6014947177557627	0.4389351694510489	0.5261502577788781
rbc	annotated_credset_867.txt	ENSG00000007384	RHBDF1	0	-0.4795502597556977	0.810576701756364	0.3427749408730068	0.5512867914192064
rbc	annotated_credset_867.txt	ENSG00000103152	MPG	0	-0.2468390168320331	0.8031430410131387	0.5319861649710684	0.5640642490866314
rbc	annotated_credset_867.txt	ENSG00000103148	NPRL3	0	-0.1594159748662122	0.9975221130855918	0.732651550507935	0.6353734403455492
rbc	annotated_credset_867.txt	ENSG00000130656	HBZ	0	-0.2533700583279969	0.6795775144093235	0.5919097310880276	0.6564176359963736
rbc	annotated_credset_867.txt	ENSG00000206177	HBM	1	-0.3241946542700831	0.8174936467449258	0.5070823623239726	0.6729174799941593
rbc	annotated_credset_867.txt	ENSG00000188536	HBA2	1	-0.1789141803864882	0.1000338213948507	0.659918910524512	0.6822564051496935
rbc	annotated_credset_867.txt	ENSG00000206172	HBA1	1	-0.6321730852629432	0.0	0.3856797815729935	0.6873846077847983
rbc	annotated_credset_867.txt	ENSG00000086506	HBQ1	0	-0.3806831191982613	0.4977522864672143	0.7463445643951063	0.6923069827695433
rbc	annotated_credset_867.txt	ENSG00000007392	LUC7L	0	-0.2473772719442943	0.9623854417684832	0.5343083115916392	0.7572597318850011
rbc	annotated_credset_867.txt	ENSG00000167930	ITFG3	0	-0.5218675751305599	1.0	0.4589631403234778	0.8117166161108766
rbc	annotated_credset_867.txt	ENSG00000269881	ITFG3	0	-0.6440270113659436	0.9006026784665756	0.2559283521727787	0.8117166161108766
rbc	annotated_credset_867.txt	ENSG00000076344	RGS11	0	-0.5138567414341921	0.916127638186234	0.2984358498915063	0.8198394092669004
rbc	annotated_credset_867.txt	ENSG00000242173	ARHGDIG	0	-0.5292739314737342	0.9535777868594488	0.2676014698124223	0.8292873020020366
rbc	annotated_credset_867.txt	ENSG00000185615	PDIA2	0	-0.3166274932652961	0.8451849137789303	0.4313257999341325	0.8349536161413496
rbc	annotated_credset_867.txt	ENSG00000103126	AXIN1	0	0.0601511656055282	0.9498198540982606	1.0	0.92301287324751
rbc	annotated_credset_867.txt	ENSG00000086504	MRPL28	0	-0.3186473079357805	0.6928712015520263	0.4533951507719965	0.9470314802378456
rbc	annotated_credset_867.txt	ENSG00000129925	TMEM8A	0	-0.2941934752216351	0.5969851984423369	0.4777197149277046	0.9693442737598408
rbc	annotated_credset_867.txt	ENSG00000103202	NME4	0	-0.1755374159660616	0.474183001930638	0.7833423326301356	1.0
rbc	annotated_credset_867.txt	ENSG00000242612	DECR2	0	-0.288745229589521	0.4674656971200143	0.3936083097685931	1.0
rbc	annotated_credset_867.txt	ENSG00000090565	RAB11FIP3	0	-0.0601511656055282	0.4644593509110639	0.4606506590805727	0.9788544222875512
rbc	annotated_credset_867.txt	ENSG00000103326	CAPN15	0	-0.42658051038579	0.3017760929712565	0.5207015917124316	0.8415041513959147
rbc	annotated_credset_867.txt	ENSG00000161992	C16orf11	0	-0.6906118572290951	0.65114640436296	0.1711834193576087	0.797506809533087
rbc	annotated_credset_867.txt	ENSG00000007541	PIGQ	0	-0.4005920280824242	0.4273849955139678	0.8034204148015242	0.7886642922401847
rbc	annotated_credset_867.txt	ENSG00000257108	NHLRC4	0	-0.6380252696670883	0.5559885007257508	0.3653825687553042	0.7886629469614242
rbc	annotated_credset_867.txt	ENSG00000197562	RAB40C	0	-0.4948682169032672	0.3795300705082134	0.4081177634553094	0.7585811685974222
rbc	annotated_credset_867.txt	ENSG00000127578	WFIKKN1	0	-0.584564133995334	0.4332097912938093	0.2750835609545254	0.704928761070338
rbc	annotated_credset_867.txt	ENSG00000130731	C16orf13	0	-0.4964290629498242	0.4050957568241711	0.4513537030455448	0.6979467643032359
rbc	annotated_credset_867.txt	ENSG00000172366	FAM195A	0	-0.4300476894234493	0.4633554581624649	0.6351900012762735	0.6880132259355514
rbc	annotated_credset_867.txt	ENSG00000161996	WDR90	0	-0.3901328403691375	0.2049165504056219	0.4588694537183931	0.6779263257891677
rbc	annotated_credset_867.txt	ENSG00000140983	RHOT2	0	-0.3953721757619655	0.2714307859246629	0.5152023445172098	0.6526687170603925
rbc	annotated_credset_867.txt	ENSG00000103269	RHBDL1	0	-0.5106022111212092	0.5380561153309565	0.3487142701060953	0.6424715040556461
rbc	annotated_credset_867.txt	ENSG00000103266	STUB1	0	-0.3923912673242682	0.3539878712720133	0.5733675782169453	0.636339723465193
rbc	annotated_credset_867.txt	ENSG00000161999	JMJD8	0	-0.4948748468467223	0.3840983075210327	0.3987146262490633	0.6343931050987196
rbc	annotated_credset_867.txt	ENSG00000127580	WDR24	0	-0.5117618738547904	0.1206543030678823	0.3738757853219163	0.6304231874764232
rbc	annotated_credset_867.txt	ENSG00000127585	FBXL16	0	-0.6188409615149055	0.183047730443483	0.1554010416270521	0.6198250814010416
rbc	annotated_credset_867.txt	ENSG00000103260	METRN	0	-0.6100609812814866	0.2205225405504432	0.3860725219074278	0.5894016022318672
rbc	annotated_credset_867.txt	ENSG00000103254	FAM173A	0	-0.6063229736239162	0.1541750632976799	0.3935485372225687	0.5820483085268614
rbc	annotated_credset_867.txt	ENSG00000162004	CCDC78	0	-0.6827474203613348	0.1942346265319448	0.2427130886482438	0.5793564057270596
rbc	annotated_credset_867.txt	ENSG00000103253	HAGHL	0	-0.6359851203357529	0.2471451454554849	0.3362376886994078	0.5734990620037528
rbc	annotated_credset_867.txt	ENSG00000103245	NARFL	0	-0.5847422954456918	0.2848888826256676	0.4387233384795304	0.569709411735366
rbc	annotated_credset_867.txt	ENSG00000102854	MSLN	0	-0.3681594373409578	0.5649840522728448	0.0982056259246547	0.5279936626503815
rbc	annotated_credset_867.txt	ENSG00000162006	MSLNL	0	-0.559576850331817	0.4534439105048313	0.0612730044564862	0.5163354769117096
rbc	annotated_credset_867.txt	ENSG00000007376	RPUSD1	0	-0.5619422334300253	0.3439354011358352	0.3652478065736682	0.4954217733006557
rbc	annotated_credset_867.txt	ENSG00000127586	CHTF18	0	-0.3107778483366186	0.3972628157250697	0.3946323171169272	0.4912890769483362
rbc	annotated_credset_867.txt	ENSG00000127588	GNG13	0	-0.6970909289511455	0.4096639938369903	0.1153752583659003	0.4778430157369324
rbc	annotated_credset_867.txt	ENSG00000167945	PRR25	0	-0.7663187672311018	0.2007687321204605	0.1308273576848942	0.4678852623515586
rbc	annotated_credset_867.txt	ENSG00000103227	LMF1	0	-0.6193182787058613	0.2983587228665511	0.3726841649279411	0.4030549336033083
rbc	annotated_credset_867.txt	ENSG00000269047	AC009041.2	0	-0.7122892414716528	0.1000338213948507	0.238886409203792	0.2313731487431848
rbc	annotated_credset_867.txt	ENSG00000005513	SOX8	0	-0.6375064665132553	0.3737757359676442	0.3884519591205874	0.2306251737523353
rbc	annotated_credset_867.txt	ENSG00000162009	SSTR5	0	-0.801686400293367	0.2328650009629703	0.0	0.1082747610405039
rbc	annotated_credset_867.txt	ENSG00000184471	C1QTNF8	0	-0.7719595233358987	0.1568255802483054	0.1195458454753004	0.0850700477002833
rbc	annotated_credset_867.txt	ENSG00000196557	CACNA1H	0	-0.7315101823715355	0.2405687631234058	0.1971208532020615	0.0
rbc	annotated_credset_868.txt	ENSG00000103275	UBE2I	0	-0.5028839754037705	0.436125280223529	1.0	0.0485240816403883
rbc	annotated_credset_868.txt	ENSG00000007516	BAIAP3	0	-0.8753120377157637	0.4512654732122551	0.2551438753760135	0.0785543095432272
rbc	annotated_credset_868.txt	ENSG00000007520	TSR3	0	-0.7760459173995987	0.2774960200136456	0.4536761160083436	0.0818667427994145
rbc	annotated_credset_868.txt	ENSG00000090581	GNPTG	0	-0.817333642941023	0.1780808343350986	0.371100664925495	0.0971899277774911
rbc	annotated_credset_868.txt	ENSG00000059145	UNKL	0	-0.7475115066519097	0.4604113194060885	0.5472023568991683	0.1660371050391287
rbc	annotated_credset_868.txt	ENSG00000174109	C16orf91	0	-0.8293405984108219	0.2682397088924266	0.3419676686740075	0.1855835419609007
rbc	annotated_credset_868.txt	ENSG00000197599	CCDC154	0	-0.8864627146353383	0.2447789076968062	0.2328425215368644	0.2059590917761542
rbc	annotated_credset_868.txt	ENSG00000103249	CLCN7	0	-0.7886611375175137	0.5520159849247863	0.4308146027744667	0.2475138549544625
rbc	annotated_credset_868.txt	ENSG00000251692	PTX4	0	-0.9893327830972812	0.2838315084960525	0.063559804008425	0.2654636802946027
rbc	annotated_credset_868.txt	ENSG00000100726	TELO2	0	-0.6357913455694687	0.6484616134377335	0.579562108843103	0.294229477548901
rbc	annotated_credset_868.txt	ENSG00000187535	IFT140	0	-0.6347499868893501	0.5594723675233113	0.6502471497354448	0.4303874952566296
rbc	annotated_credset_868.txt	ENSG00000131634	TMEM204	0	-0.8090967328556943	0.4804412099158517	0.4240319044915993	0.3546689946612915
rbc	annotated_credset_868.txt	ENSG00000007545	CRAMP1L	0	-0.7462451261328723	0.2249342083888365	0.5129981527577999	0.5185199187870038
rbc	annotated_credset_868.txt	ENSG00000261732	LA16c-431H6.6	0	-0.8990316890316684	0.1367653270086747	0.2125265885065332	0.5303163602294794
rbc	annotated_credset_868.txt	ENSG00000206053	HN1L	0	-0.7905131302226605	0.1140680333993957	0.3382187535412362	0.5511647320986892
rbc	annotated_credset_868.txt	ENSG00000138834	MAPK8IP3	0	-0.7089856733791688	0.3511972448747523	0.5868993157267546	0.6422961601016083
rbc	annotated_credset_868.txt	ENSG00000103024	NME3	0	-0.6882664896079923	0.5485070989960688	0.6288970132556799	0.6441887877566802
rbc	annotated_credset_868.txt	ENSG00000074071	MRPS34	0	-0.7451710318522332	0.5182429578608791	0.5145285987806258	0.6460974886827081
rbc	annotated_credset_868.txt	ENSG00000197774	EME2	0	-0.8316996993466492	0.5181779784918288	0.3465750903146209	0.6575537125566144
rbc	annotated_credset_868.txt	ENSG00000162032	SPSB3	0	-0.6784069439634743	0.4595178530816465	0.6324190191641617	0.6736162679986681
rbc	annotated_credset_868.txt	ENSG00000095906	NUBP2	0	-0.7461963109446331	0.4808635758146787	0.5182481278379525	0.6675767364369419
rbc	annotated_credset_868.txt	ENSG00000099769	IGFALS	0	-0.9069531502581502	0.4006627895643133	0.1949980466993216	0.6753186952807604
rbc	annotated_credset_868.txt	ENSG00000063854	HAGH	0	-0.588531290636955	0.4955001786932648	0.7388800969735113	0.7184794461154247
rbc	annotated_credset_868.txt	ENSG00000180185	FAHD1	0	-0.7391534965580209	0.4640826537574319	0.4639635335658278	0.7359095690279868
rbc	annotated_credset_868.txt	ENSG00000162039	MEIOB	0	-0.839233634089304	0.4837714025796809	0.1889858394511377	0.7949614270811739
rbc	annotated_credset_868.txt	ENSG00000162040	HS3ST6	0	-0.986506784300337	0.517317001851912	0.0607304182786444	0.8406979195865413
rbc	annotated_credset_868.txt	ENSG00000198736	MSRB1	0	-0.8328044886925032	0.3412554014100523	0.2064218861727786	0.874031204670843
rbc	annotated_credset_868.txt	ENSG00000140986	RPL3L	0	-0.7969993668825625	0.6124305532993275	0.3570630011839565	0.8931583971085121
rbc	annotated_credset_868.txt	ENSG00000140990	NDUFB10	0	-0.6321481794819884	0.1758098053867896	0.4849445256127903	0.8990104071757513
rbc	annotated_credset_868.txt	ENSG00000140988	RPS2	0	-0.6908521677035662	0.2774927710451931	0.3887234969922056	0.9028746894014288
rbc	annotated_credset_868.txt	ENSG00000179580	RNF151	0	-0.8758612223268948	0.2268787160076675	0.0986370045286904	0.9083864819000989
rbc	annotated_credset_868.txt	ENSG00000183751	TBL3	0	-0.7066936066586397	0.257230579291075	0.3520585052438626	0.9270823749004478
rbc	annotated_credset_868.txt	ENSG00000196408	NOXO1	0	-0.8287265794988213	0.1822898729653335	0.2957339583748398	0.928768728911584
rbc	annotated_credset_868.txt	ENSG00000269205	AC005606.1	0	-0.9106086991863924	0.1367653270086747	0.2125265885065332	0.9270609438725064
rbc	annotated_credset_868.txt	ENSG00000127554	GFER	0	-0.6495076639996525	0.2221758341726501	0.558553899015206	0.9335331143107988
rbc	annotated_credset_868.txt	ENSG00000127561	SYNGR3	0	-0.9156532188779638	0.2920513986809188	0.1334281258674704	0.9422742948323836
rbc	annotated_credset_868.txt	ENSG00000167962	ZNF598	0	-0.6277163412078641	0.3688391435719159	0.5020397228138098	0.9630998962344056
rbc	annotated_credset_868.txt	ENSG00000183971	NPW	0	-0.7337938062820826	0.5202735631437018	0.2035299409426556	0.977742646075344
rbc	annotated_credset_868.txt	ENSG00000065054	SLC9A3R2	0	0.227898572850821	0.7678936937522337	0.6611837936756259	1.0
rbc	annotated_credset_868.txt	ENSG00000065057	NTHL1	0	-0.227898572850821	1.0	0.5486083621356229	0.996727641889504
rbc	annotated_credset_868.txt	ENSG00000103197	TSC2	0	-0.3526627637258809	0.8363494590467526	0.8417654891135307	0.9864809316550386
rbc	annotated_credset_868.txt	ENSG00000008710	PKD1	1	-0.4459745088516774	0.6838266350433737	0.6442004934298089	0.9312357599399366
rbc	annotated_credset_868.txt	ENSG00000167964	RAB26	0	-0.790205327428577	0.5681633581337925	0.1562939424118739	0.8614603512805885
rbc	annotated_credset_868.txt	ENSG00000131653	TRAF7	0	-0.6028359397475994	0.4268494752915949	0.4799540405963998	0.8415094037064232
rbc	annotated_credset_868.txt	ENSG00000167971	CASKIN1	0	-0.9522229995467232	0.3875207121738848	0.1292979877858718	0.812731551498908
rbc	annotated_credset_868.txt	ENSG00000167965	MLST8	0	-0.6319868461941427	0.2352675525520647	0.6476185620462698	0.7764796282968414
rbc	annotated_credset_868.txt	ENSG00000182685	BRICD5	0	-0.8539185503483101	0.4590467526560317	0.2991029158457839	0.7697757348689329
rbc	annotated_credset_868.txt	ENSG00000184207	PGP	0	-0.6495573900957085	0.5817278014230481	0.5974809456176501	0.7661003135769887
rbc	annotated_credset_868.txt	ENSG00000167967	E4F1	0	-0.6330869068817536	0.6336950518210468	0.566060816617093	0.7506043409361349
rbc	annotated_credset_868.txt	ENSG00000167968	DNASE1L2	0	-0.7942165269088647	0.4545144416647714	0.2658042735538375	0.7341962101685267
rbc	annotated_credset_868.txt	ENSG00000167969	ECI1	0	-0.6194183780873452	0.3162383443256765	0.6771059220727309	0.7294023571058924
rbc	annotated_credset_868.txt	ENSG00000205937	RNPS1	0	-0.7165425327423264	0.1580623152149192	0.489821342621167	0.7110239112069249
rbc	annotated_credset_868.txt	ENSG00000167970	AC009065.1	0	-0.911572148664542	0.1367653270086747	0.2125265885065332	0.7101921194349506
rbc	annotated_credset_868.txt	ENSG00000167972	ABCA3	0	-0.8286781312154884	0.1876977809545469	0.3783146234046403	0.6805315767641004
rbc	annotated_credset_868.txt	ENSG00000162063	CCNF	0	-0.7503140739649803	0.4241040969492186	0.5048602570935838	0.4749102397414198
rbc	annotated_credset_868.txt	ENSG00000162062	C16orf59	0	-0.7911982346067388	0.4068520744663569	0.3394320484962241	0.4338082070283729
rbc	annotated_credset_868.txt	ENSG00000162068	NTN3	0	-0.8896507170048552	0.4735371519542545	0.226186971013834	0.4185131502744694
rbc	annotated_credset_868.txt	ENSG00000162065	TBC1D24	0	-0.8711838318900762	0.4828454465707137	0.2998577064228353	0.4136282153430843
rbc	annotated_credset_868.txt	ENSG00000260272	RP11-20I23.1	0	-0.8990316890316684	0.1367653270086747	0.2125265885065332	0.3856526872441239
rbc	annotated_credset_868.txt	ENSG00000185883	ATP6V0C	0	-0.6666212143126978	0.4283927353065401	0.5421178311802534	0.3617597699679937
rbc	annotated_credset_868.txt	ENSG00000259784	ATP6C	0	-0.8944648801440345	0.4146658435946587	0.08643049951758	0.3616325232395919
rbc	annotated_credset_868.txt	ENSG00000162066	AMDHD2	0	-0.8093720654642383	0.3700250170570843	0.2566161288771721	0.3530708275770162
rbc	annotated_credset_868.txt	ENSG00000205923	CEMP1	0	-0.8637424662712224	0.2346648689041229	0.145247358475057	0.3440657775239036
rbc	annotated_credset_868.txt	ENSG00000140992	PDPK1	0	-0.5935532145918915	0.4187432990025667	0.6901385294896637	0.3294873207667895
rbc	annotated_credset_868.txt	ENSG00000167977	KCTD5	0	-0.8547569293037609	0.4411936710094545	0.2962540922000192	0.1359236158396199
rbc	annotated_credset_868.txt	ENSG00000172382	PRSS27	0	-0.907310203711688	0.0949202378244907	0.1980525030628147	0.0958167864866001
rbc	annotated_credset_868.txt	ENSG00000167978	SRRM2	0	-0.574592205158127	0.0	0.856583540491287	0.0423584267261095
rbc	annotated_credset_868.txt	ENSG00000103363	TCEB2	0	-0.7770242256372368	0.0696513856850449	0.4517194995330674	0.0167952287097991
rbc	annotated_credset_868.txt	ENSG00000103355	PRSS33	0	-1.0201046513490524	0.229505507001527	0.0	0.0
rbc	annotated_credset_940.txt	ENSG00000067596	DHX8	0	-0.7098575287419356	0.3762065791394624	0.3103500866790706	0.0
rbc	annotated_credset_940.txt	ENSG00000175832	ETV4	0	-0.6852545985900304	0.2261794759041432	0.3619541994700639	0.0490303380284002
rbc	annotated_credset_940.txt	ENSG00000005102	MEOX1	0	-0.8147632832740187	0.4288693341778193	0.1029368301020872	0.1638542379979739
rbc	annotated_credset_940.txt	ENSG00000167941	SOST	0	-0.7987729869935246	0.4587733106568863	0.0511712278235978	0.298899997096933
rbc	annotated_credset_940.txt	ENSG00000108861	DUSP3	0	-0.6885071431378647	0.5414944137343054	0.3539322913741511	0.3270711387806286
rbc	annotated_credset_940.txt	ENSG00000231256	C17orf105	0	-0.7758213333628551	0.3965836250588266	0.0908692147266604	0.3390982638242024
rbc	annotated_credset_940.txt	ENSG00000161647	MPP3	0	-0.7937926236972296	0.4231796395379968	0.1448781492556653	0.4026339505977569
rbc	annotated_credset_940.txt	ENSG00000161649	CD300LG	0	-0.8131558765992725	0.2499968023034001	0.1061516434515795	0.4451124062682362
rbc	annotated_credset_940.txt	ENSG00000108852	MPP2	0	-0.7662726725248329	0.1204129042274431	0.1999180516004588	0.5093635284716787
rbc	annotated_credset_940.txt	ENSG00000267496	FAM215A	0	-0.820122704318918	0.0	0.0922179880122886	0.5208802258986073
rbc	annotated_credset_940.txt	ENSG00000261514	RP11-527L4.2	0	-0.713368881249264	0.0056045697510251	0.198155582004685	0.5501684509728295
rbc	annotated_credset_940.txt	ENSG00000108849	PPY	0	-0.8651341383961683	0.3649815614198126	0.0	0.5550621408821408
rbc	annotated_credset_940.txt	ENSG00000131096	PYY	0	-0.8601110606081908	0.3312624021008646	0.0082128359119535	0.6415294159084184
rbc	annotated_credset_940.txt	ENSG00000161653	NAGS	0	-0.7113776734403684	0.5684432774934646	0.297959497447	0.6479362587249975
rbc	annotated_credset_940.txt	ENSG00000091947	TMEM101	0	-0.7145231022740889	0.4088451375384441	0.2956201893095884	0.6686922538575936
rbc	annotated_credset_940.txt	ENSG00000161654	LSM12	0	-0.6972655475506083	0.5002551541355921	0.3301352987565494	0.7295990989443281
rbc	annotated_credset_940.txt	ENSG00000141349	G6PC3	0	-0.6786339520815796	0.4391460694574987	0.367398489694607	0.7417628958633969
rbc	annotated_credset_940.txt	ENSG00000108840	HDAC5	0	-0.4924842162781327	0.5921503384927249	0.7296568436333487	0.8078130662238675
rbc	annotated_credset_940.txt	ENSG00000125319	C17orf53	0	-0.5567792738386012	0.4475923990972351	0.3308459719816504	0.8618877121468185
rbc	annotated_credset_940.txt	ENSG00000161664	ASB16	0	-0.7405587316889677	0.4464676920172702	0.2412567742603483	0.8850480165993498
rbc	annotated_credset_940.txt	ENSG00000168591	TMUB2	0	-0.4760763857282809	0.4685648781765808	0.4212579671125079	0.9026870562040716
rbc	annotated_credset_940.txt	ENSG00000087152	ATXN7L3	0	-0.6479223569766349	0.6036399931723665	0.4187805622363445	0.9143766853918308
rbc	annotated_credset_940.txt	ENSG00000108312	UBTF	0	-0.5373027683170414	0.477628694056298	0.6395156034700212	0.9443789512849666
rbc	annotated_credset_940.txt	ENSG00000004939	SLC4A1	1	0.4419332558604235	1.0	1.0	1.0
rbc	annotated_credset_940.txt	ENSG00000214921	AC003102.1	0	-0.7219840770004542	0.0056045697510251	0.198155582004685	0.9837655544251116
rbc	annotated_credset_940.txt	ENSG00000268413	AC003043.1	0	-0.6040577178238185	0.0056045697510251	0.198155582004685	1.0
rbc	annotated_credset_940.txt	ENSG00000108309	RUNDC3A	0	-0.6293979911653909	0.1863538187333857	0.2837529493687814	0.9345869460762768
rbc	annotated_credset_940.txt	ENSG00000013306	SLC25A39	0	-0.4419332558604235	0.1872028623133592	0.746669604503252	0.9189505678308512
rbc	annotated_credset_940.txt	ENSG00000030582	GRN	0	-0.6767759700558726	0.3527641551001938	0.3688222975265384	0.8832192400547144
rbc	annotated_credset_940.txt	ENSG00000161682	FAM171A2	0	-0.7613142233036172	0.4206214822580766	0.1428866554033028	0.8721055851993991
rbc	annotated_credset_940.txt	ENSG00000005961	ITGA2B	0	-0.5529467936484772	0.3620926079399028	0.5521329063532925	0.8456567880691375
rbc	annotated_credset_940.txt	ENSG00000186566	GPATCH8	0	-0.5772073304682763	0.1188030293874933	0.5683667956348366	0.813435696115667
rbc	annotated_credset_940.txt	ENSG00000180340	FZD2	0	-0.7559672757412446	0.3444942501004518	0.2165004056458458	0.5871279894603043
rbc	annotated_credset_940.txt	ENSG00000180336	C17orf104	0	-0.803426492460272	0.3610781662599344	0.1256104117295806	0.4492888245795411
rbc	annotated_credset_940.txt	ENSG00000180329	CCDC43	0	-0.8282535923070201	0.2207257492203133	0.0759562120360844	0.4260336865807478
rbc	annotated_credset_940.txt	ENSG00000161692	DBF4B	0	-0.7593542800083017	0.400928081818691	0.213754836633521	0.3764706071601114
rbc	annotated_credset_940.txt	ENSG00000073670	ADAM11	0	-0.8347121127298434	0.2582226011431435	0.0630391711904379	0.3061501379959045
rbc	annotated_credset_940.txt	ENSG00000182963	GJC1	0	-0.6828877454231167	0.6360580207713551	0.3053515076791963	0.2511787572163883
rbc	annotated_credset_940.txt	ENSG00000131097	HIGD1B	0	-0.7021024498404721	0.3105325069015114	0.3282584969691803	0.1843699184858222
rbc	annotated_credset_940.txt	ENSG00000108883	EFTUD2	0	-0.6482898110562206	0.4903753742959003	0.3578595063873538	0.1793632650875812
rbc	annotated_credset_940.txt	ENSG00000167131	CCDC103	0	-0.832413488535466	0.4263993892178963	0.0676364195791924	0.1107497997560893
rbc	annotated_credset_940.txt	ENSG00000214447	FAM187A	0	-0.8345156104787389	0.3798232842593496	0.0634321756926468	0.1098781678970641
rbc	annotated_credset_940.txt	ENSG00000131095	GFAP	0	-0.7071068797045456	0.5765367578532121	0.310548717136053	0.1025690117800221
rbc	annotated_credset_940.txt	ENSG00000186185	KIF18B	0	-0.6993849788973339	0.6458054821310509	0.2615498841679569	0.0750937809725723
rbc	annotated_credset_940.txt	ENSG00000131094	C1QL1	0	-0.7372948904083656	0.520323456934966	0.1343012662850535	0.0263047106427502
t2d	annotated_credset_100.txt	ENSG00000002746	HECW1	0	-0.5401486544985055	0.4495720065747882	0.4816315431790339	0.0973125904376693
t2d	annotated_credset_100.txt	ENSG00000164543	STK17A	0	-0.7020956673997072	0.2634888523622876	0.1577375173766304	0.1855787945550949
t2d	annotated_credset_100.txt	ENSG00000106603	COA1	0	-0.7230818698191832	0.2581531588485691	0.0641541658824051	0.3350454171759839
t2d	annotated_credset_100.txt	ENSG00000106605	BLVRA	0	-0.7748735458195937	0.2657668478948033	0.0121817605368575	0.4477621657522269
t2d	annotated_credset_100.txt	ENSG00000062582	MRPS24	0	-0.5812790533381882	0.3303156741265224	0.3963599956827738	0.5385956915588784
t2d	annotated_credset_100.txt	ENSG00000270617	URGCP-MRPS24	0	-0.6246634990262201	0.4527542462173894	0.3070769803900841	0.5918821376605985
t2d	annotated_credset_100.txt	ENSG00000106608	URGCP	0	-0.5572696071118257	0.2429468537952543	0.4418647642188726	0.6206657635224987
t2d	annotated_credset_100.txt	ENSG00000078967	UBE2D4	0	-0.3514674749538	0.2725249715513971	0.4169982815409057	0.6638295854751265
t2d	annotated_credset_100.txt	ENSG00000136206	SPDYE1	0	-0.5907548594451295	0.0	0.3656872492831001	0.7422229275082487
t2d	annotated_credset_100.txt	ENSG00000136279	DBNL	0	-0.3075585268108347	0.5371096219496776	0.8851226601418999	0.8283821272302744
t2d	annotated_credset_100.txt	ENSG00000164708	PGAM2	0	-0.2626612407777218	0.6642432671639904	0.4966879479216266	0.8227639328775506
t2d	annotated_credset_100.txt	ENSG00000122678	POLM	0	-0.011272720384287	0.5218906730728705	1.0	0.8473814694145698
t2d	annotated_credset_100.txt	ENSG00000106624	AEBP1	0	-0.3226576517730346	0.4585796771610401	0.2982339557344677	0.8938807766161524
t2d	annotated_credset_100.txt	ENSG00000106628	POLD2	0	-0.4899730829308271	0.3052766890040881	0.2375491402481065	0.9081055974689006
t2d	annotated_credset_100.txt	ENSG00000106631	MYL7	0	-0.5592173545143848	0.331773928435959	0.1125963350723241	0.9327536282115046
t2d	annotated_credset_100.txt	ENSG00000106633	GCK	1	-0.1087204646511872	0.5820984532389261	0.5812819177772349	1.0
t2d	annotated_credset_100.txt	ENSG00000106636	YKT6	0	-0.5911255398270361	0.1558772706199687	0.0	0.9806486363480612
t2d	annotated_credset_100.txt	ENSG00000058404	CAMK2B	0	-0.3162827412382871	0.4526480676023096	0.3645323512515944	0.9571506727875088
t2d	annotated_credset_100.txt	ENSG00000015676	NUDCD3	0	-0.3357291223633944	0.5236797740970203	0.4467307163970096	0.7219517693227799
t2d	annotated_credset_100.txt	ENSG00000015520	NPC1L1	0	-0.2648292966906223	0.3964976608926538	0.6047378243312993	0.5282206291381585
t2d	annotated_credset_100.txt	ENSG00000136271	DDX56	0	-0.5835227781042873	0.6171955999494247	0.3504927367709979	0.4514304110557746
t2d	annotated_credset_100.txt	ENSG00000158604	TMED4	0	0.011272720384287	0.7633497703038732	0.4820806657778708	0.4333124966233798
t2d	annotated_credset_100.txt	ENSG00000105953	OGDH	0	-0.3646339817987825	1.0	0.7039780367870981	0.3916690286349035
t2d	annotated_credset_100.txt	ENSG00000122515	ZMIZ2	0	-0.5054244465813937	0.4530115058793779	0.1954507533095218	0.1854570457359731
t2d	annotated_credset_100.txt	ENSG00000196262	PPIA	0	-0.4249531404412827	0.6185295233278543	0.2827942654768292	0.1156122460017615
t2d	annotated_credset_100.txt	ENSG00000105968	H2AFV	0	-0.3124730418600268	0.6304610780966831	0.1492208418049903	0.0718879115083864
t2d	annotated_credset_100.txt	ENSG00000146676	PURB	0	-0.362219542975829	0.7025961984237367	0.7296044055066131	0.0
t2d	annotated_credset_160.txt	ENSG00000089159	PXN	0	-0.5230741799512588	1.0	0.9696811661546504	0.0054510871648366
t2d	annotated_credset_160.txt	ENSG00000089163	SIRT4	0	-0.8994109290909311	0.4708561723152938	0.2992390702724615	0.0708910984451685
t2d	annotated_credset_160.txt	ENSG00000170890	PLA2G1B	0	-0.5270076828008265	0.8314418796160478	0.7144396258485812	0.0909319123803812
t2d	annotated_credset_160.txt	ENSG00000135097	MSI1	0	-0.6141780847423612	0.8879538845569881	0.7517651675618253	0.1479820725999401
t2d	annotated_credset_160.txt	ENSG00000111775	COX6A1	0	-0.3934116490205157	0.9956509431534524	0.9708518357737048	0.2466176108964799
t2d	annotated_credset_160.txt	ENSG00000111780	AL021546.6	0	-0.8156075643356844	0.4330270979695824	0.466845799782955	0.273169621876393
t2d	annotated_credset_160.txt	ENSG00000170855	TRIAP1	0	-1.0389380767978598	0.243192053320981	0.0201847748586043	0.2544327013375154
t2d	annotated_credset_160.txt	ENSG00000257218	GATC	0	-0.7774782016584181	0.6372474844952264	0.4945313888078371	0.2753473719463817
t2d	annotated_credset_160.txt	ENSG00000111786	SRSF9	0	-0.7310924945472619	0.7676728685761344	0.5734059801007668	0.2866592674048612
t2d	annotated_credset_160.txt	ENSG00000088986	DYNLL1	0	-0.881835778837883	0.7204251267402662	0.276907724240777	0.3262171326002259
t2d	annotated_credset_160.txt	ENSG00000110871	COQ5	0	-0.6276582709842242	0.8405774724002162	0.5472250345266471	0.3757554334011528
t2d	annotated_credset_160.txt	ENSG00000022840	RNF10	0	-0.4084375696451963	0.8924058776602589	0.914714379366263	0.4352438467054017
t2d	annotated_credset_160.txt	ENSG00000167272	POP5	0	-0.429802260701928	0.5891659589799016	0.8687949566644203	0.4404869867473239
t2d	annotated_credset_160.txt	ENSG00000157782	CABP1	0	-0.7659527794061958	0.5830592655498084	0.2590115622307385	0.5589207541611536
t2d	annotated_credset_160.txt	ENSG00000110917	MLEC	0	-0.5228045062840472	0.6839470907640444	0.7258603049777212	0.606528024678502
t2d	annotated_credset_160.txt	ENSG00000175970	UNC119B	0	-0.493216043793077	0.8035718881082891	0.6789345249578305	0.6365423826051313
t2d	annotated_credset_160.txt	ENSG00000122971	ACADS	0	-0.3797404951501268	0.84376849635863	0.6948007795618459	0.6591027706719512
t2d	annotated_credset_160.txt	ENSG00000157837	SPPL3	0	-0.5923581936014064	0.2348284824622352	0.7213831335900732	0.8856480458324297
t2d	annotated_credset_160.txt	ENSG00000272214	AC079602.1	0	-0.7599063085373445	0.4330270979695824	0.466845799782955	0.9792651107081916
t2d	annotated_credset_160.txt	ENSG00000135100	HNF1A	1	0.3797404951501268	0.3214570627139144	1.0	1.0
t2d	annotated_credset_160.txt	ENSG00000157895	C12orf43	0	-0.5347830986032054	0.4420898633521192	0.4217244542245979	0.9792060224508208
t2d	annotated_credset_160.txt	ENSG00000135114	OASL	0	-0.6619596767303582	0.1512390951903034	0.4086491118817301	0.9545753934946826
t2d	annotated_credset_160.txt	ENSG00000089041	P2RX7	0	-0.8717038645007036	0.2197972155742556	0.1213323672004141	0.7994768605037833
t2d	annotated_credset_160.txt	ENSG00000135124	P2RX4	0	-0.7798063967082394	0.3681309349185517	0.3619949022726474	0.6932936263950549
t2d	annotated_credset_160.txt	ENSG00000110931	CAMKK2	0	-1.0466480665754896	0.0	0.0	0.6549252538012093
t2d	annotated_credset_160.txt	ENSG00000089053	ANAPC5	0	-0.798603380333694	0.4704006793792944	0.4963944290555514	0.5576831998848965
t2d	annotated_credset_160.txt	ENSG00000170633	RNF34	0	-0.7471785322564675	0.4120934661211045	0.6037038639413892	0.4311586774642099
t2d	annotated_credset_160.txt	ENSG00000089094	KDM2B	0	-0.8687443582228487	0.293599938238246	0.3605722120086265	0.3911101293416832
t2d	annotated_credset_160.txt	ENSG00000182500	ORAI1	0	-0.7684564981664015	0.3996757507913225	0.561147932121521	0.1188155628374922
t2d	annotated_credset_160.txt	ENSG00000139714	MORN3	0	-0.7812748250983887	0.2003525566792763	0.5355112782575465	0.0849515492491676
t2d	annotated_credset_160.txt	ENSG00000188735	TMEM120B	0	-0.7409475386320836	0.3622507012532489	0.6141856656814286	0.0
tg	annotated_credset_10.txt	ENSG00000132849	INADL	0	-0.931234685852347	0.3601639303667385	0.2396224058138914	0.0
tg	annotated_credset_10.txt	ENSG00000240563	L1TD1	0	-1.0519522965923922	0.4733922690240943	0.0	0.1136788320880458
tg	annotated_credset_10.txt	ENSG00000132854	KANK4	0	-0.966139783312481	0.43332590446475	0.0363880480289385	0.365151682322478
tg	annotated_credset_10.txt	ENSG00000162607	USP1	0	-0.4450593701629262	0.7564321620483868	0.4141769070123745	0.6760494797967878
tg	annotated_credset_10.txt	ENSG00000116641	DOCK7	0	0.0768813432232515	0.8179184310229553	0.3035828832689829	1.0
tg	annotated_credset_10.txt	ENSG00000132855	ANGPTL3	1	-0.0768813432232515	1.0	1.0	0.9818361321871244
tg	annotated_credset_10.txt	ENSG00000269624	AL138847.1	0	-0.9186810734291349	0.0	0.0851267692558969	0.9576974626483492
tg	annotated_credset_10.txt	ENSG00000125703	ATG4C	0	-0.5391597855171157	0.9883242948765572	0.4569807912698155	0.5435216665704996
tg	annotated_credset_11.txt	ENSG00000132849	INADL	0	-0.8292353710454563	0.3959128231025325	0.2737885818523545	0.2371159382242528
tg	annotated_credset_11.txt	ENSG00000240563	L1TD1	0	-0.9436630767515406	0.5028148730034041	0.0449331704401859	0.3075417800564468
tg	annotated_credset_11.txt	ENSG00000132854	KANK4	0	-0.926286567919106	0.4649870946021771	0.0796861881050545	0.4633332044615139
tg	annotated_credset_11.txt	ENSG00000162607	USP1	0	-0.4184721655274579	0.7700407735757305	0.4404997958973844	0.6559393274197886
tg	annotated_credset_11.txt	ENSG00000116641	DOCK7	0	0.0798989548030544	0.8280916844349682	0.3348751122725206	1.0
tg	annotated_credset_11.txt	ENSG00000132855	ANGPTL3	1	-0.0798989548030544	1.0	1.0	0.8805009869803632
tg	annotated_credset_11.txt	ENSG00000269624	AL138847.1	0	-0.8929453330648961	0.0558719560094265	0.1262349240640853	0.8854750812049598
tg	annotated_credset_11.txt	ENSG00000125703	ATG4C	0	-0.4906928440474671	0.9889766393595932	0.4813803659279838	0.9552981459982374
tg	annotated_credset_11.txt	ENSG00000187140	FOXD3	0	-0.9661296619716336	0.0	0.0	0.1712505426357086
tg	annotated_credset_11.txt	ENSG00000088035	ALG6	0	-0.9533939401933452	0.2000640594022369	0.0254714435565766	0.1064651112477266
tg	annotated_credset_11.txt	ENSG00000142856	ITGB3BP	0	-0.8684294570826927	0.2177622227209815	0.1932464171249884	0.0
tg	annotated_credset_201.txt	ENSG00000104611	SH2D4A	0	-0.2163810166396089	0.0	0.0	0.0
tg	annotated_credset_201.txt	ENSG00000147408	CSGALNACT1	0	0.0296096238173433	1.0	0.459215654006556	0.79368014653461
tg	annotated_credset_201.txt	ENSG00000104613	INTS10	0	-0.0810788838406375	0.4142036124794745	0.0250896343265805	1.0
tg	annotated_credset_201.txt	ENSG00000175445	LPL	1	-0.0296096238173433	0.7266723780966661	1.0	0.9542527565030284
tg	annotated_credset_201.txt	ENSG00000036565	SLC18A1	0	-0.467882346432358	0.820518312272435	0.2242882091736569	0.4208974868508287
tg	annotated_credset_201.txt	ENSG00000147416	ATP6V1B2	0	-0.6856387036322812	0.18032055400871	0.0387533218459544	0.3057054892199511
tg	annotated_credset_201.txt	ENSG00000061337	LZTS1	0	-0.945494830380141	0.2537659741557792	0.0788049767364652	0.1986606404160289
tg	annotated_credset_202.txt	ENSG00000104611	SH2D4A	0	-0.8687809738196322	0.0	0.0	0.0
tg	annotated_credset_202.txt	ENSG00000147408	CSGALNACT1	0	-0.4242608514748625	1.0	0.459215654006556	0.7399947067886554
tg	annotated_credset_202.txt	ENSG00000104613	INTS10	0	-0.7504693834324649	0.4142036124794745	0.0250896343265805	0.9323588476033356
tg	annotated_credset_202.txt	ENSG00000175445	LPL	1	0.4242608514748625	0.7266723780966661	1.0	1.0
tg	annotated_credset_202.txt	ENSG00000036565	SLC18A1	0	-0.8224660270620885	0.820518312272435	0.2242882091736569	0.5027214954239088
tg	annotated_credset_202.txt	ENSG00000147416	ATP6V1B2	0	-0.9915187137603024	0.18032055400871	0.0387533218459544	0.3953212172596577
tg	annotated_credset_202.txt	ENSG00000061337	LZTS1	0	-1.1161241529089805	0.2537659741557792	0.0788049767364652	0.2955170053869595
tg	annotated_credset_203.txt	ENSG00000104611	SH2D4A	0	-0.9408308598078676	0.0	0.0	0.0
tg	annotated_credset_203.txt	ENSG00000147408	CSGALNACT1	0	-0.5741780665837339	1.0	0.459215654006556	0.6336000980666854
tg	annotated_credset_203.txt	ENSG00000104613	INTS10	0	-0.7186984090348056	0.4142036124794745	0.0250896343265805	0.7983065984869712
tg	annotated_credset_203.txt	ENSG00000175445	LPL	1	0.5741780665837339	0.7266723780966661	1.0	1.0
tg	annotated_credset_203.txt	ENSG00000036565	SLC18A1	0	-0.7996985130716863	0.820518312272435	0.2242882091736569	0.7368775665891036
tg	annotated_credset_203.txt	ENSG00000147416	ATP6V1B2	0	-0.9154407458781462	0.18032055400871	0.0387533218459544	0.6449190347874785
tg	annotated_credset_203.txt	ENSG00000061337	LZTS1	0	-0.8977199492556447	0.2537659741557792	0.0788049767364652	0.5594644256532673
tg	annotated_credset_205.txt	ENSG00000104611	SH2D4A	0	-0.6586071881331392	0.0	0.0	0.0
tg	annotated_credset_205.txt	ENSG00000147408	CSGALNACT1	0	-0.4219166604004911	1.0	0.459215654006556	0.6336000980666854
tg	annotated_credset_205.txt	ENSG00000104613	INTS10	0	-0.576296803190308	0.4142036124794745	0.0250896343265805	0.7983065984869712
tg	annotated_credset_205.txt	ENSG00000175445	LPL	1	0.4219166604004911	0.7266723780966661	1.0	1.0
tg	annotated_credset_205.txt	ENSG00000036565	SLC18A1	0	-0.5890970938612523	0.820518312272435	0.2242882091736569	0.9921507694733294
tg	annotated_credset_205.txt	ENSG00000147416	ATP6V1B2	0	-0.6377824919699888	0.18032055400871	0.0387533218459544	0.9001922376717042
tg	annotated_credset_205.txt	ENSG00000061337	LZTS1	0	-0.685920059452712	0.2537659741557792	0.0788049767364652	0.814737628537493
tg	annotated_credset_239.txt	ENSG00000133818	RRAS2	0	-0.3100381314886622	1.0	1.0	0.3407814042099908
tg	annotated_credset_239.txt	ENSG00000129083	COPB1	0	-0.5782424365887238	0.3263139970484732	0.5415921737201648	0.6414279501148331
tg	annotated_credset_239.txt	ENSG00000129084	PSMA1	0	-0.3409823781468888	0.538795550005676	0.1611669885942523	0.9600151001823696
tg	annotated_credset_239.txt	ENSG00000256206	PSMA1	0	-0.5652099669111781	0.2223294358042911	0.0	0.6865001962844207
tg	annotated_credset_239.txt	ENSG00000152270	PDE3B	1	0.3100381314886622	0.6333863094562379	0.9510825157694068	1.0
tg	annotated_credset_239.txt	ENSG00000186104	CYP2R1	0	-0.4978052649706876	0.4396639800204336	0.7044678025092157	0.5200423650310683
tg	annotated_credset_239.txt	ENSG00000175868	CALCB	0	-0.7753815395246275	0.0	0.1435332452302546	0.4601664028261576
tg	annotated_credset_239.txt	ENSG00000110680	CALCA	0	-0.5998878828993308	0.4368827335679418	0.511699809198011	0.3233523804052965
tg	annotated_credset_239.txt	ENSG00000188487	INSC	0	-0.5885973706621184	0.3078669542513339	0.5471621126641348	0.0
tg	annotated_credset_240.txt	ENSG00000133818	RRAS2	0	-0.4437909387360406	1.0	1.0	0.2804265766798722
tg	annotated_credset_240.txt	ENSG00000129083	COPB1	0	-0.5916290281302305	0.3263139970484732	0.5415921737201648	0.5920092767910703
tg	annotated_credset_240.txt	ENSG00000129084	PSMA1	0	-0.5817945449447433	0.538795550005676	0.1611669885942523	0.9221851786628756
tg	annotated_credset_240.txt	ENSG00000256206	PSMA1	0	-0.6084185503731561	0.2223294358042911	0.0	0.6387210463187392
tg	annotated_credset_240.txt	ENSG00000152270	PDE3B	1	0.2970113135830197	0.6333863094562379	0.9510825157694068	1.0
tg	annotated_credset_240.txt	ENSG00000186104	CYP2R1	0	-0.3294422146169002	0.4396639800204336	0.7044678025092157	0.5389591414759831
tg	annotated_credset_240.txt	ENSG00000175868	CALCB	0	-0.6072562520988491	0.0	0.1435332452302546	0.4769051640407426
tg	annotated_credset_240.txt	ENSG00000110680	CALCA	0	-0.7233437493431814	0.4368827335679418	0.511699809198011	0.3351144696202639
tg	annotated_credset_240.txt	ENSG00000188487	INSC	0	-0.2970113135830197	0.3078669542513339	0.5471621126641348	0.0
tg	annotated_credset_26.txt	ENSG00000055917	PUM2	0	-0.8381614939743519	0.0629002327189304	0.0211718942859633	0.0
tg	annotated_credset_26.txt	ENSG00000143878	RHOB	0	-0.8508199103409603	0.1180110652892312	0.0229230804660156	0.1397940806862905
tg	annotated_credset_26.txt	ENSG00000118960	HS1BP3	0	-0.7867616430287666	0.0	0.110039129670176	0.4297929138359208
tg	annotated_credset_26.txt	ENSG00000143869	GDF7	0	-0.7297910363034733	0.2018128790307163	0.034669077175328	0.4622502216596839
tg	annotated_credset_26.txt	ENSG00000118961	C2orf43	0	-0.7588803487607351	0.7172587176166362	0.0258513235758069	0.6771998896365958
tg	annotated_credset_26.txt	ENSG00000084674	APOB	1	0.7297910363034733	0.7829058674206434	1.0	1.0
tg	annotated_credset_26.txt	ENSG00000218819	TDRD15	0	-0.7432803004427425	1.0	0.0	0.8569775570703193
tg	annotated_credset_28.txt	ENSG00000084733	RAB10	0	-0.8570963541170895	0.0151099981248601	0.3220112966686496	0.09506205383027
tg	annotated_credset_28.txt	ENSG00000157833	GAREML	0	-0.9118564783925008	0.1492429878841768	0.2975304253303516	0.1682236909455378
tg	annotated_credset_28.txt	ENSG00000084754	HADHA	0	-0.7561914796891793	0.0	0.5370296732252756	0.2453833006457978
tg	annotated_credset_28.txt	ENSG00000138029	HADHB	0	-0.8244784543179369	0.0779997701441438	0.3872470962669548	0.3094825863039522
tg	annotated_credset_28.txt	ENSG00000173567	GPR113	0	-0.8500564285664429	0.1167123353959871	0.4211305249824668	0.3884456978327734
tg	annotated_credset_28.txt	ENSG00000138018	EPT1	0	-0.961256527060924	0.0968842433810586	0.1987303279935048	0.4572141894682127
tg	annotated_credset_28.txt	ENSG00000157856	DRC1	0	-0.9538971182605722	0.0664416498811403	0.2084534418970037	0.5424426130992072
tg	annotated_credset_28.txt	ENSG00000115155	OTOF	0	-0.7991815762970023	0.2856563896903599	0.1142138572221543	0.6853592727646828
tg	annotated_credset_28.txt	ENSG00000173557	C2orf70	0	-0.8657991412377302	0.3896601157747653	0.0	0.714554422023613
tg	annotated_credset_28.txt	ENSG00000157884	CIB4	0	-0.6943608450239611	0.5074189002002164	0.2615833671391471	0.8012065891338755
tg	annotated_credset_28.txt	ENSG00000171303	KCNK3	0	-0.4328161734471494	0.6068859975441715	0.7115095585517426	0.9302011115291452
tg	annotated_credset_28.txt	ENSG00000213699	SLC35F6	0	-0.282265206254322	0.5410383435861141	0.6578703964408152	0.997199733071754
tg	annotated_credset_28.txt	ENSG00000115163	CENPA	0	0.282265206254322	0.8558319874668068	0.9655208039013408	1.0
tg	annotated_credset_28.txt	ENSG00000157851	DPYSL5	0	-0.5537900991368041	0.5841302677820723	0.5790505520439541	0.9095899113504882
tg	annotated_credset_28.txt	ENSG00000084764	MAPRE3	0	-0.3593337401316261	0.6618336448485067	0.8414882935146984	0.7374164442439093
tg	annotated_credset_28.txt	ENSG00000119777	TMEM214	0	-0.4973832365469768	0.8349755929373762	0.728430415491126	0.6501168662208299
tg	annotated_credset_28.txt	ENSG00000084693	AGBL5	0	-0.6494400431095511	0.7862340537499771	0.5900653985573837	0.6368687649875608
tg	annotated_credset_28.txt	ENSG00000228474	OST4	0	-0.4517517899606995	1.0	0.8340642269376063	0.5974803971575708
tg	annotated_credset_28.txt	ENSG00000138080	EMILIN1	0	-0.8315960911381304	0.4767875829446953	0.2498662423348199	0.5861366929600552
tg	annotated_credset_28.txt	ENSG00000138030	KHK	0	-0.7424980224724456	0.6285650340852038	0.581260145016531	0.5746738763651599
tg	annotated_credset_28.txt	ENSG00000138028	CGREF1	0	-0.5916549318155429	0.8232045535654875	0.6126133938581073	0.5576590207300475
tg	annotated_credset_28.txt	ENSG00000143994	ABHD1	0	-0.7089223122970587	0.7147488824771201	0.4795988135972852	0.5227310618513475
tg	annotated_credset_28.txt	ENSG00000138073	PREB	0	-0.4406816485619489	0.9270631075301984	1.0	0.5130030822912297
tg	annotated_credset_28.txt	ENSG00000186143	C2orf53	0	-0.9302693323854128	0.8397299798573682	0.1875520560209798	0.5044564174486543
tg	annotated_credset_28.txt	ENSG00000163792	TCF23	0	-0.811604944673225	0.9180745337857862	0.4248808314453555	0.4874317525572871
tg	annotated_credset_28.txt	ENSG00000138074	SLC5A6	0	-0.7779467225586774	0.6890776126444915	0.4977964167953616	0.4165486655377773
tg	annotated_credset_28.txt	ENSG00000138085	ATRAID	0	-0.9236623266962524	0.6890776126444915	0.2063652085202118	0.3991162158506748
tg	annotated_credset_28.txt	ENSG00000084774	CAD	0	-0.6191516211261052	0.8368386351401211	0.6430600548716873	0.3916009242371756
tg	annotated_credset_28.txt	ENSG00000115194	SLC30A3	0	-0.6592609673408485	0.6890776126444915	0.2709261841432505	0.3407413318783576
tg	annotated_credset_28.txt	ENSG00000163793	DNAJC5G	0	-0.7631225390641418	0.6890776126444915	0.1486433187499476	0.3102807885625581
tg	annotated_credset_28.txt	ENSG00000138100	TRIM54	0	-0.7848336656020047	0.6890776126444915	0.3312150565723541	0.300512170655099
tg	annotated_credset_28.txt	ENSG00000163794	UCN	0	-0.824335378907995	0.479715220691866	0.4725726242993626	0.2654679020236635
tg	annotated_credset_28.txt	ENSG00000115204	MPV17	0	-0.6083248934736172	0.8873222397638532	0.5377801739187289	0.2625363357258002
tg	annotated_credset_28.txt	ENSG00000115207	GTF3C2	0	-0.7759173757087405	0.6890776126444915	0.5018551104952352	0.239616307825298
tg	annotated_credset_28.txt	ENSG00000115211	EIF2B4	0	-0.7300077876365207	0.8486096745120097	0.5880751455187642	0.1856611944569294
tg	annotated_credset_28.txt	ENSG00000115234	SNX17	0	-0.7293697864984203	0.6890776126444915	0.5949502889158755	0.1770150357294839
tg	annotated_credset_28.txt	ENSG00000163795	ZNF513	0	-0.6195285022804118	0.7288426757641194	0.6823005323702033	0.1676135642704188
tg	annotated_credset_28.txt	ENSG00000115241	PPM1G	0	-0.731200863159766	0.8371410770561513	0.5856889944722736	0.1620601239078797
tg	annotated_credset_28.txt	ENSG00000115216	NRBP1	0	-0.7096518365731143	0.6890776126444915	0.6343861887664877	0.0967641089866397
tg	annotated_credset_28.txt	ENSG00000157992	KRTCAP3	0	-0.7444751030008538	0.8541746057669622	0.4032206053128637	0.076338434819501
tg	annotated_credset_28.txt	ENSG00000138002	IFT172	0	-0.8629489534263648	0.8681474222875495	0.3221928139390759	0.0735287835636617
tg	annotated_credset_28.txt	ENSG00000115226	FNDC4	0	-0.7393010223724561	0.8708573018551785	0.5657635049577211	0.006949157395365
tg	annotated_credset_28.txt	ENSG00000084734	GCKR	1	-0.7014421720063565	0.6890776126444915	0.6394986359954011	0.0
tg	annotated_credset_29.txt	ENSG00000268412	AC013449.1	0	-0.8125039372468251	0.0	0.3397759319922906	0.0
tg	annotated_credset_29.txt	ENSG00000084733	RAB10	0	-0.7935256134291536	0.0620254622962152	0.3220112966686496	0.1544280916619727
tg	annotated_credset_29.txt	ENSG00000157833	GAREML	0	-0.8336266905777948	0.1897689959099026	0.2975304253303516	0.2285036896625601
tg	annotated_credset_29.txt	ENSG00000084754	HADHA	0	-0.5532327737989119	0.0476352324442652	0.5370296732252756	0.3066272043268582
tg	annotated_credset_29.txt	ENSG00000138029	HADHB	0	-0.644854132392208	0.1219194654069934	0.3872470962669548	0.3715272407907413
tg	annotated_credset_29.txt	ENSG00000173567	GPR113	0	-0.7718266407517372	0.1587879486145515	0.4211305249824668	0.4514767872623285
tg	annotated_credset_29.txt	ENSG00000138018	EPT1	0	-0.8830267392462181	0.1399043723716803	0.1987303279935048	0.5211043590656733
tg	annotated_credset_29.txt	ENSG00000157856	DRC1	0	-0.7875397769828841	0.1109119188893369	0.2084534418970037	0.6073974861203137
tg	annotated_credset_29.txt	ENSG00000115155	OTOF	0	-0.7847464013668176	0.3196843136125353	0.1142138572221543	0.7520995109299425
tg	annotated_credset_29.txt	ENSG00000173557	C2orf70	0	-0.8421724532460223	0.4187337980298403	0.0	0.7816593762547761
tg	annotated_credset_29.txt	ENSG00000157884	CIB4	0	-0.7150285739367027	0.530883115386831	0.2615833671391471	0.8693940326926378
tg	annotated_credset_29.txt	ENSG00000171303	KCNK3	0	-0.1114861001023531	0.6256120744282504	0.7115095585517426	1.0
tg	annotated_credset_29.txt	ENSG00000213699	SLC35F6	0	-0.2997460536248578	0.5629010887723946	0.6578703964408152	0.999042274928623
tg	annotated_credset_29.txt	ENSG00000115163	CENPA	0	0.1114861001023531	0.8626994642548533	0.9655208039013408	0.9990351807879576
tg	annotated_credset_29.txt	ENSG00000157851	DPYSL5	0	-0.3478696980522923	0.6039403191428078	0.5790505520439541	0.8806226224563859
tg	annotated_credset_29.txt	ENSG00000084764	MAPRE3	0	-0.4253290728613538	0.677942277780978	0.8414882935146984	0.7062983038840676
tg	annotated_credset_29.txt	ENSG00000119777	TMEM214	0	-0.4856822458819291	0.8428365689267815	0.728430415491126	0.6179081488487175
tg	annotated_credset_29.txt	ENSG00000084693	AGBL5	0	-0.1735045811233974	0.7964168442882653	0.5900653985573837	0.604494547678468
tg	annotated_credset_29.txt	ENSG00000228474	OST4	0	-0.4036998337957739	1.0	0.8340642269376063	0.5646141265135249
tg	annotated_credset_29.txt	ENSG00000138080	EMILIN1	0	-0.782277655481017	0.5017109280488506	0.2498662423348199	0.5531287127761473
tg	annotated_credset_29.txt	ENSG00000138030	KHK	0	-0.5858714374775639	0.6462584250244829	0.581260145016531	0.5415226986474567
tg	annotated_credset_29.txt	ENSG00000138028	CGREF1	0	-0.6147526228864876	0.8316262457514833	0.6126133938581073	0.5242952874554566
tg	annotated_credset_29.txt	ENSG00000143994	ABHD1	0	-0.6076327987209392	0.728336885765309	0.4795988135972852	0.4889309962381446
tg	annotated_credset_29.txt	ENSG00000138073	PREB	0	-0.3559778426503192	0.93053747335676	1.0	0.4790814913382217
tg	annotated_credset_29.txt	ENSG00000186143	C2orf53	0	-0.8383826303365455	0.8473644795207097	0.1875520560209798	0.470428058554495
tg	annotated_credset_29.txt	ENSG00000163792	TCF23	0	-0.7197182426243577	0.9219770724120052	0.4248808314453555	0.4531907155655633
tg	annotated_credset_29.txt	ENSG00000138074	SLC5A6	0	-0.5706220956479021	0.703888472838297	0.4977964167953616	0.3814221321093831
tg	annotated_credset_29.txt	ENSG00000138085	ATRAID	0	-0.7553029250052036	0.703888472838297	0.2063652085202118	0.3637719101337217
tg	annotated_credset_29.txt	ENSG00000084774	CAD	0	-0.6106286309111918	0.8446108646811451	0.6430600548716873	0.3561627348559506
tg	annotated_credset_29.txt	ENSG00000115194	SLC30A3	0	-0.8005831004169507	0.703888472838297	0.2709261841432505	0.3046677865935185
tg	annotated_credset_29.txt	ENSG00000163793	DNAJC5G	0	-0.8617245331136022	0.703888472838297	0.1486433187499476	0.273826719464503
tg	annotated_credset_29.txt	ENSG00000138100	TRIM54	0	-0.689898245577521	0.703888472838297	0.3312150565723541	0.2639360685487204
tg	annotated_credset_29.txt	ENSG00000163794	UCN	0	-0.7461055910932891	0.5044991070914223	0.4725726242993626	0.2284540145963618
tg	annotated_credset_29.txt	ENSG00000115204	MPV17	0	-0.663268571387671	0.8926896710640013	0.5377801739187289	0.2254858261419338
tg	annotated_credset_29.txt	ENSG00000115207	GTF3C2	0	-0.6851186372409585	0.703888472838297	0.5018551104952352	0.2022794731970851
tg	annotated_credset_29.txt	ENSG00000115211	EIF2B4	0	-0.6381210855876535	0.8558211878564432	0.5880751455187642	0.1476503335886533
tg	annotated_credset_29.txt	ENSG00000115234	SNX17	0	-0.6385710480306382	0.703888472838297	0.5949502889158755	0.1388961640074772
tg	annotated_credset_29.txt	ENSG00000163795	ZNF513	0	-0.5948959263034744	0.7417593179330606	0.6823005323702033	0.1293772460625646
tg	annotated_credset_29.txt	ENSG00000115241	PPM1G	0	-0.6393141611108987	0.8448988997062042	0.5856889944722736	0.123754430171122
tg	annotated_credset_29.txt	ENSG00000115216	NRBP1	0	-0.6188530981053321	0.703888472838297	0.6343861887664877	0.0576427144815786
tg	annotated_credset_29.txt	ENSG00000157992	KRTCAP3	0	-0.7305483556906037	0.8611210323175297	0.4032206053128637	0.0369618756136332
tg	annotated_credset_29.txt	ENSG00000138002	IFT172	0	-0.764124270725642	0.8744282504752577	0.3221928139390759	0.0341171252067842
tg	annotated_credset_30.txt	ENSG00000138029	HADHB	0	-0.6997355059865134	0.1219194654069934	0.3872470962669548	0.1145845237077224
tg	annotated_credset_30.txt	ENSG00000173567	GPR113	0	-0.6827937916287574	0.1587879486145515	0.4211305249824668	0.1997876901362766
tg	annotated_credset_30.txt	ENSG00000138018	EPT1	0	-0.7939938901232384	0.1399043723716803	0.1987303279935048	0.2739906074784631
tg	annotated_credset_30.txt	ENSG00000157856	DRC1	0	-0.7891323331714888	0.1109119188893369	0.2084534418970037	0.365954201902227
tg	annotated_credset_30.txt	ENSG00000115155	OTOF	0	-0.6855097138954491	0.3196843136125353	0.1142138572221543	0.520164841568396
tg	annotated_credset_30.txt	ENSG00000173557	C2orf70	0	-0.6754796395615801	0.4187337980298403	0.0	0.551667135652985
tg	annotated_credset_30.txt	ENSG00000157884	CIB4	0	-0.7510811978743308	0.530883115386831	0.2615833671391471	0.6451669847945151
tg	annotated_credset_30.txt	ENSG00000171303	KCNK3	0	-0.5103562499036287	0.6256120744282504	0.7115095585517426	0.7843552911722905
tg	annotated_credset_30.txt	ENSG00000213699	SLC35F6	0	-0.3573406306493389	0.5629010887723946	0.6578703964408152	0.8566484745493799
tg	annotated_credset_30.txt	ENSG00000115163	CENPA	0	0.0637314154652621	0.8626994642548533	0.9655208039013408	0.886641731027344
tg	annotated_credset_30.txt	ENSG00000157851	DPYSL5	0	-0.0637314154652621	0.6039403191428078	0.5790505520439541	1.0
tg	annotated_credset_30.txt	ENSG00000084764	MAPRE3	0	-0.1060028306033031	0.677942277780978	0.8414882935146984	0.856995762945411
tg	annotated_credset_30.txt	ENSG00000119777	TMEM214	0	-0.4038381937560196	0.8428365689267815	0.728430415491126	0.7627973412845817
tg	annotated_credset_30.txt	ENSG00000084693	AGBL5	0	-0.5412556227245997	0.7964168442882653	0.5900653985573837	0.748502309688359
tg	annotated_credset_30.txt	ENSG00000228474	OST4	0	-0.3543511611178014	1.0	0.8340642269376063	0.7060012785791325
tg	annotated_credset_30.txt	ENSG00000138080	EMILIN1	0	-0.4929418478695728	0.5017109280488506	0.2498662423348199	0.6937611388740953
tg	annotated_credset_30.txt	ENSG00000138030	KHK	0	-0.488982576963898	0.6462584250244829	0.581260145016531	0.6813924739220008
tg	annotated_credset_30.txt	ENSG00000138028	CGREF1	0	-0.4846090197504462	0.8316262457514833	0.6126133938581073	0.6630330203953099
tg	annotated_credset_30.txt	ENSG00000143994	ABHD1	0	-0.5563746316429423	0.728336885765309	0.4795988135972852	0.6253448817729437
tg	annotated_credset_30.txt	ENSG00000138073	PREB	0	-0.2931231150941118	0.93053747335676	1.0	0.6148481492426943
tg	annotated_credset_30.txt	ENSG00000186143	C2orf53	0	-0.7460025035722693	0.8473644795207097	0.1875520560209798	0.6056260847509064
tg	annotated_credset_30.txt	ENSG00000163792	TCF23	0	-0.6273381158600815	0.9219770724120052	0.4248808314453555	0.5872560467921049
tg	annotated_credset_30.txt	ENSG00000138074	SLC5A6	0	-0.5953743941918535	0.703888472838297	0.4977964167953616	0.5107714282992202
tg	annotated_credset_30.txt	ENSG00000138085	ATRAID	0	-0.7410899983294283	0.703888472838297	0.2063652085202118	0.491961380376964
tg	annotated_credset_30.txt	ENSG00000084774	CAD	0	-0.5193335471004068	0.8446108646811451	0.6430600548716873	0.4838521933185187
tg	annotated_credset_30.txt	ENSG00000115194	SLC30A3	0	-0.5555313981064098	0.703888472838297	0.2709261841432505	0.4289734248868172
tg	annotated_credset_30.txt	ENSG00000163793	DNAJC5G	0	-0.6322109272309788	0.703888472838297	0.1486433187499476	0.3961057390599616
tg	annotated_credset_30.txt	ENSG00000138100	TRIM54	0	-0.6668098296668215	0.703888472838297	0.3312150565723541	0.3855651567395398
tg	annotated_credset_30.txt	ENSG00000163794	UCN	0	-0.6570727419703093	0.5044991070914223	0.4725726242993626	0.3477515169935765
tg	annotated_credset_30.txt	ENSG00000115204	MPV17	0	-0.1119717804998596	0.8926896710640013	0.5377801739187289	0.3445882838542389
tg	annotated_credset_30.txt	ENSG00000115207	GTF3C2	0	-0.5263879312149025	0.703888472838297	0.5018551104952352	0.3198570021969702
tg	annotated_credset_30.txt	ENSG00000115211	EIF2B4	0	-0.5468260017768685	0.8558211878564432	0.5880751455187642	0.2616380894035112
tg	annotated_credset_30.txt	ENSG00000115234	SNX17	0	-0.547580424745366	0.703888472838297	0.5949502889158755	0.2523086685288873
tg	annotated_credset_30.txt	ENSG00000163795	ZNF513	0	-0.5039053030182021	0.7417593179330606	0.6823005323702033	0.2421642463817477
tg	annotated_credset_30.txt	ENSG00000115241	PPM1G	0	-0.5480190773001137	0.8448988997062042	0.5856889944722736	0.2361719457454212
tg	annotated_credset_30.txt	ENSG00000115216	NRBP1	0	-0.5278624748200598	0.703888472838297	0.6343861887664877	0.165715917370385
tg	annotated_credset_30.txt	ENSG00000157992	KRTCAP3	0	-0.6392532718798187	0.8611210323175297	0.4032206053128637	0.1436761055926675
tg	annotated_credset_30.txt	ENSG00000138002	IFT172	0	-0.6797671675667125	0.8744282504752577	0.3221928139390759	0.1406444218238473
tg	annotated_credset_30.txt	ENSG00000115226	FNDC4	0	-0.55798182205739	0.8770090442997868	0.5657635049577211	0.0688033449040533
tg	annotated_credset_30.txt	ENSG00000084734	GCKR	1	-0.5253062512056033	0.703888472838297	0.6394986359954011	0.0613050307845623
tg	annotated_credset_30.txt	ENSG00000233438	AC109829.1	0	-0.721807284069585	0.0	0.3397759319922906	0.0
tg	annotated_credset_31.txt	ENSG00000171303	KCNK3	0	-0.6131696607937586	0.5545739585141911	0.6062501174475009	0.0
tg	annotated_credset_31.txt	ENSG00000213699	SLC35F6	0	-0.6443700207984208	0.4989837917334777	0.5484766252213795	0.0725299230874254
tg	annotated_credset_31.txt	ENSG00000115163	CENPA	0	-0.4378597120897062	0.7647401264387773	0.8798397137615502	0.1026213989896691
tg	annotated_credset_31.txt	ENSG00000157851	DPYSL5	0	-0.6868175301210775	0.5353630263601361	0.463581606576066	0.3290872130948588
tg	annotated_credset_31.txt	ENSG00000084764	MAPRE3	0	-0.5431711267151133	0.6009620785799639	0.7462471856047913	0.445662100456621
tg	annotated_credset_31.txt	ENSG00000119777	TMEM214	0	-0.5758655638694806	0.7471326585846619	0.6244751783614862	0.4676572763543136
tg	annotated_credset_31.txt	ENSG00000084693	AGBL5	0	-0.523860037164161	0.7059838836518133	0.4754454412142643	0.5115399202051002
tg	annotated_credset_31.txt	ENSG00000228474	OST4	0	-0.5158340962776659	0.8864502160080889	0.7382508964049184	0.5132860025182421
tg	annotated_credset_31.txt	ENSG00000138080	EMILIN1	0	-0.7766859335348135	0.4447417605425224	0.1090248534595315	0.5354799071587858
tg	annotated_credset_31.txt	ENSG00000138030	KHK	0	-0.6815431712737385	0.5728759204600002	0.4659615077042767	0.5572778713269315
tg	annotated_credset_31.txt	ENSG00000138028	CGREF1	0	-0.6375545817358749	0.7371952651843984	0.4997313617983144	0.5851226505256452
tg	annotated_credset_31.txt	ENSG00000143994	ABHD1	0	-0.70918803494649	0.645634389713317	0.3564644553770844	0.6028489509853001
tg	annotated_credset_31.txt	ENSG00000138073	PREB	0	-0.4262822521262576	0.8248751442607212	0.9169764528412796	0.6087091733794505
tg	annotated_credset_31.txt	ENSG00000186143	C2orf53	0	-0.8664664152799274	0.7511464259087149	0.0419076947102095	0.6158922313748691
tg	annotated_credset_31.txt	ENSG00000163792	TCF23	0	-0.7346639843642442	0.8172867749941275	0.2975289912110705	0.6372821189641833
tg	annotated_credset_31.txt	ENSG00000138074	SLC5A6	0	-0.7142087417926059	0.6239620887931122	0.3760646699502335	0.7274655258726619
tg	annotated_credset_31.txt	ENSG00000138085	ATRAID	0	-0.871155625218135	0.6239620887931122	0.062170903099175	0.7338673220164141
tg	annotated_credset_31.txt	ENSG00000084774	CAD	0	-0.6189615154508475	0.7487054834393799	0.5325247512577125	0.7744701831035058
tg	annotated_credset_31.txt	ENSG00000115194	SLC30A3	0	-0.8345939174920193	0.6239620887931122	0.131708026284561	0.8228234651617895
tg	annotated_credset_31.txt	ENSG00000163793	DNAJC5G	0	-0.899126853287498	0.6239620887931122	0.0	0.8314431347562918
tg	annotated_credset_31.txt	ENSG00000138100	TRIM54	0	-0.8008049699778824	0.6239620887931122	0.196643766619231	0.870794459867413
tg	annotated_credset_31.txt	ENSG00000163794	UCN	0	-0.6575951392589298	0.4472133424570793	0.3488967105278394	0.8723205752514449
tg	annotated_credset_31.txt	ENSG00000115204	MPV17	0	-0.6662857601220241	0.7913249517428738	0.4191302435056303	0.8984647825361428
tg	annotated_credset_31.txt	ENSG00000115207	GTF3C2	0	-0.4209996059612456	0.6239620887931122	0.3804361944053124	0.9459791562372002
tg	annotated_credset_31.txt	ENSG00000115211	EIF2B4	0	-0.3289530444371592	0.7586428768396434	0.4733017860203798	0.9664360806444272
tg	annotated_credset_31.txt	ENSG00000115234	SNX17	0	-0.3622834778688483	0.6239620887931122	0.4807068428477974	0.976512083010968
tg	annotated_credset_31.txt	ENSG00000163795	ZNF513	0	-0.4610969118190017	0.6575327076077743	0.574789755640545	0.9820673857309729
tg	annotated_credset_31.txt	ENSG00000115241	PPM1G	0	0.2105503337982096	0.7489608121495615	0.4707317183028849	1.0
tg	annotated_credset_31.txt	ENSG00000115216	NRBP1	0	-0.3249342401347973	0.6239620887931122	0.5231823320945861	0.9466329889713132
tg	annotated_credset_31.txt	ENSG00000157992	KRTCAP3	0	-0.541763262249441	0.7633409251069827	0.274199266121524	0.9245210030491968
tg	annotated_credset_31.txt	ENSG00000138002	IFT172	0	-0.5759536319957649	0.7751371115173675	0.186926119211579	0.9214793913742624
tg	annotated_credset_31.txt	ENSG00000115226	FNDC4	0	-0.5349645520334524	0.7774248567605936	0.4492704376216165	0.8494030552647946
tg	annotated_credset_31.txt	ENSG00000084734	GCKR	1	-0.4609493065306697	0.6239620887931122	0.5286888299333342	0.8418801862892338
tg	annotated_credset_31.txt	ENSG00000233438	AC109829.1	0	-0.8112558694837766	0.0	0.2058644861468714	0.7803743988834783
tg	annotated_credset_31.txt	ENSG00000221843	C2orf16	0	-0.8428483924333234	0.8026104807328955	0.0811601750729121	0.7210045662100457
tg	annotated_credset_31.txt	ENSG00000243943	ZNF512	0	-0.762305607079477	0.7690807145118627	0.2422457457806049	0.7111318436262686
tg	annotated_credset_31.txt	ENSG00000176714	CCDC121	0	-0.6208076859946713	0.8059195408168477	0.2554524882569179	0.6464934237473262
tg	annotated_credset_31.txt	ENSG00000198522	GPN1	0	-0.6985647615916533	0.6239620887931122	0.1792010705224266	0.6425370530499552
tg	annotated_credset_31.txt	ENSG00000119760	SUPT7L	0	-0.6927778037355234	0.7924586112160796	0.3839853496227478	0.6083056478405315
tg	annotated_credset_31.txt	ENSG00000163798	SLC4A1AP	0	-0.7348892170549332	0.7567228049390786	0.305062091160198	0.5891017764225792
tg	annotated_credset_31.txt	ENSG00000205334	AC074091.13	0	-0.8147143693922239	0.0	0.2058644861468714	0.5249093584550737
tg	annotated_credset_31.txt	ENSG00000243147	MRPL33	0	-0.705054845409028	0.6774789864471521	0.3660966152823917	0.4248911542954232
tg	annotated_credset_31.txt	ENSG00000268656	AC110084.1	0	-0.8156760903356748	0.0	0.2058644861468714	0.4184180585263732
tg	annotated_credset_31.txt	ENSG00000171174	RBKS	0	-0.531549601560558	0.6366366059665214	0.4735659299980695	0.4102565269497413
tg	annotated_credset_31.txt	ENSG00000158019	BRE	0	-0.2105503337982096	1.0	1.0	0.2455437734188928
tg	annotated_credset_32.txt	ENSG00000171303	KCNK3	0	-0.2988873949225281	0.5545739585141911	0.6062501174475009	0.0
tg	annotated_credset_32.txt	ENSG00000213699	SLC35F6	0	-0.3330659606080375	0.4989837917334777	0.5484766252213795	0.0653598613268003
tg	annotated_credset_32.txt	ENSG00000115163	CENPA	0	-0.101593047853455	0.7647401264387773	0.8798397137615502	0.0924765961635201
tg	annotated_credset_32.txt	ENSG00000157851	DPYSL5	0	-0.3755134699306943	0.5353630263601361	0.463581606576066	0.296554769351909
tg	annotated_credset_32.txt	ENSG00000084764	MAPRE3	0	-0.2288888608438828	0.6009620785799639	0.7462471856047913	0.4016054594369935
tg	annotated_credset_32.txt	ENSG00000119777	TMEM214	0	-0.2454914744203693	0.7471326585846619	0.6244751783614862	0.4214262669787156
tg	annotated_credset_32.txt	ENSG00000084693	AGBL5	0	-0.3200063429939803	0.7059838836518133	0.4754454412142643	0.4609708217590038
tg	annotated_credset_32.txt	ENSG00000228474	OST4	0	-0.1844452377512535	0.8864502160080889	0.7382508964049184	0.4625442923073534
tg	annotated_credset_32.txt	ENSG00000138080	EMILIN1	0	-0.5527918464889614	0.4447417605425224	0.1090248534595315	0.4825441829436315
tg	annotated_credset_32.txt	ENSG00000138030	KHK	0	-0.3690316997941401	0.5728759204600002	0.4659615077042767	0.5021872744373211
tg	annotated_credset_32.txt	ENSG00000138028	CGREF1	0	-0.3078633827019552	0.7371952651843984	0.4997313617983144	0.5272794133729932
tg	annotated_credset_32.txt	ENSG00000143994	ABHD1	0	-0.3787203066004365	0.645634389713317	0.3564644553770844	0.5432533519980725
tg	annotated_credset_32.txt	ENSG00000138073	PREB	0	-0.0943028307794107	0.8248751442607212	0.9169764528412796	0.5485342527176857
tg	annotated_credset_32.txt	ENSG00000186143	C2orf53	0	-0.535998686933874	0.7511464259087149	0.0419076947102095	0.5550072180056403
tg	annotated_credset_32.txt	ENSG00000163792	TCF23	0	-0.4040265615945153	0.8172867749941275	0.2975289912110705	0.574282573984555
tg	annotated_credset_32.txt	ENSG00000138074	SLC5A6	0	-0.3939596337468454	0.6239620887931122	0.3760646699502335	0.6555507557033148
tg	annotated_credset_32.txt	ENSG00000138085	ATRAID	0	-0.5496848007684134	0.6239620887931122	0.062170903099175	0.6613196920317559
tg	annotated_credset_32.txt	ENSG00000084774	CAD	0	-0.2882936943122831	0.7487054834393799	0.5325247512577125	0.6979086922286104
tg	annotated_credset_32.txt	ENSG00000115194	SLC30A3	0	-0.5140829066371158	0.6239620887931122	0.131708026284561	0.7414819331131439
tg	annotated_credset_32.txt	ENSG00000163793	DNAJC5G	0	-0.5799369197793962	0.6239620887931122	0.0	0.7492494914586895
tg	annotated_credset_32.txt	ENSG00000138100	TRIM54	0	-0.4802944359601371	0.6239620887931122	0.196643766619231	0.784710678273799
tg	annotated_credset_32.txt	ENSG00000163794	UCN	0	-0.4259228248838236	0.4472133424570793	0.3488967105278394	0.7860859270762662
tg	annotated_credset_32.txt	ENSG00000115204	MPV17	0	-0.3394665512919619	0.7913249517428738	0.4191302435056303	0.8096456068592885
tg	annotated_credset_32.txt	ENSG00000115207	GTF3C2	0	-0.3848269501707342	0.6239620887931122	0.3804361944053124	0.852462871016422
tg	annotated_credset_32.txt	ENSG00000115211	EIF2B4	0	-0.3129054201179002	0.7586428768396434	0.4733017860203798	0.8708974933834904
tg	annotated_credset_32.txt	ENSG00000115234	SNX17	0	-0.3346916259494916	0.6239620887931122	0.4807068428477974	0.8799774163914301
tg	annotated_credset_32.txt	ENSG00000163795	ZNF513	0	-0.2621614353078176	0.6575327076077743	0.574789755640545	0.8849835407598546
tg	annotated_credset_32.txt	ENSG00000115241	PPM1G	0	-0.2996477551164791	0.7489608121495615	0.4707317183028849	0.9244870841444428
tg	annotated_credset_32.txt	ENSG00000115216	NRBP1	0	-0.2312071009305896	0.6239620887931122	0.5231823320945861	0.9690145235022588
tg	annotated_credset_32.txt	ENSG00000157992	KRTCAP3	0	-0.217707801588324	0.7633409251069827	0.274199266121524	0.9747861939237468
tg	annotated_credset_32.txt	ENSG00000138002	IFT172	0	0.035337505907631	0.7751371115173675	0.186926119211579	1.0
tg	annotated_credset_32.txt	ENSG00000115226	FNDC4	0	-0.1742245782802944	0.7774248567605936	0.4492704376216165	0.9631471598241484
tg	annotated_credset_32.txt	ENSG00000084734	GCKR	1	-0.2992965949311372	0.6239620887931122	0.5286888299333342	0.9563679761149684
tg	annotated_credset_32.txt	ENSG00000233438	AC109829.1	0	-0.4974389370743077	0.0	0.2058644861468714	0.9009424418731874
tg	annotated_credset_32.txt	ENSG00000221843	C2orf16	0	-0.5047887608775836	0.8026104807328955	0.0811601750729121	0.8474417091362512
tg	annotated_credset_32.txt	ENSG00000243943	ZNF512	0	-0.426374338179377	0.7690807145118627	0.2422457457806049	0.8385449703624372
tg	annotated_credset_32.txt	ENSG00000176714	CCDC121	0	-0.0578988899530001	0.8059195408168477	0.2554524882569179	0.7802964850499854
tg	annotated_credset_32.txt	ENSG00000198522	GPN1	0	-0.1715539357495672	0.6239620887931122	0.1792010705224266	0.7767312277171479
tg	annotated_credset_32.txt	ENSG00000119760	SUPT7L	0	-0.3583935733905687	0.7924586112160796	0.3839853496227478	0.7458838229182679
tg	annotated_credset_32.txt	ENSG00000163798	SLC4A1AP	0	-0.4020250243610404	0.7567228049390786	0.305062091160198	0.7285783809794679
tg	annotated_credset_32.txt	ENSG00000205334	AC074091.13	0	-0.4990141686264318	0.0	0.2058644861468714	0.6707318073448744
tg	annotated_credset_32.txt	ENSG00000243147	MRPL33	0	-0.3739042266477828	0.6774789864471521	0.3660966152823917	0.5806010630153837
tg	annotated_credset_32.txt	ENSG00000268656	AC110084.1	0	-0.5018875893417638	0.0	0.2058644861468714	0.5747678755003462
tg	annotated_credset_32.txt	ENSG00000171174	RBKS	0	-0.327600718772671	0.6366366059665214	0.4735659299980695	0.5674131652048455
tg	annotated_credset_32.txt	ENSG00000158019	BRE	0	-0.035337505907631	1.0	1.0	0.41898335484154
tg	annotated_credset_33.txt	ENSG00000171303	KCNK3	0	-0.4816883411278497	0.5545739585141911	0.6062501174475009	0.0
tg	annotated_credset_33.txt	ENSG00000213699	SLC35F6	0	-0.513296039274907	0.4989837917334777	0.5484766252213795	0.0711975411227562
tg	annotated_credset_33.txt	ENSG00000115163	CENPA	0	-0.2995972911969907	0.7647401264387773	0.8798397137615502	0.1007362335933381
tg	annotated_credset_33.txt	ENSG00000157851	DPYSL5	0	-0.5557435485975637	0.5353630263601361	0.463581606576066	0.3230418479701456
tg	annotated_credset_33.txt	ENSG00000084764	MAPRE3	0	-0.4116898070492044	0.6009620785799639	0.7462471856047913	0.4374752429541075
tg	annotated_credset_33.txt	ENSG00000119777	TMEM214	0	-0.4394207270145459	0.7471326585846619	0.6244751783614862	0.4590663652635937
tg	annotated_credset_33.txt	ENSG00000084693	AGBL5	0	-0.5133540926737282	0.7059838836518133	0.4754454412142643	0.5021428805437168
tg	annotated_credset_33.txt	ENSG00000228474	OST4	0	-0.3788357706913469	0.8864502160080889	0.7382508964049184	0.5038568871495668
tg	annotated_credset_33.txt	ENSG00000138080	EMILIN1	0	-0.7318908674165732	0.4447417605425224	0.1090248534595315	0.5256430875349577
tg	annotated_credset_33.txt	ENSG00000138030	KHK	0	-0.5480368434062306	0.5728759204600002	0.4659615077042767	0.5470406209141567
tg	annotated_credset_33.txt	ENSG00000138028	CGREF1	0	-0.5009894627077834	0.7371952651843984	0.4997313617983144	0.5743738887250829
tg	annotated_credset_33.txt	ENSG00000143994	ABHD1	0	-0.5726229159183985	0.645634389713317	0.3564644553770844	0.5917745552666613
tg	annotated_credset_33.txt	ENSG00000138073	PREB	0	-0.2892506671481539	0.8248751442607212	0.9169764528412796	0.5975271247874244
tg	annotated_credset_33.txt	ENSG00000186143	C2orf53	0	-0.729901296251836	0.7511464259087149	0.0419076947102095	0.604578229286729
tg	annotated_credset_33.txt	ENSG00000163792	TCF23	0	-0.5989743979632585	0.8172867749941275	0.2975289912110705	0.6255751824947955
tg	annotated_credset_33.txt	ENSG00000138074	SLC5A6	0	-0.580253114112781	0.6239620887931122	0.3760646699502335	0.7141019111694856
tg	annotated_credset_33.txt	ENSG00000138085	ATRAID	0	-0.7371999975383102	0.6239620887931122	0.062170903099175	0.7203861056757296
tg	annotated_credset_33.txt	ENSG00000084774	CAD	0	-0.4820097410920981	0.7487054834393799	0.5325247512577125	0.7602430881306159
tg	annotated_credset_33.txt	ENSG00000115194	SLC30A3	0	-0.7014427140980831	0.6239620887931122	0.131708026284561	0.8077081155457868
tg	annotated_credset_33.txt	ENSG00000163793	DNAJC5G	0	-0.7661765771510997	0.6239620887931122	0.0	0.8161694409449523
tg	annotated_credset_33.txt	ENSG00000138100	TRIM54	0	-0.6663010391707688	0.6239620887931122	0.196643766619231	0.854797878265324
tg	annotated_credset_33.txt	ENSG00000163794	UCN	0	-0.6078875179229465	0.4472133424570793	0.3488967105278394	0.856295958756623
tg	annotated_credset_33.txt	ENSG00000115204	MPV17	0	-0.5328389772946468	0.7913249517428738	0.4191302435056303	0.8819598943302269
tg	annotated_credset_33.txt	ENSG00000115207	GTF3C2	0	-0.5674481287674132	0.6239620887931122	0.3804361944053124	0.9286014242188688
tg	annotated_credset_33.txt	ENSG00000115211	EIF2B4	0	-0.4212840664613139	0.7586428768396434	0.4733017860203798	0.9486825528721152
tg	annotated_credset_33.txt	ENSG00000115234	SNX17	0	-0.5032559431455664	0.6239620887931122	0.4807068428477974	0.9585734580641704
tg	annotated_credset_33.txt	ENSG00000163795	ZNF513	0	-0.3472709647727218	0.6575327076077743	0.574789755640545	0.9640267093157971
tg	annotated_credset_33.txt	ENSG00000115241	PPM1G	0	0.2348934965732493	0.7489608121495615	0.4707317183028849	1.0
tg	annotated_credset_33.txt	ENSG00000115216	NRBP1	0	-0.4759417434059002	0.6239620887931122	0.5231823320945861	0.9659834466573148
tg	annotated_credset_33.txt	ENSG00000157992	KRTCAP3	0	-0.5178087217583369	0.7633409251069827	0.274199266121524	0.944277660135274
tg	annotated_credset_33.txt	ENSG00000138002	IFT172	0	-0.6415593022094642	0.7751371115173675	0.186926119211579	0.9412919231719992
tg	annotated_credset_33.txt	ENSG00000115226	FNDC4	0	-0.5177688802366537	0.7774248567605936	0.4492704376216165	0.8705396365889034
tg	annotated_credset_33.txt	ENSG00000084734	GCKR	1	-0.5002785075137172	0.6239620887931122	0.5286888299333342	0.863154963471258
tg	annotated_credset_33.txt	ENSG00000233438	AC109829.1	0	-0.6794036301134305	0.0	0.2058644861468714	0.8027790435515527
tg	annotated_credset_33.txt	ENSG00000221843	C2orf16	0	-0.7045664808217664	0.8026104807328955	0.0811601750729121	0.7444998406614189
tg	annotated_credset_33.txt	ENSG00000243943	ZNF512	0	-0.6250377492894837	0.7690807145118627	0.2422457457806049	0.7348084809821214
tg	annotated_credset_33.txt	ENSG00000176714	CCDC121	0	-0.5144943083758816	0.8059195408168477	0.2554524882569179	0.6713574753620858
tg	annotated_credset_33.txt	ENSG00000198522	GPN1	0	-0.5533158418662352	0.6239620887931122	0.1792010705224266	0.6674737835914023
tg	annotated_credset_33.txt	ENSG00000119760	SUPT7L	0	-0.5541679473684122	0.7924586112160796	0.3839853496227478	0.633871212730408
tg	annotated_credset_33.txt	ENSG00000163798	SLC4A1AP	0	-0.5983240980268417	0.7567228049390786	0.305062091160198	0.6150201183572936
tg	annotated_credset_33.txt	ENSG00000205334	AC074091.13	0	-0.6827392848489957	0.0	0.2058644861468714	0.5520069215488306
tg	annotated_credset_33.txt	ENSG00000243147	MRPL33	0	-0.5686100085540933	0.6774789864471521	0.3660966152823917	0.4538260618352826
tg	annotated_credset_33.txt	ENSG00000268656	AC110084.1	0	-0.684602108812161	0.0	0.2058644861468714	0.4474718774850117
tg	annotated_credset_33.txt	ENSG00000171174	RBKS	0	-0.5204354512748371	0.6366366059665214	0.4735659299980695	0.4394602740623594
tg	annotated_credset_33.txt	ENSG00000158019	BRE	0	-0.2348934965732493	1.0	1.0	0.277773310340925
tg	annotated_credset_346.txt	ENSG00000173801	JUP	0	-0.6764674650152734	0.431814714229044	0.4091840665682013	0.1362839867797463
tg	annotated_credset_346.txt	ENSG00000173812	EIF1	0	-0.8102728146690564	0.2076393762778066	0.1415733672606354	0.0
tg	annotated_credset_346.txt	ENSG00000184502	GAST	0	-0.8139759546359174	0.4590186445332763	0.1341670873269134	0.0336882252416628
tg	annotated_credset_346.txt	ENSG00000173805	HAP1	0	-0.6163979809499428	0.415626621097922	0.4265999130557963	0.0606882512657843
tg	annotated_credset_346.txt	ENSG00000141696	LEPREL4	0	-0.7271710798867729	0.5188276219828507	0.3077768368252025	0.1734016129172172
tg	annotated_credset_346.txt	ENSG00000141756	FKBP10	0	-0.6908391172889269	0.4154435323914436	0.2707350754516805	0.1887399409541599
tg	annotated_credset_346.txt	ENSG00000141698	NT5C3B	0	-0.7022347135638555	0.2679930426291538	0.3576495694710374	0.2076189952954171
tg	annotated_credset_346.txt	ENSG00000161594	KLHL10	0	-0.7331854438297473	0.295544841475695	0.2957481089392537	0.2251317832595501
tg	annotated_credset_346.txt	ENSG00000178502	KLHL11	0	-0.77421277498028	0.3085685514631839	0.2136934466381882	0.2497795178597762
tg	annotated_credset_346.txt	ENSG00000131473	ACLY	0	-0.6594519843112584	0.3615391657257942	0.4432150279762316	0.3439159941358979
tg	annotated_credset_346.txt	ENSG00000173786	CNP	0	-0.6462674625366701	0.2266577156632388	0.2114833234632742	0.4060182226681664
tg	annotated_credset_346.txt	ENSG00000168259	DNAJC7	0	-0.7376480322273525	0.2608632632510451	0.2868229321440433	0.4691194883079405
tg	annotated_credset_346.txt	ENSG00000168256	NKIRAS2	0	-0.5950961269889238	0.1981630099783345	0.3200010357574973	0.4752857593115752
tg	annotated_credset_346.txt	ENSG00000187595	ZNF385C	0	-0.6934281339610192	0.2750877300051875	0.3725938711022471	0.5327181038246784
tg	annotated_credset_346.txt	ENSG00000108771	DHX58	0	-0.7041392417476898	0.3752860761038723	0.3489429186514644	0.6012020252549641
tg	annotated_credset_346.txt	ENSG00000108773	KAT2A	0	-0.6344195709251043	0.3360440633486924	0.4883822602966357	0.613671916792209
tg	annotated_credset_346.txt	ENSG00000267261	CTD-2132N18.3	0	-0.7482624668581865	0.1643068566720576	0.245464978295278	0.6621895539176423
tg	annotated_credset_346.txt	ENSG00000197723	HSPB9	0	-0.7507842912512872	0.2112919959720484	0.2556528196442696	0.6165562569216935
tg	annotated_credset_346.txt	ENSG00000108774	RAB5C	0	-0.6450450350423186	0.3406823105794757	0.451899841927014	0.6623355781547742
tg	annotated_credset_346.txt	ENSG00000089558	KCNH4	0	-0.7435936470503735	0.3897653413078636	0.2548026179109041	0.7003033255935668
tg	annotated_credset_346.txt	ENSG00000161610	HCRT	0	-0.8709949560058255	0.0634234536632998	0.0	0.7063380302053304
tg	annotated_credset_346.txt	ENSG00000167925	GHDC	0	-0.6553714558343583	0.5685972353605322	0.4217888161006858	0.7194382837959362
tg	annotated_credset_346.txt	ENSG00000173757	STAT5B	0	-0.3591796259391925	0.8884837203625158	0.8244984560774801	0.838273097130696
tg	annotated_credset_346.txt	ENSG00000126561	STAT5A	0	-0.1520876413123361	0.8953342894632449	0.7557218435517128	0.8892167606908536
tg	annotated_credset_346.txt	ENSG00000168610	STAT3	0	-0.1022620735863503	0.5522870830917579	0.82184989627053	1.0
tg	annotated_credset_346.txt	ENSG00000177469	PTRF	0	0.1022620735863503	1.0	0.6488237868531139	0.9935650405105076
tg	annotated_credset_346.txt	ENSG00000033627	ATP6V0A1	0	-0.4724687341392809	0.8788715632724055	0.5833401091002158	0.9120343595170802
tg	annotated_credset_346.txt	ENSG00000108784	NAGLU	0	-0.5119581615258805	0.8202221476305271	0.4373943630382593	0.8002347336861155
tg	annotated_credset_346.txt	ENSG00000108786	HSD17B1	0	-0.5600167274392253	0.6576851484544262	0.546376217837241	0.7813788118972752
tg	annotated_credset_346.txt	ENSG00000068120	COASY	0	-0.7031114868625362	0.5960300265478625	0.3311054974372743	0.7636636140994942
tg	annotated_credset_346.txt	ENSG00000108788	MLX	0	-0.6801700537561114	0.7223002044490555	0.3084573272731711	0.7555657749690469
tg	annotated_credset_346.txt	ENSG00000131470	PSMC3IP	0	-0.6869305891051879	0.5215129230111989	0.3751983215087948	0.7479797435608239
tg	annotated_credset_346.txt	ENSG00000141699	FAM134C	0	-0.5858870662134107	0.7370541027127644	0.4970233023585723	0.7375729865422629
tg	annotated_credset_346.txt	ENSG00000131462	TUBG1	0	-0.6314704293218073	0.3439168777272589	0.4861186410755562	0.6939637878827942
tg	annotated_credset_346.txt	ENSG00000037042	TUBG2	0	-0.6832810855506234	0.6767874034969944	0.3059514940766029	0.6222109476390928
tg	annotated_credset_346.txt	ENSG00000068137	PLEKHH3	0	-0.6416653811920249	0.7980226419700346	0.3818188681410903	0.6097641886542648
tg	annotated_credset_346.txt	ENSG00000184451	CCR10	0	-0.7906503216832057	0.2364682188520338	0.0673351626958378	0.5938967034807852
tg	annotated_credset_346.txt	ENSG00000108797	CNTNAP1	0	-0.8117448839893889	0.2819062585822831	0.1337316341680661	0.5885126019057475
tg	annotated_credset_346.txt	ENSG00000108799	EZH1	0	-0.6511791693724954	0.4979860242287388	0.4553651729294408	0.5629771556065222
tg	annotated_credset_346.txt	ENSG00000131477	RAMP2	0	-0.597945393808388	0.5425528668639956	0.5643839220633323	0.4788729781567126
tg	annotated_credset_346.txt	ENSG00000131475	VPS25	0	-0.816622527037098	0.1625598852644106	0.1288739425245521	0.4572021138956386
tg	annotated_credset_346.txt	ENSG00000126562	WNK4	0	-0.640782483914656	0.6827072716731256	0.3928461516103175	0.4467317423579311
tg	annotated_credset_346.txt	ENSG00000183978	COA3	0	-0.7714005540705665	0.1304659607579872	0.2193178884576151	0.4258126860504069
tg	annotated_credset_346.txt	ENSG00000176563	CNTD1	0	-0.7611636784610271	0.2514280919105306	0.2397916396766941	0.4205428014529278
tg	annotated_credset_346.txt	ENSG00000126581	BECN1	0	-0.3858016044008404	0.6428702206218913	0.7375945641566256	0.4041447133583851
tg	annotated_credset_346.txt	ENSG00000131467	PSME3	0	-0.6163702484796875	0.9037716273534528	0.434313621175628	0.3835422838620675
tg	annotated_credset_346.txt	ENSG00000131480	AOC2	0	-0.7758934796776756	0.0	0.2103320372433971	0.3543157496678177
tg	annotated_credset_346.txt	ENSG00000131471	AOC3	0	-0.453528054105475	0.7057611912971835	0.7673550112286793	0.3447967043482559
tg	annotated_credset_346.txt	ENSG00000131482	G6PC	1	-0.6956415365461973	0.4006896341277349	0.3708359235063534	0.2730669966569714
tg	annotated_credset_346.txt	ENSG00000108825	PTGES3L-AARSD1	0	-0.7583270091517351	0.1643068566720576	0.245464978295278	0.2011695779606642
tg	annotated_credset_346.txt	ENSG00000266967	AARSD1	0	-0.756164371526899	0.2779698513929999	0.2497902535449503	0.2011695779606642
tg	annotated_credset_346.txt	ENSG00000267060	PTGES3L	0	-0.7649332189934357	0.3617832840010985	0.2322525586118769	0.1757787101140446
tg	annotated_credset_346.txt	ENSG00000198863	RUNDC1	0	-0.7651973389881299	0.5633334350492814	0.2223619786490387	0.1577396565824267
tg	annotated_credset_346.txt	ENSG00000131469	RPL27	0	-0.7656240449433808	0.174207378474871	0.2308709067119868	0.1321377041950027
tg	annotated_credset_346.txt	ENSG00000068079	IFI35	0	-0.2496203123686436	0.5871197094992523	0.2561876312761338	0.1199179333807658
tg	annotated_credset_346.txt	ENSG00000108828	VAT1	0	-0.3076047803969376	0.5794910133959903	0.5882100663743309	0.1085251513154337
tg	annotated_credset_346.txt	ENSG00000108830	RND2	0	-0.6991112011013872	0.6285130145555522	0.294063554158547	0.0931477870962874
tg	annotated_credset_346.txt	ENSG00000012048	BRCA1	0	-0.3749134249580045	0.6056421836379726	1.0	0.0655998087367902
tg	annotated_credset_347.txt	ENSG00000173757	STAT5B	0	-0.2209837400141384	0.7707365495334525	0.811827854012593	0.0
tg	annotated_credset_347.txt	ENSG00000126561	STAT5A	0	-0.2632317571901076	0.7766792402885315	0.7380858088803204	0.0485378616522454
tg	annotated_credset_347.txt	ENSG00000168610	STAT3	0	-0.2696347064761427	0.4790946992257295	0.8089880773843611	0.1540893898933429
tg	annotated_credset_347.txt	ENSG00000177469	PTRF	0	-0.3205396197914171	0.8674740255443054	0.6234700836777016	0.2022319068329594
tg	annotated_credset_347.txt	ENSG00000033627	ATP6V0A1	0	-0.3571183153292966	0.7623982529283303	0.553258711774611	0.3387346557990058
tg	annotated_credset_347.txt	ENSG00000108784	NAGLU	0	-0.3697128087880147	0.7115214082456489	0.3967761896246307	0.3688166691592549
tg	annotated_credset_347.txt	ENSG00000108786	HSD17B1	0	-0.4143947415937244	0.5705247832704652	0.5136261559147614	0.3836441621444056
tg	annotated_credset_347.txt	ENSG00000068120	COASY	0	-0.5327219266675549	0.5170405664747535	0.2828136370015366	0.3988849074424089
tg	annotated_credset_347.txt	ENSG00000108788	MLX	0	-0.526695479597129	0.626576666004897	0.2585303475944147	0.4084751161160079
tg	annotated_credset_347.txt	ENSG00000131470	PSMC3IP	0	-0.4582208126634836	0.4523989146979021	0.3300898098644155	0.4148006315180714
tg	annotated_credset_347.txt	ENSG00000141699	FAM134C	0	-0.4112304375355703	0.6393752895241877	0.4607101313101224	0.4599718643282778
tg	annotated_credset_347.txt	ENSG00000131462	TUBG1	0	-0.4496196494945769	0.2983389583746939	0.4490181913474926	0.466323552376822
tg	annotated_credset_347.txt	ENSG00000037042	TUBG2	0	-0.2853676011262219	0.5870954933492158	0.2558436019422346	0.537639881513502
tg	annotated_credset_347.txt	ENSG00000068137	PLEKHH3	0	-0.4663984649447383	0.6922639137052479	0.3371883369745744	0.5514480187936163
tg	annotated_credset_347.txt	ENSG00000184451	CCR10	0	-0.6729145985542485	0.2051300377208655	0.0	0.5609349143890021
tg	annotated_credset_347.txt	ENSG00000108797	CNTNAP1	0	-0.6365339762564094	0.244546356958507	0.0711900661593988	0.5828331544470605
tg	annotated_credset_347.txt	ENSG00000108799	EZH1	0	-0.4638783299383588	0.431989941102508	0.4160444295886519	0.6451502257175207
tg	annotated_credset_347.txt	ENSG00000131477	RAMP2	0	-0.4033491337719636	0.4706505194891138	0.5329339538565622	0.6699288343961616
tg	annotated_credset_347.txt	ENSG00000131475	VPS25	0	-0.6192138932849967	0.1410164780623387	0.0659816660469265	0.6927376070502052
tg	annotated_credset_347.txt	ENSG00000126562	WNK4	0	-0.4923753019817692	0.592230825226656	0.3490117520194701	0.716619458209956
tg	annotated_credset_347.txt	ENSG00000183978	COA3	0	-0.5883384352894945	0.1131758321752365	0.1629553508215003	0.7190548918403672
tg	annotated_credset_347.txt	ENSG00000176563	CNTD1	0	-0.5773624928071672	0.2181073390245516	0.1849072357861547	0.7368013236619667
tg	annotated_credset_347.txt	ENSG00000126581	BECN1	0	-0.2446928670435432	0.5576732181854278	0.7186498028575313	0.7667786464362931
tg	annotated_credset_347.txt	ENSG00000131467	PSME3	0	-0.4318902833168724	0.7839984117530275	0.3934730288969933	0.7811143691691492
tg	annotated_credset_347.txt	ENSG00000131480	AOC2	0	-0.5742518830152418	0.0	0.1533207523518171	0.790688047750234
tg	annotated_credset_347.txt	ENSG00000131471	AOC3	0	-0.2687209599392567	0.6122295016875124	0.7505588508688998	0.8009132874779165
tg	annotated_credset_347.txt	ENSG00000131482	G6PC	1	-0.5058420889688429	0.347587849910661	0.3254124618740584	0.8770054358434628
tg	annotated_credset_347.txt	ENSG00000108825	PTGES3L-AARSD1	0	-0.5560389103642681	0.142531930381841	0.1909901697530687	0.9695174761063516
tg	annotated_credset_347.txt	ENSG00000266967	AARSD1	0	-0.5661697003619881	0.241131625967838	0.1956277148568107	0.9474360275229284
tg	annotated_credset_347.txt	ENSG00000267060	PTGES3L	0	-0.5631220656173337	0.3138376017470716	0.1768238592469375	0.9695174761063516
tg	annotated_credset_347.txt	ENSG00000198863	RUNDC1	0	-0.4834321584250269	0.4886771226259016	0.1662192137545368	0.987648232578904
tg	annotated_credset_347.txt	ENSG00000131469	RPL27	0	0.1482259969117753	0.1511203758851168	0.1753424568774821	1.0
tg	annotated_credset_347.txt	ENSG00000068079	IFI35	0	-0.1766130821806625	0.5093110978757196	0.2024869610461224	0.9943959544276512
tg	annotated_credset_347.txt	ENSG00000108828	VAT1	0	-0.1482259969117753	0.5026934021573688	0.5584802630536231	0.9835411936767232
tg	annotated_credset_347.txt	ENSG00000108830	RND2	0	-0.4272091880478194	0.5452187148434915	0.2430973940414225	0.9688900216783898
tg	annotated_credset_347.txt	ENSG00000012048	BRCA1	0	-0.1592565518318364	0.5253788630798756	1.0	0.9426429897814128
tg	annotated_credset_347.txt	ENSG00000188554	NBR1	0	-0.3152873004286364	0.5272450532724505	0.4917883191287265	0.7688208019493589
tg	annotated_credset_347.txt	ENSG00000184988	TMEM106A	0	-0.2885027461712751	0.5134405400039705	0.4538086271750044	0.7118525931149207
tg	annotated_credset_347.txt	ENSG00000175906	ARL4D	0	-0.5716807177662727	0.4768446826814903	0.2024677615759515	0.5569201685033585
tg	annotated_credset_347.txt	ENSG00000067596	DHX8	0	-0.5191557092626261	0.4856991595526437	0.3099460718113943	0.4399614989198203
tg	annotated_credset_347.txt	ENSG00000175832	ETV4	0	-0.4646971199160573	0.5314274369664482	0.4188632505045316	0.379380087363341
tg	annotated_credset_347.txt	ENSG00000005102	MEOX1	0	-0.3999796624528563	0.6071735821586923	0.5424563141964976	0.2243498597044037
tg	annotated_credset_347.txt	ENSG00000167941	SOST	0	-0.3172295442707503	0.8268281384421945	0.6300902347190349	0.068219003385569
tg	annotated_credset_347.txt	ENSG00000108861	DUSP3	0	-0.3698755539714243	0.8085368274766727	0.5247982153176867	0.0511516828647573
tg	annotated_credset_347.txt	ENSG00000231256	C17orf105	0	-0.5940298020649393	0.3847792998477929	0.1601978862067678	0.031434037510851
tg	annotated_credset_347.txt	ENSG00000161647	MPP3	0	-0.4018979871014717	1.0	0.4205255782522334	0.0033824705144176
tg	annotated_credset_348.txt	ENSG00000037042	TUBG2	0	-0.5069033298640021	0.4970028347021322	0.2558436019422346	0.0529538086944386
tg	annotated_credset_348.txt	ENSG00000068137	PLEKHH3	0	-0.4610824919460684	0.5860326494941234	0.3371883369745744	0.0673487511137759
tg	annotated_credset_348.txt	ENSG00000184451	CCR10	0	-0.5883399452119505	0.1736518358337721	0.0	0.077238811812297
tg	annotated_credset_348.txt	ENSG00000108797	CNTNAP1	0	-0.59923009775542	0.2070195291929502	0.0711900661593988	0.1000676625345839
tg	annotated_credset_348.txt	ENSG00000108799	EZH1	0	-0.4268029160407934	0.3656989837648877	0.4160444295886519	0.1650330256738894
tg	annotated_credset_348.txt	ENSG00000131477	RAMP2	0	-0.3683581539068384	0.3984269083819789	0.5329339538565622	0.1908646521941446
tg	annotated_credset_348.txt	ENSG00000131475	VPS25	0	-0.5553491121884871	0.1193768137051685	0.0659816660469265	0.214642730464235
tg	annotated_credset_348.txt	ENSG00000126562	WNK4	0	-0.4603192548253844	0.5013501249285721	0.3490117520194701	0.2395394899139606
tg	annotated_credset_348.txt	ENSG00000183978	COA3	0	-0.5533474554243693	0.0958084503254865	0.1629553508215003	0.2420784222959826
tg	annotated_credset_348.txt	ENSG00000176563	CNTD1	0	-0.5423715129420422	0.1846377071405362	0.1849072357861547	0.2605790251679221
tg	annotated_credset_348.txt	ENSG00000126581	BECN1	0	-0.2755002294063539	0.4720955507501316	0.7186498028575313	0.2918302958113397
tg	annotated_credset_348.txt	ENSG00000131467	PSME3	0	-0.3165360894357866	0.6636900426885972	0.3934730288969933	0.3067752445102665
tg	annotated_credset_348.txt	ENSG00000131480	AOC2	0	-0.5581647546592109	0.0	0.1533207523518171	0.316755776215613
tg	annotated_credset_348.txt	ENSG00000131471	AOC3	0	-0.2595457054006697	0.5182799072279302	0.7505588508688998	0.3274155584960141
tg	annotated_credset_348.txt	ENSG00000131482	G6PC	1	-0.4721188998980902	0.2942488039349699	0.3254124618740584	0.4067413989091995
tg	annotated_credset_348.txt	ENSG00000108825	PTGES3L-AARSD1	0	-0.5393300459585851	0.1206597124962185	0.1909901697530687	0.5031849282328498
tg	annotated_credset_348.txt	ENSG00000266967	AARSD1	0	-0.5370112734067142	0.2041288052794926	0.1956277148568107	0.4801650831628202
tg	annotated_credset_348.txt	ENSG00000267060	PTGES3L	0	-0.5464132012116506	0.2656776954880057	0.1768238592469375	0.5031849282328498
tg	annotated_credset_348.txt	ENSG00000198863	RUNDC1	0	-0.5052303383346822	0.4136872415995338	0.1662192137545368	0.5220861884207305
tg	annotated_credset_348.txt	ENSG00000131469	RPL27	0	-0.4616224888412331	0.1279302192692518	0.1753424568774821	0.5353969148058898
tg	annotated_credset_348.txt	ENSG00000068079	IFI35	0	-0.4472485542846841	0.43115483299907	0.2024869610461224	0.5519071555276696
tg	annotated_credset_348.txt	ENSG00000108828	VAT1	0	-0.2692519032809336	0.4255526548722143	0.5584802630536231	0.5672254766357173
tg	annotated_credset_348.txt	ENSG00000108830	RND2	0	-0.4269433377870338	0.4615522515153891	0.2430973940414225	0.5771586187660601
tg	annotated_credset_348.txt	ENSG00000012048	BRCA1	0	-0.0413425768762266	0.4447569214910757	1.0	0.7113472265563764
tg	annotated_credset_348.txt	ENSG00000188554	NBR1	0	-0.0797533937751812	0.446336735722849	0.4917883191287265	0.8351460290390406
tg	annotated_credset_348.txt	ENSG00000184988	TMEM106A	0	-0.091327825895536	0.4346505921502279	0.4538086271750044	0.8471413357059124
tg	annotated_credset_348.txt	ENSG00000175906	ARL4D	0	0.0413425768762266	0.4036705471087158	0.2024677615759515	1.0
tg	annotated_credset_348.txt	ENSG00000067596	DHX8	0	-0.2794833925177707	0.4111662614424488	0.3099460718113943	0.9449782825781228
tg	annotated_credset_348.txt	ENSG00000175832	ETV4	0	-0.1553643779850447	0.4498773122990218	0.4188632505045316	0.8818223395753261
tg	annotated_credset_348.txt	ENSG00000005102	MEOX1	0	-0.358384189923394	0.5139998431390125	0.5424563141964976	0.7202037841441717
tg	annotated_credset_348.txt	ENSG00000167941	SOST	0	-0.270792148027604	0.6999473395256076	0.6300902347190349	0.5574378265788343
tg	annotated_credset_348.txt	ENSG00000108861	DUSP3	0	-0.2250059148579472	0.6844629191829783	0.5247982153176867	0.5396451952364971
tg	annotated_credset_348.txt	ENSG00000231256	C17orf105	0	-0.5547261877317357	0.325733045007899	0.1601978862067678	0.5190896080666654
tg	annotated_credset_348.txt	ENSG00000161647	MPP3	0	-0.3722842998694032	0.8465451367491681	0.4205255782522334	0.4898459321461363
tg	annotated_credset_348.txt	ENSG00000161649	CD300LG	0	-0.3023609577333471	1.0	0.5394649796950608	0.4232865560294301
tg	annotated_credset_348.txt	ENSG00000108852	MPP2	0	-0.4278169494237446	0.8358897939518884	0.3094602791435503	0.3827770856875422
tg	annotated_credset_348.txt	ENSG00000267496	FAM215A	0	-0.5626936521905319	0.3476375614839049	0.1442629572891751	0.3226770522486273
tg	annotated_credset_348.txt	ENSG00000261514	RP11-527L4.2	0	-0.5393300459585851	0.1206597124962185	0.1909901697530687	0.2922974625757343
tg	annotated_credset_348.txt	ENSG00000108849	PPY	0	-0.5894904451396967	0.6025030531870792	0.0803724305873177	0.2887920700731802
tg	annotated_credset_348.txt	ENSG00000131096	PYY	0	-0.2903857558432919	0.8102318181308892	0.584322666304456	0.2716542764945319
tg	annotated_credset_348.txt	ENSG00000161653	NAGS	0	-0.3971639020143301	0.4640060055349519	0.4753224576415787	0.1972555158340148
tg	annotated_credset_348.txt	ENSG00000091947	TMEM101	0	-0.3727569405563565	0.7857951171415446	0.4195802968783266	0.1877172868287037
tg	annotated_credset_348.txt	ENSG00000161654	LSM12	0	-0.3616006472234102	0.6022117399244826	0.4202063295891413	0.1540462757646374
tg	annotated_credset_348.txt	ENSG00000141349	G6PC3	0	-0.4410091890652298	0.623163886118923	0.3404210709711147	0.1022049528059308
tg	annotated_credset_348.txt	ENSG00000108840	HDAC5	0	-0.2823387564169651	0.7926745918813234	0.6004166651571093	0.0935728699166016
tg	annotated_credset_348.txt	ENSG00000125319	C17orf53	0	-0.4641941504124621	0.5394337318349374	0.338055111747109	0.0
tg	annotated_credset_34.txt	ENSG00000157851	DPYSL5	0	-0.4914438030343703	0.5353630263601361	0.463581606576066	0.0
tg	annotated_credset_34.txt	ENSG00000084764	MAPRE3	0	-0.3473139463546328	0.6009620785799639	0.7462471856047913	0.125352142543713
tg	annotated_credset_34.txt	ENSG00000119777	TMEM214	0	-0.3741179544890722	0.7471326585846619	0.6244751783614862	0.1490033978594953
tg	annotated_credset_34.txt	ENSG00000084693	AGBL5	0	-0.4486328230626832	0.7059838836518133	0.4754454412142643	0.196190090908646
tg	annotated_credset_34.txt	ENSG00000228474	OST4	0	-0.314029564461497	0.8864502160080889	0.7382508964049184	0.1980676407305968
tg	annotated_credset_34.txt	ENSG00000138080	EMILIN1	0	-0.6687221795926376	0.4447417605425224	0.1090248534595315	0.2219325876421008
tg	annotated_credset_34.txt	ENSG00000138030	KHK	0	-0.4874567853048902	0.5728759204600002	0.4659615077042767	0.2453717825957167
tg	annotated_credset_34.txt	ENSG00000138028	CGREF1	0	-0.4364898627706581	0.7371952651843984	0.4997313617983144	0.2753130745000677
tg	annotated_credset_34.txt	ENSG00000143994	ABHD1	0	-0.5081233159812732	0.645634389713317	0.3564644553770844	0.2943740385917234
tg	annotated_credset_34.txt	ENSG00000138073	PREB	0	-0.2246667862433162	0.8248751442607212	0.9169764528412796	0.300675493815178
tg	annotated_credset_34.txt	ENSG00000186143	C2orf53	0	-0.6654016963147107	0.7511464259087149	0.0419076947102095	0.308399384698703
tg	annotated_credset_34.txt	ENSG00000163792	TCF23	0	-0.5343905170584208	0.8172867749941275	0.2975289912110705	0.3313997778259898
tg	annotated_credset_34.txt	ENSG00000138074	SLC5A6	0	-0.5178044503977322	0.6239620887931122	0.3760646699502335	0.4283733502111632
tg	annotated_credset_34.txt	ENSG00000138085	ATRAID	0	-0.6747513338232614	0.6239620887931122	0.062170903099175	0.4352571558137979
tg	annotated_credset_34.txt	ENSG00000084774	CAD	0	-0.4194953930585068	0.7487054834393799	0.5325247512577125	0.4789171219167646
tg	annotated_credset_34.txt	ENSG00000115194	SLC30A3	0	-0.6391750696892171	0.6239620887931122	0.131708026284561	0.5309110602528738
tg	annotated_credset_34.txt	ENSG00000163793	DNAJC5G	0	-0.7050290828314976	0.6239620887931122	0.0	0.5401797293131039
tg	annotated_credset_34.txt	ENSG00000138100	TRIM54	0	-0.606707199521882	0.6239620887931122	0.196643766619231	0.582493927733091
tg	annotated_credset_34.txt	ENSG00000163794	UCN	0	-0.5466525239848141	0.4472133424570793	0.3488967105278394	0.5841349486895485
tg	annotated_credset_34.txt	ENSG00000115204	MPV17	0	-0.4711390671272664	0.7913249517428738	0.4191302435056303	0.6122476277786024
tg	annotated_credset_34.txt	ENSG00000115207	GTF3C2	0	-0.5132294359843712	0.6239620887931122	0.3804361944053124	0.6633394939587265
tg	annotated_credset_34.txt	ENSG00000115211	EIF2B4	0	-0.4472625887585331	0.7586428768396434	0.4733017860203798	0.6853366784496103
tg	annotated_credset_34.txt	ENSG00000115234	SNX17	0	-0.4630941117631286	0.6239620887931122	0.4807068428477974	0.696171331722762
tg	annotated_credset_34.txt	ENSG00000163795	ZNF513	0	-0.146829203752375	0.6575327076077743	0.574789755640545	0.7021449090016362
tg	annotated_credset_34.txt	ENSG00000115241	PPM1G	0	-0.4475088924727797	0.7489608121495615	0.4707317183028849	0.749282665044133
tg	annotated_credset_34.txt	ENSG00000115216	NRBP1	0	-0.433632118253626	0.6239620887931122	0.5231823320945861	0.8024152044017206
tg	annotated_credset_34.txt	ENSG00000157992	KRTCAP3	0	-0.5257785947063435	0.7633409251069827	0.274199266121524	0.8093022724714657
tg	annotated_credset_34.txt	ENSG00000138002	IFT172	0	-0.5833795827578736	0.7751371115173675	0.186926119211579	0.8799477352768937
tg	annotated_credset_34.txt	ENSG00000115226	FNDC4	0	-0.4522074235528548	0.7774248567605936	0.4492704376216165	0.8888477455536652
tg	annotated_credset_34.txt	ENSG00000084734	GCKR	1	-0.4232617533598255	0.6239620887931122	0.5286888299333342	0.9352432903285792
tg	annotated_credset_34.txt	ENSG00000233438	AC109829.1	0	0.146829203752375	0.0	0.2058644861468714	1.0
tg	annotated_credset_34.txt	ENSG00000221843	C2orf16	0	-0.4892978855996069	0.8026104807328955	0.0811601750729121	0.9785704847863004
tg	annotated_credset_34.txt	ENSG00000243943	ZNF512	0	-0.5055734281495081	0.7690807145118627	0.2422457457806049	0.9679544168095356
tg	annotated_credset_34.txt	ENSG00000176714	CCDC121	0	-0.5491163982352041	0.8059195408168477	0.2554524882569179	0.898449186259141
tg	annotated_credset_34.txt	ENSG00000198522	GPN1	0	-0.6100821301432212	0.6239620887931122	0.1792010705224266	0.8941949291473705
tg	annotated_credset_34.txt	ENSG00000119760	SUPT7L	0	-0.4848499675522891	0.7924586112160796	0.3839853496227478	0.857386143975936
tg	annotated_credset_34.txt	ENSG00000163798	SLC4A1AP	0	-0.5275343603219247	0.7567228049390786	0.305062091160198	0.8367363584015869
tg	annotated_credset_34.txt	ENSG00000205334	AC074091.13	0	-0.6149584492169852	0.0	0.2058644861468714	0.7677107105163996
tg	annotated_credset_34.txt	ENSG00000243147	MRPL33	0	-0.5008651741275271	0.6774789864471521	0.3660966152823917	0.6601618509933397
tg	annotated_credset_34.txt	ENSG00000268656	AC110084.1	0	-0.6161725958310599	0.0	0.2058644861468714	0.653201377413614
tg	annotated_credset_34.txt	ENSG00000171174	RBKS	0	-0.452861503364842	0.6366366059665214	0.4735659299980695	0.6444253408870322
tg	annotated_credset_34.txt	ENSG00000158019	BRE	0	-0.1654294853774265	1.0	1.0	0.467310895172038
tg	annotated_credset_35.txt	ENSG00000157851	DPYSL5	0	-0.6453195839405963	0.5353630263601361	0.463581606576066	0.0
tg	annotated_credset_35.txt	ENSG00000084764	MAPRE3	0	-0.5008468217394659	0.6009620785799639	0.7462471856047913	0.1246083353635444
tg	annotated_credset_35.txt	ENSG00000119777	TMEM214	0	-0.523473199926243	0.7471326585846619	0.6244751783614862	0.1481192502498224
tg	annotated_credset_35.txt	ENSG00000084693	AGBL5	0	-0.597988068499854	0.7059838836518133	0.4754454412142643	0.1950259496715317
tg	annotated_credset_35.txt	ENSG00000228474	OST4	0	-0.4629926113360456	0.8864502160080889	0.7382508964049184	0.1968923585986374
tg	annotated_credset_35.txt	ENSG00000138080	EMILIN1	0	-0.8225979604988635	0.4447417605425224	0.1090248534595315	0.2206156970899987
tg	annotated_credset_35.txt	ENSG00000138030	KHK	0	-0.6409896606897232	0.5728759204600002	0.4659615077042767	0.2439158099254307
tg	annotated_credset_35.txt	ENSG00000138028	CGREF1	0	-0.5858451082078289	0.7371952651843984	0.4997313617983144	0.2736794379506485
tg	annotated_credset_35.txt	ENSG00000143994	ABHD1	0	-0.576771488206774	0.645634389713317	0.3564644553770844	0.2926272992132292
tg	annotated_credset_35.txt	ENSG00000138073	PREB	0	-0.2799803265489562	0.8248751442607212	0.9169764528412796	0.2988913632318299
tg	annotated_credset_35.txt	ENSG00000186143	C2orf53	0	-0.8147569417518814	0.7511464259087149	0.0419076947102095	0.3065694225453361
tg	annotated_credset_35.txt	ENSG00000163792	TCF23	0	-0.6833535639329695	0.8172867749941275	0.2975289912110705	0.3294333372909406
tg	annotated_credset_35.txt	ENSG00000138074	SLC5A6	0	-0.6695476367185393	0.6239620887931122	0.3760646699502335	0.4258314935885786
tg	annotated_credset_35.txt	ENSG00000138085	ATRAID	0	-0.8264945201440685	0.6239620887931122	0.062170903099175	0.4326744524698871
tg	annotated_credset_35.txt	ENSG00000084774	CAD	0	-0.5687774439918933	0.7487054834393799	0.5325247512577125	0.4760753516306037
tg	annotated_credset_35.txt	ENSG00000115194	SLC30A3	0	-0.790819073881118	0.6239620887931122	0.131708026284561	0.5277607713895681
tg	annotated_credset_35.txt	ENSG00000163793	DNAJC5G	0	-0.8566730870233985	0.6239620887931122	0.0	0.5369744425657755
tg	annotated_credset_35.txt	ENSG00000138100	TRIM54	0	-0.758351203713783	0.6239620887931122	0.196643766619231	0.5790375594807388
tg	annotated_credset_35.txt	ENSG00000163794	UCN	0	-0.6968235185903808	0.4472133424570793	0.3488967105278394	0.5806688430434394
tg	annotated_credset_35.txt	ENSG00000115204	MPV17	0	-0.5329594080844566	0.7913249517428738	0.4191302435056303	0.6086147087686696
tg	annotated_credset_35.txt	ENSG00000115207	GTF3C2	0	-0.2871363352835414	0.6239620887931122	0.3804361944053124	0.6594034090344199
tg	annotated_credset_35.txt	ENSG00000115211	EIF2B4	0	-0.3669904037567084	0.7586428768396434	0.4733017860203798	0.681270067924099
tg	annotated_credset_35.txt	ENSG00000115234	SNX17	0	-0.2613889667278872	0.6239620887931122	0.4807068428477974	0.6920404311680923
tg	annotated_credset_35.txt	ENSG00000163795	ZNF513	0	-0.2668261814054271	0.6575327076077743	0.574789755640545	0.6979785627850004
tg	annotated_credset_35.txt	ENSG00000115241	PPM1G	0	-0.2883894779902116	0.7489608121495615	0.4707317183028849	0.7448366155795914
tg	annotated_credset_35.txt	ENSG00000115216	NRBP1	0	-0.0578156069464119	0.6239620887931122	0.5231823320945861	0.797653880196175
tg	annotated_credset_35.txt	ENSG00000157992	KRTCAP3	0	-0.2926023164389852	0.7633409251069827	0.274199266121524	0.8045000821859581
tg	annotated_credset_35.txt	ENSG00000138002	IFT172	0	-0.487683801850745	0.7751371115173675	0.186926119211579	0.8747263530939468
tg	annotated_credset_35.txt	ENSG00000115226	FNDC4	0	-0.3431017896641588	0.7774248567605936	0.4492704376216165	0.8835735530125296
tg	annotated_credset_35.txt	ENSG00000084734	GCKR	1	0.0578156069464119	0.6239620887931122	0.5286888299333342	0.9296937986291596
tg	annotated_credset_35.txt	ENSG00000233438	AC109829.1	0	-0.0970014302117121	0.0	0.2058644861468714	1.0
tg	annotated_credset_35.txt	ENSG00000221843	C2orf16	0	-0.5980783419895364	0.8026104807328955	0.0811601750729121	0.9846313832443148
tg	annotated_credset_35.txt	ENSG00000243943	ZNF512	0	-0.6417534244869474	0.7690807145118627	0.2422457457806049	0.9740783082681164
tg	annotated_credset_35.txt	ENSG00000176714	CCDC121	0	-0.3520585081438103	0.8059195408168477	0.2554524882569179	0.9049855037719844
tg	annotated_credset_35.txt	ENSG00000198522	GPN1	0	-0.5225331120839931	0.6239620887931122	0.1792010705224266	0.9007564903211662
tg	annotated_credset_35.txt	ENSG00000119760	SUPT7L	0	-0.6339155344158516	0.7924586112160796	0.3839853496227478	0.8641661189570127
tg	annotated_credset_35.txt	ENSG00000163798	SLC4A1AP	0	-0.6769918277248852	0.7567228049390786	0.305062091160198	0.8436388638673242
tg	annotated_credset_35.txt	ENSG00000205334	AC074091.13	0	-0.7692578999382745	0.0	0.2058644861468714	0.7750227963169516
tg	annotated_credset_35.txt	ENSG00000243147	MRPL33	0	-0.471858348050568	0.6774789864471521	0.3660966152823917	0.6681121038990474
tg	annotated_credset_35.txt	ENSG00000268656	AC110084.1	0	-0.7695420948845636	0.0	0.2058644861468714	0.6611929319685868
tg	annotated_credset_35.txt	ENSG00000171174	RBKS	0	-0.3278684302251999	0.6366366059665214	0.4735659299980695	0.652468970172037
tg	annotated_credset_35.txt	ENSG00000158019	BRE	0	-0.0832181228624793	1.0	1.0	0.4764054757512215
tg	annotated_credset_366.txt	ENSG00000141905	NFIC	0	-0.8241438856319421	0.1962057830617936	0.457653914509594	0.064008577161795
tg	annotated_credset_366.txt	ENSG00000095932	C19orf77	0	-0.872643874926321	0.4498605606927932	0.360653935920836	0.0794353843333393
tg	annotated_credset_366.txt	ENSG00000129932	DOHH	0	-0.8093049958645023	0.5452810802876853	0.4793708976882723	0.1072213457183426
tg	annotated_credset_366.txt	ENSG00000105325	FZR1	0	-0.7629337540099843	0.4047541464846617	0.5800741777535093	0.1581536477178166
tg	annotated_credset_366.txt	ENSG00000161091	MFSD12	0	-0.7904581398248676	0.5039923675326582	0.5250254061237428	0.207138017332716
tg	annotated_credset_366.txt	ENSG00000183397	C19orf71	0	-0.9151106440265544	0.360259797446059	0.275720397720369	0.1659181334465409
tg	annotated_credset_366.txt	ENSG00000064961	HMG20B	0	-0.8265275062535189	0.4178952003522678	0.4528866732664403	0.2136738072496316
tg	annotated_credset_366.txt	ENSG00000179855	GIPC3	0	-0.8853362754096481	0.3589402612652282	0.335269134954182	0.2333615462386233
tg	annotated_credset_366.txt	ENSG00000006638	TBXA2R	0	-0.827121469601392	0.4796271833259944	0.451698746570694	0.251477317415168
tg	annotated_credset_366.txt	ENSG00000105298	CACTIN	0	-0.8633573809752325	0.2881969763687069	0.3792269238230131	0.2786870722276712
tg	annotated_credset_366.txt	ENSG00000186111	PIP5K1C	0	-0.9049528186232756	0.5083516806105974	0.2064396578027445	0.3790314716523636
tg	annotated_credset_366.txt	ENSG00000105289	TJP3	0	-1.052970842886739	0.0224717451930133	0.0	0.4475959672084355
tg	annotated_credset_366.txt	ENSG00000011132	APBA3	0	-0.8572866505612283	0.1813914575077058	0.1686744645155233	0.4624247727598202
tg	annotated_credset_366.txt	ENSG00000183617	MRPL54	0	-0.8398734494016424	0.1843123440481432	0.4261947869701932	0.4717911944915234
tg	annotated_credset_366.txt	ENSG00000173976	RAX2	0	-0.9605113069898772	0.0	0.1849190717937234	0.4767768116436517
tg	annotated_credset_366.txt	ENSG00000007264	MATK	0	-0.9071776671493346	0.238831645383825	0.291586351474809	0.517498133814614
tg	annotated_credset_366.txt	ENSG00000105278	ZFR2	0	-0.7751868066948417	0.3720328783208572	0.308564517085943	0.6086327634126566
tg	annotated_credset_366.txt	ENSG00000167654	ATCAY	0	-0.6736416986506955	0.6775135769851754	0.328444837086589	0.6890660246098468
tg	annotated_credset_366.txt	ENSG00000077009	NMRK2	0	-0.7026265033606904	0.814061353295171	0.2738836596734351	0.7085957495033065
tg	annotated_credset_366.txt	ENSG00000167657	DAPK3	0	-0.5258346329459942	0.8318215176867754	0.6274674005028278	0.7477001515760239
tg	annotated_credset_366.txt	ENSG00000167658	EEF2	0	-0.408156832423955	0.3924834874504623	0.488574735326813	0.7672421361837921
tg	annotated_credset_366.txt	ENSG00000105229	PIAS4	0	-0.603802798573057	0.487567884925877	0.5688096642194053	0.8406873602251305
tg	annotated_credset_366.txt	ENSG00000205147	AC016586.1	0	-0.9126367631238688	0.2889769558197563	0.2671899996212606	0.8458228183299183
tg	annotated_credset_366.txt	ENSG00000178951	ZBTB7A	0	-0.5413901580127058	0.5012622926757669	0.3763320030641063	0.8782279676282732
tg	annotated_credset_366.txt	ENSG00000126934	MAP2K2	0	-0.2040801806934407	0.6858065463085278	1.0	0.9561221057731228
tg	annotated_credset_366.txt	ENSG00000060566	CREB3L3	1	0.02103109950416	1.0	0.6531942572488393	1.0
tg	annotated_credset_366.txt	ENSG00000077463	SIRT6	0	-0.02103109950416	0.6524438573315721	0.4942333666937466	0.9757956141002736
tg	annotated_credset_366.txt	ENSG00000089847	ANKRD24	0	-0.5557316366775329	0.5252164978717159	0.4213780839729777	0.9632021631244744
tg	annotated_credset_366.txt	ENSG00000105246	EBI3	0	-0.7691584599233532	0.4449875238514604	0.2722115102352433	0.9003452456742541
tg	annotated_credset_366.txt	ENSG00000105248	CCDC94	0	-0.7600133688651449	0.5441068545427858	0.2741855168908445	0.8763965748678152
tg	annotated_credset_366.txt	ENSG00000105251	SHD	0	-0.914452179919773	0.1661705562894466	0.2635591660294521	0.833457606597491
tg	annotated_credset_366.txt	ENSG00000167664	TMIGD2	0	-0.8531021059492533	0.5660942316160281	0.1281436647471638	0.8148895881820102
tg	annotated_credset_366.txt	ENSG00000105255	FSD1	0	-0.772318527391199	0.4983560839571408	0.3166130206547765	0.7980420163411571
tg	annotated_credset_366.txt	ENSG00000178078	STAP2	0	-0.6987608394193381	0.7173932188463232	0.2862431690136592	0.7715569468633349
tg	annotated_credset_366.txt	ENSG00000008382	MPND	0	-0.7177976973455056	0.560648759724057	0.4114859414273155	0.7450160275758849
tg	annotated_credset_366.txt	ENSG00000141985	SH3GL1	0	-0.7231665108215941	0.7262586232203142	0.5802575965872601	0.722072653342744
tg	annotated_credset_366.txt	ENSG00000167670	CHAF1A	0	-0.8168096425116977	0.5676500807280199	0.457132753075522	0.664462893616567
tg	annotated_credset_366.txt	ENSG00000167671	UBXN6	0	-0.8506416996007572	0.5154410685454279	0.3139362025265536	0.6067918353188475
tg	annotated_credset_366.txt	ENSG00000167674	HDGFRP2	0	-0.8083127461883324	0.6760311169822399	0.3487441223213738	0.5696203815354389
tg	annotated_credset_366.txt	ENSG00000167676	PLIN4	0	-0.8156026951685096	0.6486863349478937	0.4001587254749109	0.5288636424120299
tg	annotated_credset_366.txt	ENSG00000214456	PLIN5	0	-0.9353942674708942	0.2756754733597534	0.2351531508316898	0.5011580502652714
tg	annotated_credset_366.txt	ENSG00000267385	CTB-50L17.14	0	-0.9193758430761088	0.2889769558197563	0.2671899996212606	0.4931265752027172
tg	annotated_credset_366.txt	ENSG00000171236	LRG1	0	-0.8653442098731032	0.3632775576104506	0.3752532660272715	0.4822535708015457
tg	annotated_credset_366.txt	ENSG00000167680	SEMA6B	0	-0.9100233221201542	0.3192749156025246	0.2858950415331696	0.4738365958335128
tg	annotated_credset_366.txt	ENSG00000185361	TNFAIP8L1	0	-0.9251212130918104	0.1760501981505944	0.2556992595898572	0.3417994727308378
tg	annotated_credset_366.txt	ENSG00000074842	C19orf10	0	-0.8800758278043911	0.1909379128137384	0.3457900301646958	0.3392712472023269
tg	annotated_credset_366.txt	ENSG00000142002	DPP9	0	-0.8821844411838252	0.1443666519888448	0.3415728034058276	0.2931610994975342
tg	annotated_credset_366.txt	ENSG00000141965	FEM1A	0	-0.8665172335411989	0.5641567591369442	0.364946422334879	0.1344768062500689
tg	annotated_credset_366.txt	ENSG00000127666	TICAM1	0	-0.8963933025463094	0.6495082929693234	0.2385775107193113	0.1014900016172991
tg	annotated_credset_366.txt	ENSG00000105355	PLIN3	0	-0.9310731649963548	0.4816380449141347	0.2437953557807684	0.0709646751795827
tg	annotated_credset_366.txt	ENSG00000205784	ARRDC5	0	-0.9386734094845196	0.6073682665492441	0.2181428347152056	0.0
tg	annotated_credset_368.txt	ENSG00000125726	CD70	0	-0.7994423416817631	0.1237503167191515	0.0021408863237157	0.0783373458397675
tg	annotated_credset_368.txt	ENSG00000125735	TNFSF14	0	-0.7968412927349235	0.0	0.0073429842173946	0.1708454510944278
tg	annotated_credset_368.txt	ENSG00000125730	C3	0	-0.7247290942841975	0.1589080428566257	0.1515673811188466	0.2542940651358357
tg	annotated_credset_368.txt	ENSG00000125734	GPR108	0	-0.7553313999194419	0.2525247040938213	0.0903627698483579	0.2640910053343476
tg	annotated_credset_368.txt	ENSG00000125733	TRIP10	0	-0.7723585879731812	0.1379348101494914	0.0563083937408793	0.2834636510357935
tg	annotated_credset_368.txt	ENSG00000125731	SH2D3A	0	-0.7631504214347957	0.2841694718934375	0.0747247268176503	0.305812529528692
tg	annotated_credset_368.txt	ENSG00000141968	VAV1	0	-0.7533608925197972	0.2551037028993376	0.0943037846476474	0.4307308219789122
tg	annotated_credset_368.txt	ENSG00000174837	EMR1	0	-0.7439079885118395	0.1246887103196148	0.1081269853942756	0.5463475173226062
tg	annotated_credset_368.txt	ENSG00000204752	AC025278.1	0	-0.750839725225575	0.1602779889238788	0.0929187119713825	0.6477370129035129
tg	annotated_credset_368.txt	ENSG00000237247	MBD3L5	0	-0.7720146572504039	0.1602779889238788	0.0430535366805746	0.6751255899334104
tg	annotated_credset_368.txt	ENSG00000205718	MBD3L4	0	-0.7695468204099106	0.0569189560936764	0.0479892103615611	0.6850992396057486
tg	annotated_credset_368.txt	ENSG00000230522	MBD3L2	0	-0.7732882996842811	0.1895799399138524	0.04050625181282	0.7011784103107627
tg	annotated_credset_368.txt	ENSG00000182315	MBD3L3	0	-0.7749985083572339	0.135098816375285	0.0370858344669146	0.7107861183168306
tg	annotated_credset_368.txt	ENSG00000130544	ZNF557	0	-0.760378552107212	0.1843323560285228	0.0663257469669585	0.7515934840520894
tg	annotated_credset_368.txt	ENSG00000171105	INSR	1	0.5485756455610422	1.0	1.0	1.0
tg	annotated_credset_368.txt	ENSG00000263264	CTB-133G6.1	0	-0.7422419340306592	0.1602779889238788	0.0929187119713825	0.7949880944809496
tg	annotated_credset_368.txt	ENSG00000268861	CTD-2207O23.3	0	-0.747082069605	0.1602779889238788	0.0929187119713825	0.7504600899030803
tg	annotated_credset_368.txt	ENSG00000104880	ARHGEF18	0	-0.716544310725092	0.3066112860607377	0.1539942297311985	0.7307729848230143
tg	annotated_credset_368.txt	ENSG00000104883	PEX11G	0	-0.6857597376854637	0.4007673652586238	0.2230786870516049	0.6170082604215473
tg	annotated_credset_368.txt	ENSG00000198723	C19orf45	0	-0.7586890884704347	0.2772559452709306	0.0772199854816627	0.5946051168146391
tg	annotated_credset_368.txt	ENSG00000267952	CTD-2207O23.12	0	-0.7523526699239087	0.1602779889238788	0.0929187119713825	0.5750195848966938
tg	annotated_credset_368.txt	ENSG00000198816	ZNF358	0	-0.5485756455610422	0.2345821117023201	0.1725994115073573	0.56355434029568
tg	annotated_credset_368.txt	ENSG00000090674	MCOLN1	0	-0.7018654169914296	0.3668603178050457	0.1952294347629153	0.5533497160355059
tg	annotated_credset_368.txt	ENSG00000268614	CTD-2207O23.10	0	-0.753020778387196	0.1602779889238788	0.0929187119713825	0.5380873048669962
tg	annotated_credset_368.txt	ENSG00000032444	PNPLA6	0	-0.6457110654798754	0.3881257465522858	0.3075381377860235	0.5375182168764846
tg	annotated_credset_368.txt	ENSG00000076826	CAMSAP3	0	-0.7109096635135035	0.2497475295906178	0.1792062426602347	0.4513925238772673
tg	annotated_credset_368.txt	ENSG00000076924	XAB2	0	-0.7560220711650107	0.2324781916241358	0.0889814273572203	0.4185231703323949
tg	annotated_credset_368.txt	ENSG00000229833	PET100	0	-0.7263412281927946	0.2720074564737394	0.1483431133016525	0.4043140589409443
tg	annotated_credset_368.txt	ENSG00000268400	CTD-3214H19.4	0	-0.7540534288579297	0.1602779889238788	0.0929187119713825	0.40423196556334
tg	annotated_credset_368.txt	ENSG00000174788	PCP2	0	-0.7545454431426428	0.2744235711441706	0.0919346834019562	0.4017065506421216
tg	annotated_credset_368.txt	ENSG00000076944	STXBP2	0	-0.7065307220655017	0.2407689940999746	0.1879641255562385	0.3943738031849197
tg	annotated_credset_368.txt	ENSG00000104918	RETN	0	-0.7771325788509119	0.2828935461686031	0.0467604119854179	0.3496217810851132
tg	annotated_credset_368.txt	ENSG00000183019	C19orf59	0	-0.7608309769058053	0.1606052593477395	0.0793636158756311	0.3390693035300054
tg	annotated_credset_368.txt	ENSG00000269711	CTD-3214H19.16	0	-0.7540534288579297	0.1602779889238788	0.0929187119713825	0.3364631866443623
tg	annotated_credset_368.txt	ENSG00000181029	TRAPPC5	0	-0.7341364987899583	0.1379547182104463	0.1327525721073251	0.3332044969774237
tg	annotated_credset_368.txt	ENSG00000104921	FCER2	0	-0.8005127848436209	0.2065153654034097	0.0	0.3221914616598237
tg	annotated_credset_368.txt	ENSG00000182566	CLEC4G	0	-0.75921830691249	0.2529409635501502	0.0825889558622617	0.2662580432476692
tg	annotated_credset_368.txt	ENSG00000090659	CD209	0	-0.7144453090763009	0.2220264596228327	0.1721349515346399	0.2509024073961173
tg	annotated_credset_368.txt	ENSG00000104938	CLEC4M	0	-0.7714807413347786	0.2203532775907626	0.0580640870176845	0.218682843806181
tg	annotated_credset_368.txt	ENSG00000142459	EVI5L	0	-0.7255208062777394	0.5964364570890794	0.1427386549314457	0.1253412820568596
tg	annotated_credset_368.txt	ENSG00000183248	CTD-3193O13.9	0	-0.7540534288579297	0.1602779889238788	0.0929187119713825	0.0717913544215906
tg	annotated_credset_368.txt	ENSG00000171017	LRRC8E	0	-0.7488046908674665	0.5227766315560864	0.1034161879523087	0.0442622446605399
tg	annotated_credset_368.txt	ENSG00000214248	AC010336.1	0	-0.7540534288579297	0.1602779889238788	0.0929187119713825	0.0299320803224524
tg	annotated_credset_368.txt	ENSG00000076984	MAP2K7	0	-0.642459567795324	0.6450030767003294	0.2494219496147824	0.0229207493097694
tg	annotated_credset_368.txt	ENSG00000260001	TGFBR3L	0	-0.7385641063560342	0.3577931009519672	0.1238973569751732	0.0058035843726733
tg	annotated_credset_368.txt	ENSG00000104976	SNAPC2	0	-0.7536974707686074	0.0653889311181091	0.0913742347174097	0.0
tg	annotated_credset_369.txt	ENSG00000088247	KHSRP	0	-0.7910356310118849	0.3251257827487602	0.1831996794087623	0.0
tg	annotated_credset_369.txt	ENSG00000181240	SLC25A41	0	-0.8429161789600874	0.3246461794621204	0.0794385835123572	0.0126307620907274
tg	annotated_credset_369.txt	ENSG00000125648	SLC25A23	0	-0.8056130084571653	0.3999529445831976	0.1540449245182011	0.0568053940260664
tg	annotated_credset_369.txt	ENSG00000130545	CRB3	0	-0.8130200920907358	0.3142849386469757	0.1392307572510607	0.0596422196130545
tg	annotated_credset_369.txt	ENSG00000205744	DENND1C	0	-0.8598183914310715	0.2039816121909726	0.045634158570389	0.0812009694654081
tg	annotated_credset_369.txt	ENSG00000104833	TUBB4A	0	-0.82110391265489	0.2261781952437832	0.1230631161227519	0.1097252648001828
tg	annotated_credset_369.txt	ENSG00000125657	TNFSF9	0	-0.8577953364671735	0.1421924204582473	0.0496802684981852	0.1562165907728639
tg	annotated_credset_369.txt	ENSG00000125726	CD70	0	-0.8815650275544082	0.1237503167191515	0.0021408863237157	0.2520655892850589
tg	annotated_credset_369.txt	ENSG00000125735	TNFSF14	0	-0.8789639786075687	0.0	0.0073429842173946	0.3455276057126624
tg	annotated_credset_369.txt	ENSG00000125730	C3	0	-0.8068517801568427	0.1589080428566257	0.1515673811188466	0.4298367126274415
tg	annotated_credset_369.txt	ENSG00000125734	GPR108	0	-0.7631865791926606	0.2525247040938213	0.0903627698483579	0.4397346754411101
tg	annotated_credset_369.txt	ENSG00000125733	TRIP10	0	-0.8544812738458263	0.1379348101494914	0.0563083937408793	0.459307085078194
tg	annotated_credset_369.txt	ENSG00000125731	SH2D3A	0	-0.8452731073074409	0.2841694718934375	0.0747247268176503	0.4818864173766096
tg	annotated_credset_369.txt	ENSG00000141968	VAV1	0	-0.8338227545704209	0.2551037028993376	0.0943037846476474	0.6080928234958453
tg	annotated_credset_369.txt	ENSG00000174837	EMR1	0	-0.8217459348901608	0.1246887103196148	0.1081269853942756	0.7249017176978285
tg	annotated_credset_369.txt	ENSG00000204752	AC025278.1	0	-0.8308008486554406	0.1602779889238788	0.0929187119713825	0.8273367062372977
tg	annotated_credset_369.txt	ENSG00000237247	MBD3L5	0	-0.8557334363008444	0.1602779889238788	0.0430535366805746	0.855007704678464
tg	annotated_credset_369.txt	ENSG00000205718	MBD3L4	0	-0.8532655994603511	0.0569189560936764	0.0479892103615611	0.8650841991321463
tg	annotated_credset_369.txt	ENSG00000230522	MBD3L2	0	-0.8550344034112354	0.1895799399138524	0.04050625181282	0.8813291726124408
tg	annotated_credset_369.txt	ENSG00000182315	MBD3L3	0	-0.8567446120841882	0.135098816375285	0.0370858344669146	0.8910359519375909
tg	annotated_credset_369.txt	ENSG00000130544	ZNF557	0	-0.803775504222838	0.1843323560285228	0.0663257469669585	0.9322641089322324
tg	annotated_credset_369.txt	ENSG00000171105	INSR	1	0.5469144617635924	1.0	1.0	1.0
tg	annotated_credset_369.txt	ENSG00000263264	CTB-133G6.1	0	-0.8345152909085534	0.1602779889238788	0.0929187119713825	0.6096419776850991
tg	annotated_credset_369.txt	ENSG00000268861	CTD-2207O23.3	0	-0.8333622986600182	0.1602779889238788	0.0929187119713825	0.5646548159235564
tg	annotated_credset_369.txt	ENSG00000104880	ARHGEF18	0	-0.7165903278584183	0.3066112860607377	0.1539942297311985	0.5447647043129049
tg	annotated_credset_369.txt	ENSG00000104883	PEX11G	0	-0.7710961271904635	0.4007673652586238	0.2230786870516049	0.4298268779287023
tg	annotated_credset_369.txt	ENSG00000198723	C19orf45	0	-0.801133856385774	0.2772559452709306	0.0772199854816627	0.407192720953432
tg	annotated_credset_369.txt	ENSG00000267952	CTD-2207O23.12	0	-0.8361761147305748	0.1602779889238788	0.0929187119713825	0.3874052298917648
tg	annotated_credset_369.txt	ENSG00000198816	ZNF358	0	-0.7519874654592611	0.2345821117023201	0.1725994115073573	0.3758217597050542
tg	annotated_credset_369.txt	ENSG00000090674	MCOLN1	0	-0.7850207533348084	0.3668603178050457	0.1952294347629153	0.3655119089345038
tg	annotated_credset_369.txt	ENSG00000268614	CTD-2207O23.10	0	-0.8361761147305748	0.1602779889238788	0.0929187119713825	0.3500921171289178
tg	annotated_credset_369.txt	ENSG00000032444	PNPLA6	0	-0.5469144617635924	0.3881257465522858	0.3075381377860235	0.3495171609024173
tg	annotated_credset_369.txt	ENSG00000076826	CAMSAP3	0	-0.6281758559130957	0.2497475295906178	0.1792062426602347	0.2625033699294791
tg	annotated_credset_369.txt	ENSG00000076924	XAB2	0	-0.752897180800931	0.2324781916241358	0.0889814273572203	0.2292950791260004
tg	annotated_credset_369.txt	ENSG00000229833	PET100	0	-0.7232163378287149	0.2720074564737394	0.1483431133016525	0.2149394483557713
tg	annotated_credset_369.txt	ENSG00000268400	CTD-3214H19.4	0	-0.8361761147305748	0.1602779889238788	0.0929187119713825	0.2148565084600169
tg	annotated_credset_369.txt	ENSG00000174788	PCP2	0	-0.836668129015288	0.2744235711441706	0.0919346834019562	0.2123050523448616
tg	annotated_credset_369.txt	ENSG00000076944	STXBP2	0	-0.7886534079381469	0.2407689940999746	0.1879641255562385	0.2048966921647688
tg	annotated_credset_369.txt	ENSG00000104918	RETN	0	-0.859255264723557	0.2828935461686031	0.0467604119854179	0.1596832028910829
tg	annotated_credset_369.txt	ENSG00000183019	C19orf59	0	-0.8429536627784504	0.1606052593477395	0.0793636158756311	0.1490219118842852
tg	annotated_credset_369.txt	ENSG00000269711	CTD-3214H19.16	0	-0.8361761147305748	0.1602779889238788	0.0929187119713825	0.1463889216343205
tg	annotated_credset_369.txt	ENSG00000181029	TRAPPC5	0	-0.8162591846626035	0.1379547182104463	0.1327525721073251	0.1430966295011559
tg	annotated_credset_369.txt	ENSG00000104921	FCER2	0	-0.882635470716266	0.2065153654034097	0.0	0.1319700316215668
tg	annotated_credset_369.txt	ENSG00000182566	CLEC4G	0	-0.8413409927851352	0.2529409635501502	0.0825889558622617	0.0754598473939481
tg	annotated_credset_369.txt	ENSG00000090659	CD209	0	-0.7965679949489459	0.2220264596228327	0.1721349515346399	0.0599458696050479
tg	annotated_credset_369.txt	ENSG00000104938	CLEC4M	0	-0.8526147053598896	0.2203532775907626	0.0580640870176845	0.0273940691628792
tg	annotated_credset_370.txt	ENSG00000171105	INSR	1	-0.0268748689268278	1.0	1.0	0.0
tg	annotated_credset_370.txt	ENSG00000263264	CTB-133G6.1	0	-0.5511786240556387	0.1015278557735132	0.0929187119713825	0.2258222294875229
tg	annotated_credset_370.txt	ENSG00000268861	CTD-2207O23.3	0	-0.5511786240556387	0.1015278557735132	0.0929187119713825	0.3530051873110172
tg	annotated_credset_370.txt	ENSG00000104880	ARHGEF18	0	-0.5206408651757306	0.2580991847562983	0.1539942297311985	0.3562733471298296
tg	annotated_credset_370.txt	ENSG00000104883	PEX11G	0	-0.4860986365155273	0.3588427799616583	0.2230786870516049	0.3928380814467568
tg	annotated_credset_370.txt	ENSG00000198723	C19orf45	0	-0.494005757152183	0.2266900331132239	0.0772199854816627	0.4089460680806074
tg	annotated_credset_370.txt	ENSG00000267952	CTD-2207O23.12	0	-0.5511786240556387	0.1015278557735132	0.0929187119713825	0.4253044379263831
tg	annotated_credset_370.txt	ENSG00000198816	ZNF358	0	-0.5113382742876511	0.1810305764799287	0.1725994115073573	0.4273602158769263
tg	annotated_credset_370.txt	ENSG00000090674	MCOLN1	0	-0.5000232626598722	0.322563467012645	0.1952294347629153	0.4463703050022133
tg	annotated_credset_370.txt	ENSG00000268614	CTD-2207O23.10	0	-0.5511786240556387	0.1015278557735132	0.0929187119713825	0.455228892324711
tg	annotated_credset_370.txt	ENSG00000032444	PNPLA6	0	-0.443868911148318	0.3453167057183245	0.3075381377860235	0.4870099894874895
tg	annotated_credset_370.txt	ENSG00000076826	CAMSAP3	0	-0.5051229333953555	0.197257024457311	0.1792062426602347	0.5697975146468306
tg	annotated_credset_370.txt	ENSG00000076924	XAB2	0	-0.5502353410468628	0.1787794581824519	0.0889814273572203	0.5862862009011521
tg	annotated_credset_370.txt	ENSG00000229833	PET100	0	-0.5205544980746466	0.2210743401560775	0.1483431133016525	0.5897871731801756
tg	annotated_credset_370.txt	ENSG00000268400	CTD-3214H19.4	0	-0.5482666987397817	0.1015278557735132	0.0929187119713825	0.606028404681191
tg	annotated_credset_370.txt	ENSG00000174788	PCP2	0	-0.5487587130244949	0.2236594953622122	0.0919346834019562	0.5924110721028063
tg	annotated_credset_370.txt	ENSG00000076944	STXBP2	0	-0.5007439919473535	0.187650316608896	0.1879641255562385	0.6130933110995466
tg	annotated_credset_370.txt	ENSG00000104918	RETN	0	-0.5686216780479494	0.2327220619275381	0.0467604119854179	0.6461482877615934
tg	annotated_credset_370.txt	ENSG00000183019	C19orf59	0	-0.5523200761028428	0.101878023276079	0.0793636158756311	0.6598798302261194
tg	annotated_credset_370.txt	ENSG00000269711	CTD-3214H19.16	0	-0.5225260752656606	0.1015278557735132	0.0929187119713825	0.6643135165752967
tg	annotated_credset_370.txt	ENSG00000181029	TRAPPC5	0	-0.5256255979869959	0.0776427644700916	0.1327525721073251	0.6643193734925347
tg	annotated_credset_370.txt	ENSG00000104921	FCER2	0	-0.5920018840406585	0.1510001742801262	0.0	0.6925614284142427
tg	annotated_credset_370.txt	ENSG00000182566	CLEC4G	0	-0.5465115967452088	0.2006738831548575	0.0825889558622617	0.7390653512840814
tg	annotated_credset_370.txt	ENSG00000090659	CD209	0	-0.5042775183578723	0.1675964834143413	0.1721349515346399	0.7590842944036164
tg	annotated_credset_370.txt	ENSG00000104938	CLEC4M	0	-0.5613129506163499	0.1658062392285199	0.0580640870176845	0.7913368734040551
tg	annotated_credset_370.txt	ENSG00000142459	EVI5L	0	-0.2205811058455655	0.5682016227416199	0.1427386549314457	0.9309818868807358
tg	annotated_credset_370.txt	ENSG00000183248	CTD-3193O13.9	0	-0.3500186699845937	0.1015278557735132	0.0929187119713825	0.9448393530658792
tg	annotated_credset_370.txt	ENSG00000171017	LRRC8E	0	-0.3648690950495503	0.4893882767568404	0.1034161879523087	0.9852154762754446
tg	annotated_credset_370.txt	ENSG00000214248	AC010336.1	0	-0.410425354860082	0.1015278557735132	0.0929187119713825	0.9874498902017472
tg	annotated_credset_370.txt	ENSG00000076984	MAP2K7	0	0.0268748689268278	0.6201661470536977	0.2494219496147824	1.0
tg	annotated_credset_370.txt	ENSG00000260001	TGFBR3L	0	-0.4315924120578935	0.3128618733177126	0.1238973569751732	0.9940964278105772
tg	annotated_credset_370.txt	ENSG00000104976	SNAPC2	0	-0.494886448658272	0.0	0.0913742347174097	0.9879891273606372
tg	annotated_credset_370.txt	ENSG00000178531	CTXN1	0	-0.3826114636098163	0.349857671230224	0.0999246015428363	0.981881826910697
tg	annotated_credset_370.txt	ENSG00000104980	TIMM44	0	-0.4400707308526974	0.1700005809337541	0.1690661637977968	0.9786151313211942
tg	annotated_credset_370.txt	ENSG00000066044	ELAVL1	0	-0.2671643530315029	0.1981642493367672	0.1344160345372322	0.9319647855204052
tg	annotated_credset_370.txt	ENSG00000131142	CCL25	0	-0.3919265210569733	0.1676991150442477	0.1257714725799189	0.7940519553168676
tg	annotated_credset_370.txt	ENSG00000142449	FBN3	0	-0.5633986515944625	0.3169671385139714	0.054481340533261	0.7755514179912878
tg	annotated_credset_370.txt	ENSG00000090661	CERS4	0	-0.3650708372461018	0.4871710462616913	0.1716865526650411	0.568606032761887
tg	annotated_credset_370.txt	ENSG00000167775	CD320	0	-0.3668017394150333	0.4581630874692588	0.1783119999903859	0.4289317346990163
tg	annotated_credset_370.txt	ENSG00000167774	NDUFA7	0	-0.5270910922591963	0.4727445246993667	0.1410937755642672	0.4199179390697113
tg	annotated_credset_370.txt	ENSG00000267855	NDUFA7	0	-0.5493328009281198	0.4734706918921012	0.0966103582264202	0.4194449930027417
tg	annotated_credset_370.txt	ENSG00000233927	RPS28	0	-0.3154628460424831	0.5758505838384229	0.2426430193099493	0.4010659867098508
tg	annotated_credset_370.txt	ENSG00000186994	KANK3	0	-0.4721463144158149	0.5488274820394647	0.2398501372813033	0.3989779957144985
tg	annotated_credset_370.txt	ENSG00000167772	ANGPTL4	1	-0.3047379331092132	0.8476307585058384	0.4727522556531736	0.339376541671149
tg	annotated_credset_370.txt	ENSG00000185236	RAB11B	0	-0.4425063692490658	0.8397881528243063	0.1972153833734684	0.3002933329418753
tg	annotated_credset_370.txt	ENSG00000099785	MARCH2	0	-0.4402910934726525	0.751747642377181	0.2103947046864268	0.2661928965528428
tg	annotated_credset_370.txt	ENSG00000099783	HNRNPM	0	-0.5024080730785421	0.5227241920179702	0.1904598139255756	0.2200740659914037
tg	annotated_credset_370.txt	ENSG00000133246	PRAM1	0	-0.5105479176222065	0.5243120776127496	0.1741801248382466	0.1537605847932891
tg	annotated_credset_370.txt	ENSG00000133250	ZNF414	0	-0.5455198916556767	0.3704227261284638	0.1042361767713063	0.1237116709036534
tg	annotated_credset_370.txt	ENSG00000142347	MYO1F	0	-0.4072047018060807	0.7794775469104005	0.2678187182594387	0.1087589611950013
tg	annotated_credset_370.txt	ENSG00000142303	ADAMTS10	0	-0.4877721376386714	0.584874421486803	0.2051144801391791	0.0217076002863853
tg	annotated_credset_371.txt	ENSG00000263264	CTB-133G6.1	0	-0.4985392004279784	0.128745223073966	0.1965484264966696	0.0249081958899153
tg	annotated_credset_371.txt	ENSG00000268861	CTD-2207O23.3	0	-0.4985392004279784	0.128745223073966	0.1965484264966696	0.1414460841203398
tg	annotated_credset_371.txt	ENSG00000104880	ARHGEF18	0	-0.4339435088903128	0.3115799470863578	0.3257398095720006	0.1444407026620196
tg	annotated_credset_371.txt	ENSG00000104883	PEX11G	0	-0.3608772712422697	0.4292223503606721	0.4718722848680868	0.1779450101095232
tg	annotated_credset_371.txt	ENSG00000198723	C19orf45	0	-0.5151427452043326	0.274902200212559	0.1633413369439613	0.1927047764970767
tg	annotated_credset_371.txt	ENSG00000267952	CTD-2207O23.12	0	-0.4985392004279784	0.128745223073966	0.1965484264966696	0.2076939693051621
tg	annotated_credset_371.txt	ENSG00000198816	ZNF358	0	-0.4142659911696907	0.2215837912398525	0.3650948450132448	0.2095776809684769
tg	annotated_credset_371.txt	ENSG00000090674	MCOLN1	0	-0.3903316545431087	0.3868575175813491	0.4129635182664089	0.2269966471542425
tg	annotated_credset_371.txt	ENSG00000268614	CTD-2207O23.10	0	-0.4985392004279784	0.128745223073966	0.1965484264966696	0.2351137807461613
tg	annotated_credset_371.txt	ENSG00000032444	PNPLA6	0	-0.2715498807068971	0.4134274020306175	0.6505270659388319	0.2642348360540287
tg	annotated_credset_371.txt	ENSG00000076826	CAMSAP3	0	-0.4072783659665607	0.2405320760690139	0.3790700954195049	0.3400931390766881
tg	annotated_credset_371.txt	ENSG00000076924	XAB2	0	-0.5027034160050382	0.2189550686294462	0.1882199953425499	0.355201740957448
tg	annotated_credset_371.txt	ENSG00000229833	PET100	0	-0.4399203354014186	0.2683445266038035	0.3137861565497888	0.3584096858199733
tg	annotated_credset_371.txt	ENSG00000268400	CTD-3214H19.4	0	-0.4985392004279784	0.128745223073966	0.1965484264966696	0.3732915446301491
tg	annotated_credset_371.txt	ENSG00000174788	PCP2	0	-0.4995799448746302	0.2713633177305927	0.1944669376033659	0.3608139673731499
tg	annotated_credset_371.txt	ENSG00000076944	STXBP2	0	-0.3980157101132283	0.2293139316645184	0.3975954071261696	0.3797651263790761
tg	annotated_credset_371.txt	ENSG00000104918	RETN	0	-0.5473578992644231	0.2819460461750673	0.0989110288237798	0.4100534389142112
tg	annotated_credset_371.txt	ENSG00000183019	C19orf59	0	-0.5128755636432348	0.1291541279424733	0.1678757000661565	0.4226356668191723
tg	annotated_credset_371.txt	ENSG00000269711	CTD-3214H19.16	0	-0.4985392004279784	0.128745223073966	0.1965484264966696	0.4266982586400533
tg	annotated_credset_371.txt	ENSG00000181029	TRAPPC5	0	-0.4564094594699933	0.100853628202519	0.2808079084126395	0.4267036253399487
tg	annotated_credset_371.txt	ENSG00000104921	FCER2	0	-0.5968134136763131	0.1865160663003414	0.0	0.4525818522359703
tg	annotated_credset_371.txt	ENSG00000182566	CLEC4G	0	-0.5094643266284328	0.2445220812699274	0.1746981740957607	0.4951934494061094
tg	annotated_credset_371.txt	ENSG00000090659	CD209	0	-0.4147572209493092	0.2058962530809759	0.3641123854540077	0.513536829648872
tg	annotated_credset_371.txt	ENSG00000104938	CLEC4M	0	-0.5346334634018767	0.2038057119598399	0.1228213854579304	0.5430899042983259
tg	annotated_credset_371.txt	ENSG00000142459	EVI5L	0	-0.3927606993622176	0.6736992062953666	0.3019311980526296	0.6710467882313654
tg	annotated_credset_371.txt	ENSG00000183248	CTD-3193O13.9	0	-0.4911101371078185	0.128745223073966	0.1965484264966696	0.6837444001840794
tg	annotated_credset_371.txt	ENSG00000171017	LRRC8E	0	-0.4706056472015004	0.5816656490966239	0.2187534521848548	0.7207410875885689
tg	annotated_credset_371.txt	ENSG00000214248	AC010336.1	0	-0.4870885521201781	0.128745223073966	0.1965484264966696	0.7227884835986959
tg	annotated_credset_371.txt	ENSG00000076984	MAP2K7	0	-0.0038794251097741	0.7343802998439727	0.5275954723265595	0.7374610411129479
tg	annotated_credset_371.txt	ENSG00000260001	TGFBR3L	0	-0.2897940126711665	0.3755285711055333	0.2620767124717188	0.7436582378172574
tg	annotated_credset_371.txt	ENSG00000104976	SNAPC2	0	-0.3190990301922386	0.0101870067611876	0.1932814357303561	0.7492302139837431
tg	annotated_credset_371.txt	ENSG00000178531	CTXN1	0	-0.319417714027764	0.418730072586663	0.2113677943318884	0.7531425382075506
tg	annotated_credset_371.txt	ENSG00000104980	TIMM44	0	-0.2378489166541558	0.2087036157655518	0.3576210621442899	0.7769626356936542
tg	annotated_credset_371.txt	ENSG00000066044	ELAVL1	0	-0.1757548621286343	0.2415914795468421	0.2843265852883506	0.8597949652304945
tg	annotated_credset_371.txt	ENSG00000131142	CCL25	0	-0.0175639435162667	0.2060161002193428	0.2660409782839598	0.9362583636663696
tg	annotated_credset_371.txt	ENSG00000142449	FBN3	0	0.0038794251097741	0.3803224566402098	0.115242899175568	1.0
tg	annotated_credset_371.txt	ENSG00000090661	CERS4	0	-0.22303533316887	0.5790764986545464	0.3631638995097593	0.870425056048471
tg	annotated_credset_371.txt	ENSG00000167775	CD320	0	-0.3913931091940424	0.545202722565181	0.377178528199771	0.742441338615954
tg	annotated_credset_371.txt	ENSG00000167774	NDUFA7	0	-0.430756458581658	0.5622300612803293	0.2984518294245395	0.7341819874768049
tg	annotated_credset_371.txt	ENSG00000267855	NDUFA7	0	-0.4778037405416214	0.5630780363159442	0.2043572655046129	0.7337486264602446
tg	annotated_credset_371.txt	ENSG00000233927	RPS28	0	-0.2870982057581716	0.6826312100038442	0.5132561852607217	0.7169079221882173
tg	annotated_credset_371.txt	ENSG00000186994	KANK3	0	-0.2900520594894321	0.6510752323451597	0.5073484777982006	0.7149946936754774
tg	annotated_credset_371.txt	ENSG00000167772	ANGPTL4	1	-0.026819917735151	1.0	1.0	0.6603818138640634
tg	annotated_credset_371.txt	ENSG00000185236	RAB11B	0	-0.3330690515868576	0.9908418696153586	0.4171643413969284	0.6245698254615019
tg	annotated_credset_371.txt	ENSG00000099785	MARCH2	0	-0.3194289791539483	0.8880333762974019	0.4450422016405548	0.593323556995023
tg	annotated_credset_371.txt	ENSG00000099783	HNRNPM	0	-0.3701926803584187	0.6205933563982543	0.4028744689169777	0.551064820343012
tg	annotated_credset_371.txt	ENSG00000133246	PRAM1	0	-0.3881756383437574	0.622447595142799	0.3684384849683949	0.4903017024513738
tg	annotated_credset_371.txt	ENSG00000133250	ZNF414	0	-0.4865694375504991	0.4427447255952785	0.2204879522516279	0.4627678486375956
tg	annotated_credset_371.txt	ENSG00000142347	MYO1F	0	-0.2594798869510127	0.9204147163240848	0.5665096571340723	0.4490666638044262
tg	annotated_credset_371.txt	ENSG00000142303	ADAMTS10	0	-0.3299832529770586	0.6931687131130859	0.4338730861384992	0.3693014032578547
tg	annotated_credset_371.txt	ENSG00000181786	ACTL9	0	-0.5723101937207951	0.2836533025801053	0.049006439911036	0.1511115106321031
tg	annotated_credset_371.txt	ENSG00000181733	OR2Z1	0	-0.5550787715582423	0.0	0.0834692842361417	0.1060781901341271
tg	annotated_credset_371.txt	ENSG00000167785	ZNF558	0	-0.5233454167828614	0.2289600434163218	0.1436186376772845	0.0
tg	annotated_credset_372.txt	ENSG00000076944	STXBP2	0	-0.6856187033593178	0.2293139316645184	0.4818342625420436	0.0
tg	annotated_credset_372.txt	ENSG00000104918	RETN	0	-1.0331072511818602	0.2819460461750673	0.2249172121392687	0.0298450104303692
tg	annotated_credset_372.txt	ENSG00000183019	C19orf59	0	-0.9602425375169382	0.1291541279424733	0.2842380243568079	0.042243083866294
tg	annotated_credset_372.txt	ENSG00000269711	CTD-3214H19.16	0	-0.9911152455040044	0.128745223073966	0.3089012234949804	0.0462462152764007
tg	annotated_credset_372.txt	ENSG00000181029	TRAPPC5	0	-0.8926139366887329	0.100853628202519	0.3813780556793563	0.0462515034288579
tg	annotated_credset_372.txt	ENSG00000104921	FCER2	0	-1.0756470216280771	0.1865160663003414	0.1398376712468347	0.0717509745775163
tg	annotated_credset_372.txt	ENSG00000182566	CLEC4G	0	-0.9806492604178207	0.2445220812699274	0.2901064595059702	0.11373890508775
tg	annotated_credset_372.txt	ENSG00000090659	CD209	0	-0.9190491429280824	0.2058962530809759	0.4530334286468241	0.131813810186488
tg	annotated_credset_372.txt	ENSG00000104938	CLEC4M	0	-1.0228238571599857	0.2038057119598399	0.2454840001830183	0.1609343437302197
tg	annotated_credset_372.txt	ENSG00000142459	EVI5L	0	-0.6211282229208029	0.6736992062953666	0.3995475136870177	0.2870184407293225
tg	annotated_credset_372.txt	ENSG00000183248	CTD-3193O13.9	0	-0.9911152455040044	0.128745223073966	0.3089012234949804	0.2995302094430773
tg	annotated_credset_372.txt	ENSG00000171017	LRRC8E	0	-0.9605164979450362	0.5816656490966239	0.3280011501009537	0.3359854104449569
tg	annotated_credset_372.txt	ENSG00000214248	AC010336.1	0	-0.9911152455040044	0.128745223073966	0.3089012234949804	0.3380028406073819
tg	annotated_credset_372.txt	ENSG00000076984	MAP2K7	0	-0.7484968431261486	0.7343802998439727	0.5936554213628742	0.3524606494253893
tg	annotated_credset_372.txt	ENSG00000260001	TGFBR3L	0	-0.9629327639722536	0.3755285711055333	0.3652661865584822	0.3585671434753506
tg	annotated_credset_372.txt	ENSG00000104976	SNAPC2	0	-0.992520316696788	0.0101870067611876	0.3060910811094131	0.3640575677640471
tg	annotated_credset_372.txt	ENSG00000178531	CTXN1	0	-0.9847417145301084	0.418730072586663	0.321648285442772	0.367912630905352
tg	annotated_credset_372.txt	ENSG00000104980	TIMM44	0	-0.9034352033227644	0.2087036157655518	0.4474498368720476	0.3913840955866709
tg	annotated_credset_372.txt	ENSG00000066044	ELAVL1	0	-0.8539838540650099	0.2415914795468421	0.3844046889748979	0.4730040846874522
tg	annotated_credset_372.txt	ENSG00000131142	CCL25	0	-0.9612278079158266	0.2060161002193428	0.3686760986713359	0.5483483588596415
tg	annotated_credset_372.txt	ENSG00000142449	FBN3	0	-0.9191645287757096	0.3803224566402098	0.2389652717739576	0.663624794274325
tg	annotated_credset_372.txt	ENSG00000090661	CERS4	0	-0.8863213567206206	0.5790764986545464	0.4522175767682297	0.8124532349918806
tg	annotated_credset_372.txt	ENSG00000167775	CD320	0	-0.8433792822697961	0.545202722565181	0.4642724324188412	0.8731810557723463
tg	annotated_credset_372.txt	ENSG00000167774	NDUFA7	0	-0.8759886007735008	0.5622300612803293	0.3965546918652891	0.8903979581349021
tg	annotated_credset_372.txt	ENSG00000267855	NDUFA7	0	-0.9164569003856896	0.5630780363159442	0.3156180926409115	0.8904204327828452
tg	annotated_credset_372.txt	ENSG00000233927	RPS28	0	-0.6756647386834785	0.6826312100038442	0.581321306807663	0.8929904748770484
tg	annotated_credset_372.txt	ENSG00000186994	KANK3	0	-0.6043823188104852	0.6510752323451597	0.5762397193991085	0.9193281181901743
tg	annotated_credset_372.txt	ENSG00000167772	ANGPTL4	1	0.1776006323496407	1.0	1.0	0.960458045964226
tg	annotated_credset_372.txt	ENSG00000185236	RAB11B	0	-0.1776006323496407	0.9908418696153586	0.4986667226155971	1.0
tg	annotated_credset_372.txt	ENSG00000099785	MARCH2	0	-0.3803635638585175	0.8880333762974019	0.5226462078034102	0.9881186375037664
tg	annotated_credset_372.txt	ENSG00000099783	HNRNPM	0	-0.7153540056086184	0.6205933563982543	0.4863751126256571	0.946478403017594
tg	annotated_credset_372.txt	ENSG00000133246	PRAM1	0	-0.895193024578132	0.622447595142799	0.4567545764795375	0.8866046188589675
tg	annotated_credset_372.txt	ENSG00000133250	ZNF414	0	-0.885372421760578	0.4427447255952785	0.3294931017176118	0.8594737526772603
tg	annotated_credset_372.txt	ENSG00000142347	MYO1F	0	-0.3918625949866224	0.9204147163240848	0.6271279371884356	0.8459730994540076
tg	annotated_credset_372.txt	ENSG00000142303	ADAMTS10	0	-0.8086008515195745	0.6931687131130859	0.5130389554030489	0.7673752894825209
tg	annotated_credset_372.txt	ENSG00000181786	ACTL9	0	-1.0524588399526644	0.2836533025801053	0.1819911647246136	0.5523788411441466
tg	annotated_credset_372.txt	ENSG00000181733	OR2Z1	0	-1.0397484546741174	0.0	0.2116348051547543	0.5080046318375976
tg	annotated_credset_372.txt	ENSG00000167785	ZNF558	0	-1.0138793507096522	0.2289600434163218	0.2633730130836849	0.4034790103684186
tg	annotated_credset_372.txt	ENSG00000170948	MBD3L1	0	-0.9912858412213088	0.3125070664586301	0.3085600320603712	0.3734766774024474
tg	annotated_credset_372.txt	ENSG00000181143	MUC16	0	-1.1455658572514946	0.0923727472129887	0.0	0.3517344385746355
tg	annotated_credset_374.txt	ENSG00000130517	PGPEP1	0	-0.8123469188349209	0.2115638091165614	0.4466965589704609	0.0
tg	annotated_credset_374.txt	ENSG00000130513	GDF15	0	-0.6677137985904827	0.3983027153265464	0.7359627994593372	0.0261316789178009
tg	annotated_credset_374.txt	ENSG00000175489	LRRC25	0	-0.904864407412842	0.2718169451225385	0.2616615818146185	0.0376045542816393
tg	annotated_credset_374.txt	ENSG00000130511	SSBP4	0	-0.7345672324024591	0.0950845940402376	0.6022559318353844	0.0878196212543926
tg	annotated_credset_374.txt	ENSG00000105655	ISYNA1	0	-0.7379475868688029	0.0	0.5181117046837028	0.0929016116566426
tg	annotated_credset_374.txt	ENSG00000105656	ELL	0	-0.8519252605330001	0.1932258981582205	0.3675398755743024	0.2068366016162588
tg	annotated_credset_374.txt	ENSG00000105701	FKBP8	0	-0.7001064063861543	0.1799135850909612	0.6322485982722909	0.2366706987891357
tg	annotated_credset_374.txt	ENSG00000105700	KXD1	0	-0.9213400674936668	0.4026962955305307	0.2287102616529688	0.2710716554836921
tg	annotated_credset_374.txt	ENSG00000221983	UBA52	0	-0.754218116059617	0.4064437609986349	0.5240251789253656	0.2821666775894867
tg	annotated_credset_374.txt	ENSG00000006016	CRLF1	0	-0.7055270247415576	0.4054334725025316	0.3412019925658178	0.3232018132499116
tg	annotated_credset_374.txt	ENSG00000006015	C19orf60	0	-0.8114469254951179	0.3206984617770269	0.3606558693423887	0.3022635778536397
tg	annotated_credset_374.txt	ENSG00000105696	TMEM59L	0	-0.9599565894830236	0.3674771686547421	0.0	0.3412762471544636
tg	annotated_credset_374.txt	ENSG00000167487	KLHL26	0	-0.9221771799646424	0.2117282746856945	0.2270360367110175	0.4085015066610918
tg	annotated_credset_374.txt	ENSG00000105662	CRTC1	0	-0.715059975840623	0.3542024477175703	0.6392997961934929	0.5603156061474007
tg	annotated_credset_374.txt	ENSG00000105664	COMP	0	-0.9187752140839078	0.2982606591310109	0.2318693197069231	0.5727100085218638
tg	annotated_credset_374.txt	ENSG00000005007	UPF1	0	-0.7544119865051901	0.2880402987634539	0.419315123771829	0.6772611895119336
tg	annotated_credset_374.txt	ENSG00000130283	GDF1	0	-0.870785250596872	0.2615378470517197	0.1633579508664805	0.7151280663791932
tg	annotated_credset_374.txt	ENSG00000223802	CERS1	0	-0.770781009120921	0.2615378470517197	0.3124446360660023	0.7159857117238897
tg	annotated_credset_374.txt	ENSG00000105669	COPE	0	-0.627255487535462	0.3441465529191463	0.4841103852763487	0.7467984216514121
tg	annotated_credset_374.txt	ENSG00000268193	AC002985.3	0	-0.88347897680376	0.071873803219296	0.2432189496856148	0.7671861873731959
tg	annotated_credset_374.txt	ENSG00000105671	DDX49	0	-0.8219065605540379	0.1557535929853085	0.34764959265564	0.7593436934922164
tg	annotated_credset_374.txt	ENSG00000051128	HOMER3	0	-0.7450762234564515	0.260903479856492	0.4724667447789742	0.776515628967484
tg	annotated_credset_374.txt	ENSG00000064607	SUGP2	0	-0.7255312490102699	0.5678314744808174	0.4467364040595212	0.9025962905597577
tg	annotated_credset_374.txt	ENSG00000105676	ARMC6	0	-0.7133728213794989	0.4062558003481971	0.4636069702585633	0.9375694638789054
tg	annotated_credset_374.txt	ENSG00000181035	SLC25A42	0	0.1015676887261877	0.4456922943181844	0.5167212611150781	1.0
tg	annotated_credset_374.txt	ENSG00000064545	TMEM161A	0	-0.6705671732818255	0.3493154708061867	0.4427121572162392	0.9816745960971092
tg	annotated_credset_374.txt	ENSG00000064489	MEF2BNB-MEF2B	0	-0.5158930197534365	0.071873803219296	0.2432189496856148	0.9457948467955328
tg	annotated_credset_374.txt	ENSG00000213999	MEF2B	0	-0.1015676887261877	0.9796180169681477	1.0	0.9457934876111512
tg	annotated_credset_374.txt	ENSG00000254901	MEF2BNB	0	-0.3482775971278141	1.0	0.2845361921078801	0.9032034450183452
tg	annotated_credset_374.txt	ENSG00000064490	RFXANK	0	-0.5657427187698353	0.5686772974077876	0.4579993795336765	0.8824133607196516
tg	annotated_credset_374.txt	ENSG00000184162	NR2C2AP	0	-0.7926473256149428	0.1392565216471931	0.2436395476717696	0.8698857582758062
tg	annotated_credset_374.txt	ENSG00000130287	NCAN	0	-0.6957214329495224	0.7267169618040462	0.4034889097161726	0.8555368487608148
tg	annotated_credset_374.txt	ENSG00000187664	HAPLN4	0	-0.6119155259782197	0.8172670051524713	0.329366934214808	0.796183985191558
tg	annotated_credset_374.txt	ENSG00000213996	TM6SF2	1	-0.6000782930913856	0.7895780518348483	0.4956452741950194	0.78432781983215
tg	annotated_credset_374.txt	ENSG00000105705	SUGP1	0	-0.5832820004019715	0.7895780518348483	0.4714025190739694	0.7684878850507055
tg	annotated_credset_374.txt	ENSG00000129933	MAU2	0	-0.3904057594239954	0.9679644566410022	0.5821628926848899	0.7077826330219038
tg	annotated_credset_374.txt	ENSG00000167491	GATAD2A	0	-0.444674123146766	0.891946121079552	0.9544737623615408	0.6192385664921971
tg	annotated_credset_374.txt	ENSG00000178093	TSSK6	0	-0.6312443619966365	0.7604911411795939	0.269055729196102	0.447176697275394
tg	annotated_credset_374.txt	ENSG00000186010	NDUFA13	0	-0.6565644091934576	0.8272406671663286	0.2152152230058899	0.4426669234977354
tg	annotated_credset_374.txt	ENSG00000250067	YJEFN3	0	-0.6648515624942578	0.8646918267660665	0.2267387843699878	0.4419995639664424
tg	annotated_credset_374.txt	ENSG00000258674	CTC-260F20.3	0	-0.914085723477344	0.071873803219296	0.2432189496856148	0.4419995639664424
tg	annotated_credset_374.txt	ENSG00000160161	CILP2	0	-0.8434591202251827	0.5942164507860278	0.3797317987909506	0.4120689647024824
tg	annotated_credset_374.txt	ENSG00000105717	PBX4	0	-0.6652301153312733	0.956968758590389	0.6699241063311495	0.3801757031917054
tg	annotated_credset_374.txt	ENSG00000064547	LPAR2	0	-0.810270373935435	0.67764748449912	0.3852782214241569	0.2959674348388313
tg	annotated_credset_374.txt	ENSG00000089639	GMIP	0	-0.6741200668161291	0.8518987549956416	0.3797478772963745	0.2880732919513567
tg	annotated_credset_374.txt	ENSG00000105726	ATP13A1	0	-0.4754634922432382	0.6463050460386117	0.4724972656847098	0.2667041951061644
tg	annotated_credset_374.txt	ENSG00000181896	ZNF101	0	-0.8059206812937948	0.9460552933243424	0.2451436166103913	0.2346301620726543
tg	annotated_credset_374.txt	ENSG00000105708	ZNF14	0	-0.9216647941166752	0.5100100793898797	0.2280608084069525	0.1779861529756318
tg	annotated_credset_374.txt	ENSG00000081665	ZNF506	0	-1.0061827095650298	0.2510355457085059	0.0568719385316668	0.0755471445143387
tg	annotated_credset_375.txt	ENSG00000006016	CRLF1	0	-0.7663501730553057	0.3593904260435916	0.3412019925658178	0.0209603803318663
tg	annotated_credset_375.txt	ENSG00000006015	C19orf60	0	-0.7973577045576148	0.2680935625142394	0.3606558693423887	0.0
tg	annotated_credset_375.txt	ENSG00000105696	TMEM59L	0	-0.978745827045429	0.3184947978634534	0.0	0.0390539303255799
tg	annotated_credset_375.txt	ENSG00000167487	KLHL26	0	-0.8652278086899203	0.1506847581196364	0.2270360367110175	0.1063502893787516
tg	annotated_credset_375.txt	ENSG00000105662	CRTC1	0	-0.6590959289486826	0.3041920866769613	0.6392997961934929	0.2583249522263862
tg	annotated_credset_375.txt	ENSG00000105664	COMP	0	-0.8628111671919676	0.2439181834291066	0.2318693197069231	0.2707324633102089
tg	annotated_credset_375.txt	ENSG00000005007	UPF1	0	-0.7690882651595145	0.2329063615421613	0.419315123771829	0.3753942209140922
tg	annotated_credset_375.txt	ENSG00000130283	GDF1	0	-0.8970668516121887	0.2043515682353239	0.1633579508664805	0.4133011469800317
tg	annotated_credset_375.txt	ENSG00000223802	CERS1	0	-0.8225235090124279	0.2043515682353239	0.3124446360660023	0.4141596993973901
tg	annotated_credset_375.txt	ENSG00000105669	COPE	0	-0.7366906344072547	0.29335746652153	0.4841103852763487	0.4450049978150084
tg	annotated_credset_375.txt	ENSG00000268193	AC002985.3	0	-0.8571363522026216	0.0	0.2432189496856148	0.4654143262783642
tg	annotated_credset_375.txt	ENSG00000105671	DDX49	0	-0.7642755505616642	0.090375414525479	0.34764959265564	0.45756353792946
tg	annotated_credset_375.txt	ENSG00000051128	HOMER3	0	-0.7425124546559418	0.2036680758423411	0.4724667447789742	0.4747536349831958
tg	annotated_credset_375.txt	ENSG00000064607	SUGP2	0	-0.6368666038784309	0.5343644786471914	0.4467364040595212	0.6009676434443827
tg	annotated_credset_375.txt	ENSG00000105676	ARMC6	0	-0.6469737893267309	0.3602764347011619	0.4636069702585633	0.6359778054904232
tg	annotated_credset_375.txt	ENSG00000181035	SLC25A42	0	-0.6220779445576532	0.4027668784649267	0.5167212611150781	0.7082730893952194
tg	annotated_credset_375.txt	ENSG00000064545	TMEM161A	0	-0.689410233838463	0.2989266637976862	0.4427121572162392	0.7431390255201188
tg	annotated_credset_375.txt	ENSG00000064489	MEF2BNB-MEF2B	0	-0.7341152860138094	0.0	0.2432189496856148	0.8161295872145667
tg	annotated_credset_375.txt	ENSG00000213999	MEF2B	0	-0.2006666749381902	0.978039642558793	1.0	0.8167187364962089
tg	annotated_credset_375.txt	ENSG00000254901	MEF2BNB	0	-0.5980849010964694	1.0	0.2845361921078801	0.8167187364962089
tg	annotated_credset_375.txt	ENSG00000064490	RFXANK	0	-0.5392711693220478	0.5352758018378351	0.4579993795336765	0.8293425864617432
tg	annotated_credset_375.txt	ENSG00000184162	NR2C2AP	0	-0.7548887426092634	0.0726008151279649	0.2436395476717696	0.8314583535124445
tg	annotated_credset_375.txt	ENSG00000130287	NCAN	0	-0.595168820231166	0.7055540085563122	0.4034889097161726	0.8978689477103065
tg	annotated_credset_375.txt	ENSG00000187664	HAPLN4	0	-0.5859040051788087	0.8031162190213402	0.329366934214808	0.9122411968142016
tg	annotated_credset_375.txt	ENSG00000213996	TM6SF2	1	-0.4692176721790595	0.7732830417942941	0.4956452741950194	0.9266569858188184
tg	annotated_credset_375.txt	ENSG00000105705	SUGP1	0	-0.2450316671559662	0.7732830417942941	0.4714025190739694	0.9912225767235932
tg	annotated_credset_375.txt	ENSG00000129933	MAU2	0	0.2006666749381902	0.965483634154368	0.5821628926848899	1.0
tg	annotated_credset_375.txt	ENSG00000167491	GATAD2A	0	-0.2275269574346352	0.8835784623952612	0.9544737623615408	0.9203614911293548
tg	annotated_credset_375.txt	ENSG00000178093	TSSK6	0	-0.5105498496925562	0.7419436498493786	0.269055729196102	0.7481176438738127
tg	annotated_credset_375.txt	ENSG00000186010	NDUFA13	0	-0.5297065978056676	0.8138622383110143	0.2152152230058899	0.7436031004177185
tg	annotated_credset_375.txt	ENSG00000250067	YJEFN3	0	-0.5340423207857281	0.8542136040300737	0.2267387843699878	0.742935035066018
tg	annotated_credset_375.txt	ENSG00000258674	CTC-260F20.3	0	-0.6720592214080965	0.0	0.2432189496856148	0.742935035066018
tg	annotated_credset_375.txt	ENSG00000160161	CILP2	0	-0.6359267797617701	0.5627926992886616	0.3797317987909506	0.7129727802599142
tg	annotated_credset_375.txt	ENSG00000105717	PBX4	0	-0.5048632283018513	0.9536364326759992	0.6699241063311495	0.6810457874337381
tg	annotated_credset_375.txt	ENSG00000064547	LPAR2	0	-0.7546422588214488	0.6526846062324381	0.3852782214241569	0.596748457770591
tg	annotated_credset_375.txt	ENSG00000089639	GMIP	0	-0.72715121912768	0.840429840771587	0.3797478772963745	0.5888459657895797
tg	annotated_credset_375.txt	ENSG00000105726	ATP13A1	0	-0.4940094832503152	0.6189150191124725	0.4724972656847098	0.5674542683161878
tg	annotated_credset_375.txt	ENSG00000181896	ZNF101	0	-0.7547033694978322	0.9418778320633876	0.2451436166103913	0.5353463127776366
tg	annotated_credset_375.txt	ENSG00000105708	ZNF14	0	-0.7427363054484591	0.4720654127534617	0.2280608084069525	0.4786423951969465
tg	annotated_credset_375.txt	ENSG00000081665	ZNF506	0	-0.9503098577795956	0.1930359719514973	0.0568719385316668	0.3760950440218669
tg	annotated_credset_375.txt	ENSG00000256771	ZNF253	0	-0.9514341199304726	0.2272232488671746	0.0546234142299129	0.2671813429881178
tg	annotated_credset_375.txt	ENSG00000184635	ZNF93	0	-0.8748535013819527	0.2584107536136495	0.2077846513269527	0.219522839782387
tg	annotated_credset_375.txt	ENSG00000268461	AC007204.1	0	-0.8571363522026216	0.0	0.2432189496856148	0.1704765022411481
tg	annotated_credset_375.txt	ENSG00000197124	ZNF682	0	-0.9173562495105512	0.1101321418626433	0.1227791550697558	0.0887058474417645
tg	annotated_credset_376.txt	ENSG00000167487	KLHL26	0	-0.914457471353166	0.1506847581196364	0.1823745426703796	0.0
tg	annotated_credset_376.txt	ENSG00000105662	CRTC1	0	-0.6964153886065045	0.3041920866769613	0.6184587081637027	0.1510034796884258
tg	annotated_credset_376.txt	ENSG00000105664	COMP	0	-0.9119011974467376	0.2439181834291066	0.1874870904832371	0.1633317014645013
tg	annotated_credset_376.txt	ENSG00000005007	UPF1	0	-0.8127630302410116	0.2329063615421613	0.3857634248946885	0.2673246256293529
tg	annotated_credset_376.txt	ENSG00000130283	GDF1	0	-0.9481361591919736	0.2043515682353239	0.1150171669927644	0.3049893102089629
tg	annotated_credset_376.txt	ENSG00000223802	CERS1	0	-0.8692857373370266	0.2043515682353239	0.2727180107026585	0.3058423761088098
tg	annotated_credset_376.txt	ENSG00000105669	COPE	0	-0.778493479630268	0.29335746652153	0.4543025261161754	0.3364905598640058
tg	annotated_credset_376.txt	ENSG00000268193	AC002985.3	0	-0.9058984943178848	0.0	0.1994924967409418	0.3567694639808094
tg	annotated_credset_376.txt	ENSG00000105671	DDX49	0	-0.8016204545720154	0.090375414525479	0.309957093116531	0.3489688455305456
tg	annotated_credset_376.txt	ENSG00000051128	HOMER3	0	-0.7846516819131657	0.2036680758423411	0.4419861215503803	0.3660490905046588
tg	annotated_credset_376.txt	ENSG00000064607	SUGP2	0	-0.6781164841949805	0.5343644786471914	0.4147690938529008	0.4914565374168551
tg	annotated_credset_376.txt	ENSG00000105676	ARMC6	0	-0.6730083328593188	0.3602764347011619	0.4326144334276055	0.5262429695388201
tg	annotated_credset_376.txt	ENSG00000181035	SLC25A42	0	-0.6419561057554175	0.4027668784649267	0.4887976430141311	0.5980762556283032
tg	annotated_credset_376.txt	ENSG00000064545	TMEM161A	0	-0.79515153582404	0.2989266637976862	0.4105123279208317	0.6327193834945095
tg	annotated_credset_376.txt	ENSG00000064489	MEF2BNB-MEF2B	0	-0.7747583218363481	0.0	0.1994924967409418	0.7052435042509051
tg	annotated_credset_376.txt	ENSG00000213999	MEF2B	0	-0.2323044578639845	0.978039642558793	1.0	0.7058288886164101
tg	annotated_credset_376.txt	ENSG00000254901	MEF2BNB	0	-0.590641112090756	1.0	0.2431970299863987	0.7058288886164101
tg	annotated_credset_376.txt	ENSG00000064490	RFXANK	0	-0.5893003340214227	0.5352758018378351	0.4266828387495768	0.7183720667761238
tg	annotated_credset_376.txt	ENSG00000184162	NR2C2AP	0	-0.7290543688566216	0.0726008151279649	0.1999373966808025	0.7204743131695658
tg	annotated_credset_376.txt	ENSG00000130287	NCAN	0	-0.4632817879847999	0.7055540085563122	0.3690227796387403	0.7864605152387039
tg	annotated_credset_376.txt	ENSG00000187664	HAPLN4	0	-0.5507577055517605	0.8031162190213402	0.2906180712748389	0.800740919517757
tg	annotated_credset_376.txt	ENSG00000213996	TM6SF2	1	-0.4267687653078589	0.7732830417942941	0.466503895488228	0.815064585458926
tg	annotated_credset_376.txt	ENSG00000105705	SUGP1	0	-0.4257374372393723	0.7732830417942941	0.4408604053849668	0.879217574595905
tg	annotated_credset_376.txt	ENSG00000129933	MAU2	0	-0.3431601024785753	0.965483634154368	0.5580204612590998	0.9304691249337737
tg	annotated_credset_376.txt	ENSG00000167491	GATAD2A	0	0.2323044578639845	0.8835784623952612	0.951843277775518	1.0
tg	annotated_credset_376.txt	ENSG00000178093	TSSK6	0	-0.5543923541232296	0.7419436498493786	0.2268221132127111	0.8617883735859251
tg	annotated_credset_376.txt	ENSG00000186010	NDUFA13	0	-0.5686971616873928	0.8138622383110143	0.1698707279122654	0.8573026799952881
tg	annotated_credset_376.txt	ENSG00000250067	YJEFN3	0	-0.5743452983055284	0.8542136040300737	0.1820601152289727	0.856638883867198
tg	annotated_credset_376.txt	ENSG00000258674	CTC-260F20.3	0	-0.7062062450197892	0.0	0.1994924967409418	0.856638883867198
tg	annotated_credset_376.txt	ENSG00000160161	CILP2	0	-0.5878659216481421	0.5627926992886616	0.3438929940243972	0.8268681006967891
tg	annotated_credset_376.txt	ENSG00000105717	PBX4	0	-0.4570033416696675	0.9536364326759992	0.6508524765292589	0.7951451350234026
tg	annotated_credset_376.txt	ENSG00000064547	LPAR2	0	-0.6544333390388373	0.6526846062324381	0.349759886347194	0.7113865013862977
tg	annotated_credset_376.txt	ENSG00000089639	GMIP	0	-0.6811898873545401	0.840429840771587	0.343910001538298	0.7035345097122713
tg	annotated_credset_376.txt	ENSG00000105726	ATP13A1	0	-0.6840352374991219	0.6189150191124725	0.4420184059396861	0.6822795143439788
tg	annotated_credset_376.txt	ENSG00000181896	ZNF101	0	-0.7893122178562391	0.9418778320633876	0.2015283700148803	0.6503767423874233
tg	annotated_credset_376.txt	ENSG00000105708	ZNF14	0	-0.5251815566568214	0.4720654127534617	0.1834585251926463	0.594035187116237
tg	annotated_credset_376.txt	ENSG00000081665	ZNF506	0	-1.004455521199481	0.1930359719514973	0.0023784429777497	0.4921431574178863
tg	annotated_credset_376.txt	ENSG00000256771	ZNF253	0	-1.005644742688356	0.2272232488671746	0.0	0.383925461562034
tg	annotated_credset_376.txt	ENSG00000184635	ZNF93	0	-0.9246393320390762	0.2584107536136495	0.1620108212985593	0.3365715165954152
tg	annotated_credset_376.txt	ENSG00000268461	AC007204.1	0	-0.9058984943178848	0.0	0.1994924967409418	0.2878386061488537
tg	annotated_credset_376.txt	ENSG00000197124	ZNF682	0	-0.9683186936711524	0.1101321418626433	0.0720937474713575	0.2065905008414091
tg	annotated_credset_378.txt	ENSG00000181035	SLC25A42	0	-0.5252564967583638	0.4027668784649267	0.4887976430141311	0.0
tg	annotated_credset_378.txt	ENSG00000064545	TMEM161A	0	-0.5661685777898159	0.2989266637976862	0.4105123279208317	0.0420022315302444
tg	annotated_credset_378.txt	ENSG00000064489	MEF2BNB-MEF2B	0	-0.5832861164800415	0.0	0.1994924967409418	0.1299323665718039
tg	annotated_credset_378.txt	ENSG00000213999	MEF2B	0	-0.1622515630774411	0.978039642558793	1.0	0.1306421018401979
tg	annotated_credset_378.txt	ENSG00000254901	MEF2BNB	0	-0.532138882205946	1.0	0.2431970299863987	0.1306421018401979
tg	annotated_credset_378.txt	ENSG00000064490	RFXANK	0	-0.4928485420638587	0.5352758018378351	0.4266828387495768	0.1458497780992265
tg	annotated_credset_378.txt	ENSG00000184162	NR2C2AP	0	-0.6714560434098303	0.0726008151279649	0.1999373966808025	0.1483985964418423
tg	annotated_credset_378.txt	ENSG00000130287	NCAN	0	-0.535545234598403	0.7055540085563122	0.3690227796387403	0.2284019883934403
tg	annotated_credset_378.txt	ENSG00000187664	HAPLN4	0	-0.5702896381883128	0.8031162190213402	0.2906180712748389	0.24571592289701
tg	annotated_credset_378.txt	ENSG00000213996	TM6SF2	1	-0.4823467260816182	0.7732830417942941	0.466503895488228	0.2630823089677588
tg	annotated_credset_378.txt	ENSG00000105705	SUGP1	0	-0.3894359109754729	0.7732830417942941	0.4408604053849668	0.340863065760137
tg	annotated_credset_378.txt	ENSG00000129933	MAU2	0	-0.0493525632981109	0.965483634154368	0.5580204612590998	0.4030017817527834
tg	annotated_credset_378.txt	ENSG00000167491	GATAD2A	0	0.0493525632981109	0.8835784623952612	0.951843277775518	0.6491586256363938
tg	annotated_credset_378.txt	ENSG00000178093	TSSK6	0	-0.4646128253111125	0.7419436498493786	0.2268221132127111	0.6607930388813372
tg	annotated_credset_378.txt	ENSG00000186010	NDUFA13	0	-0.6272496326540232	0.8138622383110143	0.1698707279122654	0.6893906167743392
tg	annotated_credset_378.txt	ENSG00000250067	YJEFN3	0	-0.6211549389956695	0.8542136040300737	0.1820601152289727	0.69611916937655
tg	annotated_credset_378.txt	ENSG00000258674	CTC-260F20.3	0	-0.6424356201879272	0.0	0.1994924967409418	0.6936523066076518
tg	annotated_credset_378.txt	ENSG00000160161	CILP2	0	-0.5898112058204915	0.5627926992886616	0.3438929940243972	0.7109990233407084
tg	annotated_credset_378.txt	ENSG00000105717	PBX4	0	-0.3813801544102847	0.9536364326759992	0.6508524765292589	0.8294363011428888
tg	annotated_credset_378.txt	ENSG00000064547	LPAR2	0	-0.4307867848513539	0.6526846062324381	0.349759886347194	0.8458503634470397
tg	annotated_credset_378.txt	ENSG00000089639	GMIP	0	-0.4336632090749547	0.840429840771587	0.343910001538298	0.8700059492445504
tg	annotated_credset_378.txt	ENSG00000105726	ATP13A1	0	-0.1049159994050833	0.6189150191124725	0.4420184059396861	0.9028307956299036
tg	annotated_credset_378.txt	ENSG00000181896	ZNF101	0	-0.6060422076674742	0.9418778320633876	0.2015283700148803	0.9353114286056432
tg	annotated_credset_378.txt	ENSG00000105708	ZNF14	0	-0.2004926125996481	0.4720654127534617	0.1834585251926463	1.0
tg	annotated_credset_378.txt	ENSG00000081665	ZNF506	0	-0.3559491452155804	0.1930359719514973	0.0023784429777497	0.896958294224019
tg	annotated_credset_378.txt	ENSG00000256771	ZNF253	0	-0.5065242958121213	0.2272232488671746	0.0	0.7657523380366442
tg	annotated_credset_378.txt	ENSG00000184635	ZNF93	0	-0.6803847699437254	0.2584107536136495	0.1620108212985593	0.7083391804245517
tg	annotated_credset_378.txt	ENSG00000268461	AC007204.1	0	-0.6616439322225341	0.0	0.1994924967409418	0.6492541291086211
tg	annotated_credset_378.txt	ENSG00000197124	ZNF682	0	-0.7296553452789573	0.1101321418626433	0.0720937474713575	0.5507468077230746
tg	annotated_credset_378.txt	ENSG00000213988	ZNF90	0	-0.7191195628290542	0.2433739209680277	0.1046103578423547	0.4180836814350019
tg	annotated_credset_378.txt	ENSG00000256229	ZNF486	0	-0.7242814711387565	0.1799230438194567	0.0942865412229502	0.2718192081327647
tg	annotated_credset_37.txt	ENSG00000143994	ABHD1	0	-0.7357734377600413	0.645634389713317	0.3564644553770844	0.1518916286732084
tg	annotated_credset_37.txt	ENSG00000138073	PREB	0	-0.4526425878011371	0.8248751442607212	0.9169764528412796	0.157492818989193
tg	annotated_credset_37.txt	ENSG00000186143	C2orf53	0	-0.8930518180934788	0.7511464259087149	0.0419076947102095	0.1643583732594977
tg	annotated_credset_37.txt	ENSG00000163792	TCF23	0	-0.7623663186162416	0.8172867749941275	0.2975289912110705	0.1848027904107747
tg	annotated_credset_37.txt	ENSG00000138074	SLC5A6	0	-0.7434730157609424	0.6239620887931122	0.3760646699502335	0.27099993302135
tg	annotated_credset_37.txt	ENSG00000138085	ATRAID	0	-0.9004198991864716	0.6239620887931122	0.062170903099175	0.277118758580101
tg	annotated_credset_37.txt	ENSG00000084774	CAD	0	-0.5731519511852363	0.7487054834393799	0.5325247512577125	0.3159269022009469
tg	annotated_credset_37.txt	ENSG00000115194	SLC30A3	0	-0.8656513375937787	0.6239620887931122	0.131708026284561	0.3621428846321385
tg	annotated_credset_37.txt	ENSG00000163793	DNAJC5G	0	-0.9315053507360592	0.6239620887931122	0.0	0.3703815497565041
tg	annotated_credset_37.txt	ENSG00000138100	TRIM54	0	-0.8331834674264436	0.6239620887931122	0.196643766619231	0.4079934774802009
tg	annotated_credset_37.txt	ENSG00000163794	UCN	0	-0.7251726828424396	0.4472133424570793	0.3488967105278394	0.4094521358953913
tg	annotated_credset_37.txt	ENSG00000115204	MPV17	0	-0.7015656924689617	0.7913249517428738	0.4191302435056303	0.4344407234971719
tg	annotated_credset_37.txt	ENSG00000115207	GTF3C2	0	-0.5016473752603927	0.6239620887931122	0.3804361944053124	0.4798548787876077
tg	annotated_credset_37.txt	ENSG00000115211	EIF2B4	0	-0.5485684469836818	0.7586428768396434	0.4733017860203798	0.4994075713610099
tg	annotated_credset_37.txt	ENSG00000115234	SNX17	0	-0.4972722057632712	0.6239620887931122	0.4807068428477974	0.5090381968020582
tg	annotated_credset_37.txt	ENSG00000163795	ZNF513	0	-0.3953952510339202	0.6575327076077743	0.574789755640545	0.5143479454267373
tg	annotated_credset_37.txt	ENSG00000115241	PPM1G	0	-0.4222286114958105	0.7489608121495615	0.4707317183028849	0.5562474009175494
tg	annotated_credset_37.txt	ENSG00000115216	NRBP1	0	-0.3734493838541104	0.6239620887931122	0.5231823320945861	0.6034754544956623
tg	annotated_credset_37.txt	ENSG00000157992	KRTCAP3	0	-0.3872385214014933	0.7633409251069827	0.274199266121524	0.6095971799717398
tg	annotated_credset_37.txt	ENSG00000138002	IFT172	0	-0.6233349761621605	0.7751371115173675	0.186926119211579	0.6723919897580874
tg	annotated_credset_37.txt	ENSG00000115226	FNDC4	0	-0.5683411292587774	0.7774248567605936	0.4492704376216165	0.6803029642245674
tg	annotated_credset_37.txt	ENSG00000084734	GCKR	1	-0.424275226960493	0.6239620887931122	0.5286888299333342	0.7215426885236184
tg	annotated_credset_37.txt	ENSG00000233438	AC109829.1	0	-0.8390904068378858	0.0	0.2058644861468714	0.7845535421507844
tg	annotated_credset_37.txt	ENSG00000221843	C2orf16	0	-0.8681118238304014	0.8026104807328955	0.0811601750729121	0.8071395482476242
tg	annotated_credset_37.txt	ENSG00000243943	ZNF512	0	-0.7850388213058397	0.7690807145118627	0.2422457457806049	0.8831942300090377
tg	annotated_credset_37.txt	ENSG00000176714	CCDC121	0	-0.6084270291234692	0.8059195408168477	0.2554524882569179	0.8742595847263307
tg	annotated_credset_37.txt	ENSG00000198522	GPN1	0	-0.6391158664620894	0.6239620887931122	0.1792010705224266	0.9068778548139284
tg	annotated_credset_37.txt	ENSG00000119760	SUPT7L	0	-0.638739162607577	0.7924586112160796	0.3839853496227478	0.9247137963300884
tg	annotated_credset_37.txt	ENSG00000163798	SLC4A1AP	0	-0.6630015478164826	0.7567228049390786	0.305062091160198	0.9699003081104002
tg	annotated_credset_37.txt	ENSG00000205334	AC074091.13	0	-0.3978716134457045	0.0	0.2058644861468714	1.0
tg	annotated_credset_37.txt	ENSG00000243147	MRPL33	0	-0.2616772340967552	0.6774789864471521	0.3660966152823917	0.9938422666074792
tg	annotated_credset_37.txt	ENSG00000268656	AC110084.1	0	-0.8057829141048841	0.0	0.2058644861468714	0.9876552929915572
tg	annotated_credset_37.txt	ENSG00000171174	RBKS	0	0.1312265678915156	0.6366366059665214	0.4735659299980695	0.9798545153834812
tg	annotated_credset_37.txt	ENSG00000158019	BRE	0	-0.1312265678915156	1.0	1.0	0.8224223536080064
tg	annotated_credset_37.txt	ENSG00000075426	FOSL2	0	-0.3020221127491855	0.4872897368071656	0.7792715134722212	0.0938079756337705
tg	annotated_credset_37.txt	ENSG00000163803	PLB1	0	-0.4878585019683055	0.2701377753720139	0.3721345674390717	0.0
tg	annotated_credset_38.txt	ENSG00000157851	DPYSL5	0	-0.7040909991040672	0.5353630263601361	0.463581606576066	0.0
tg	annotated_credset_38.txt	ENSG00000084764	MAPRE3	0	-0.5598710798060742	0.6009620785799639	0.7462471856047913	0.1049200216303391
tg	annotated_credset_38.txt	ENSG00000119777	TMEM214	0	-0.5837073726771469	0.7471326585846619	0.6244751783614862	0.1247161748428876
tg	annotated_credset_38.txt	ENSG00000084693	AGBL5	0	-0.5872400830667064	0.7059838836518133	0.4754454412142643	0.1642115416943525
tg	annotated_credset_38.txt	ENSG00000228474	OST4	0	-0.4682330950267384	0.8864502160080889	0.7382508964049184	0.1657830550640775
tg	annotated_credset_38.txt	ENSG00000138080	EMILIN1	0	-0.78740563340617	0.4447417605425224	0.1090248534595315	0.1857580686167076
tg	annotated_credset_38.txt	ENSG00000138030	KHK	0	-0.6164725850809469	0.5728759204600002	0.4659615077042767	0.205376726835282
tg	annotated_credset_38.txt	ENSG00000138028	CGREF1	0	-0.5678460985284655	0.7371952651843984	0.4997313617983144	0.2304376546383254
tg	annotated_credset_38.txt	ENSG00000143994	ABHD1	0	-0.6467305759852964	0.645634389713317	0.3564644553770844	0.2463917239043871
tg	annotated_credset_38.txt	ENSG00000138073	PREB	0	-0.4341465914896489	0.8248751442607212	0.9169764528412796	0.2516660559176346
tg	annotated_credset_38.txt	ENSG00000186143	C2orf53	0	-0.8749911145027853	0.7511464259087149	0.0419076947102095	0.2581309697366164
tg	annotated_credset_38.txt	ENSG00000163792	TCF23	0	-0.7438703223047535	0.8172867749941275	0.2975289912110705	0.277382349852275
tg	annotated_credset_38.txt	ENSG00000138074	SLC5A6	0	-0.7298916608297643	0.6239620887931122	0.3760646699502335	0.3585494452505494
tg	annotated_credset_38.txt	ENSG00000138085	ATRAID	0	-0.8868385442552935	0.6239620887931122	0.062170903099175	0.364311205824172
tg	annotated_credset_38.txt	ENSG00000084774	CAD	0	-0.6296825862290338	0.7487054834393799	0.5325247512577125	0.4008546943912359
tg	annotated_credset_38.txt	ENSG00000115194	SLC30A3	0	-0.7899003712085906	0.6239620887931122	0.131708026284561	0.4443737362214842
tg	annotated_credset_38.txt	ENSG00000163793	DNAJC5G	0	-0.855754384350871	0.6239620887931122	0.0	0.4521316328042624
tg	annotated_credset_38.txt	ENSG00000138100	TRIM54	0	-0.8196021124952655	0.6239620887931122	0.196643766619231	0.4875487108326441
tg	annotated_credset_38.txt	ENSG00000163794	UCN	0	-0.7614334471281805	0.4472133424570793	0.3488967105278394	0.4889222490167826
tg	annotated_credset_38.txt	ENSG00000115204	MPV17	0	-0.6830696961574736	0.7913249517428738	0.4191302435056303	0.5124526238333259
tg	annotated_credset_38.txt	ENSG00000115207	GTF3C2	0	-0.477270665486075	0.6239620887931122	0.3804361944053124	0.5552166292661304
tg	annotated_credset_38.txt	ENSG00000115211	EIF2B4	0	-0.3968133926735364	0.7586428768396434	0.4733017860203798	0.5736283215256803
tg	annotated_credset_38.txt	ENSG00000115234	SNX17	0	-0.4534806538601998	0.6239620887931122	0.4807068428477974	0.5826969503716523
tg	annotated_credset_38.txt	ENSG00000163795	ZNF513	0	-0.3411650184820451	0.6575327076077743	0.574789755640545	0.5876968478172936
tg	annotated_credset_38.txt	ENSG00000115241	PPM1G	0	-0.5878859335894737	0.7489608121495615	0.4707317183028849	0.6271512542855336
tg	annotated_credset_38.txt	ENSG00000115216	NRBP1	0	-0.4949826391180922	0.6239620887931122	0.5231823320945861	0.6716233076988124
tg	annotated_credset_38.txt	ENSG00000157992	KRTCAP3	0	-0.4410843248260281	0.7633409251069827	0.274199266121524	0.6773877989646501
tg	annotated_credset_38.txt	ENSG00000138002	IFT172	0	-0.5697073465689646	0.7751371115173675	0.186926119211579	0.7365182081879792
tg	annotated_credset_38.txt	ENSG00000115226	FNDC4	0	-0.5708464123013848	0.7774248567605936	0.4492704376216165	0.7439675365504638
tg	annotated_credset_38.txt	ENSG00000084734	GCKR	1	-0.3658887029237851	0.6239620887931122	0.5286888299333342	0.7828007105397944
tg	annotated_credset_38.txt	ENSG00000233438	AC109829.1	0	-0.827162782776001	0.0	0.2058644861468714	0.84213455633314
tg	annotated_credset_38.txt	ENSG00000221843	C2orf16	0	-0.7592920217098923	0.8026104807328955	0.0811601750729121	0.8634025526495666
tg	annotated_credset_38.txt	ENSG00000243943	ZNF512	0	-0.5706441729176304	0.7690807145118627	0.2422457457806049	0.9350190520259238
tg	annotated_credset_38.txt	ENSG00000176714	CCDC121	0	-0.4685129143351134	0.8059195408168477	0.2554524882569179	0.9266057893115488
tg	annotated_credset_38.txt	ENSG00000198522	GPN1	0	-0.4527922639494295	0.6239620887931122	0.1792010705224266	0.9573206153457228
tg	annotated_credset_38.txt	ENSG00000119760	SUPT7L	0	-0.3768892630024794	0.7924586112160796	0.3839853496227478	0.9741157378140006
tg	annotated_credset_38.txt	ENSG00000163798	SLC4A1AP	0	-0.0399207383870134	0.7567228049390786	0.305062091160198	1.0
tg	annotated_credset_38.txt	ENSG00000205334	AC074091.13	0	-0.823729674446228	0.0	0.2058644861468714	0.968571128631744
tg	annotated_credset_38.txt	ENSG00000243147	MRPL33	0	-0.3386989923400156	0.6774789864471521	0.3660966152823917	0.8785524944185892
tg	annotated_credset_38.txt	ENSG00000268656	AC110084.1	0	-0.8189550443764954	0.0	0.2058644861468714	0.8727265625779144
tg	annotated_credset_38.txt	ENSG00000171174	RBKS	0	-0.3568983197386466	0.6366366059665214	0.4735659299980695	0.8653810005195992
tg	annotated_credset_38.txt	ENSG00000158019	BRE	0	0.0399207383870134	1.0	1.0	0.7171358162062759
tg	annotated_credset_39.txt	ENSG00000119777	TMEM214	0	-0.4488500369108203	0.7471326585846619	0.6244751783614862	0.0
tg	annotated_credset_39.txt	ENSG00000084693	AGBL5	0	-0.5294292608578139	0.7059838836518133	0.4754454412142643	0.0405072349786417
tg	annotated_credset_39.txt	ENSG00000228474	OST4	0	-0.3942438436911064	0.8864502160080889	0.7382508964049184	0.0421190103947034
tg	annotated_credset_39.txt	ENSG00000138080	EMILIN1	0	-0.756227775808331	0.4447417605425224	0.1090248534595315	0.062605782190518
tg	annotated_credset_39.txt	ENSG00000138030	KHK	0	-0.574453536668136	0.5728759204600002	0.4659615077042767	0.0827270688572343
tg	annotated_credset_39.txt	ENSG00000138028	CGREF1	0	-0.430081069376061	0.7371952651843984	0.4997313617983144	0.1084300556181486
tg	annotated_credset_39.txt	ENSG00000143994	ABHD1	0	-0.0596315214498963	0.645634389713317	0.3564644553770844	0.1247928668576629
tg	annotated_credset_39.txt	ENSG00000138073	PREB	0	-0.3048810654729257	0.8248751442607212	0.9169764528412796	0.1302023268335502
tg	annotated_credset_39.txt	ENSG00000186143	C2orf53	0	-0.7461981341098414	0.7511464259087149	0.0419076947102095	0.1368328712254287
tg	annotated_credset_39.txt	ENSG00000163792	TCF23	0	-0.6146047962880303	0.8172867749941275	0.2975289912110705	0.1565774701537257
tg	annotated_credset_39.txt	ENSG00000138074	SLC5A6	0	-0.6021449803712076	0.6239620887931122	0.3760646699502335	0.2398240600182223
tg	annotated_credset_39.txt	ENSG00000138085	ATRAID	0	-0.7590918637967368	0.6239620887931122	0.062170903099175	0.2457334364350602
tg	annotated_credset_39.txt	ENSG00000084774	CAD	0	-0.5008896058360899	0.7487054834393799	0.5325247512577125	0.2832131662446964
tg	annotated_credset_39.txt	ENSG00000115194	SLC30A3	0	-0.7243233022040438	0.6239620887931122	0.131708026284561	0.3278471624319687
tg	annotated_credset_39.txt	ENSG00000163793	DNAJC5G	0	-0.7901773153463243	0.6239620887931122	0.0	0.3358038157022229
tg	annotated_credset_39.txt	ENSG00000138100	TRIM54	0	-0.6918554320367087	0.6239620887931122	0.196643766619231	0.3721282764256289
tg	annotated_credset_39.txt	ENSG00000163794	UCN	0	-0.636291847274177	0.4472133424570793	0.3488967105278394	0.3735370045477471
tg	annotated_credset_39.txt	ENSG00000115204	MPV17	0	-0.5538041701407503	0.7913249517428738	0.4191302435056303	0.3976702256775536
tg	annotated_credset_39.txt	ENSG00000115207	GTF3C2	0	-0.5999592181436681	0.6239620887931122	0.3804361944053124	0.4415298414955104
tg	annotated_credset_39.txt	ENSG00000115211	EIF2B4	0	-0.5305010884547563	0.7586428768396434	0.4733017860203798	0.4604132398322541
tg	annotated_credset_39.txt	ENSG00000115234	SNX17	0	-0.5498238939224256	0.6239620887931122	0.4807068428477974	0.4697142062210306
tg	annotated_credset_39.txt	ENSG00000163795	ZNF513	0	-0.4797571036446737	0.6575327076077743	0.574789755640545	0.4748422006377273
tg	annotated_credset_39.txt	ENSG00000115241	PPM1G	0	-0.4553707027349514	0.7489608121495615	0.4707317183028849	0.5153074258314152
tg	annotated_credset_39.txt	ENSG00000115216	NRBP1	0	-0.5278948546289264	0.6239620887931122	0.5231823320945861	0.5609188496819465
tg	annotated_credset_39.txt	ENSG00000157992	KRTCAP3	0	-0.6145849430849701	0.7633409251069827	0.274199266121524	0.5668310267511146
tg	annotated_credset_39.txt	ENSG00000138002	IFT172	0	-0.658116910388362	0.7751371115173675	0.186926119211579	0.6274763523104542
tg	annotated_credset_39.txt	ENSG00000115226	FNDC4	0	-0.5269447511833432	0.7774248567605936	0.4492704376216165	0.6351165318673896
tg	annotated_credset_39.txt	ENSG00000084734	GCKR	1	-0.3986873715863221	0.6239620887931122	0.5286888299333342	0.6749446086559445
tg	annotated_credset_39.txt	ENSG00000233438	AC109829.1	0	-0.6974430097614445	0.0	0.2058644861468714	0.735798582813888
tg	annotated_credset_39.txt	ENSG00000221843	C2orf16	0	-0.7198924186210255	0.8026104807328955	0.0811601750729121	0.7576114634880783
tg	annotated_credset_39.txt	ENSG00000243943	ZNF512	0	-0.6381176052596718	0.7690807145118627	0.2422457457806049	0.8310627718275084
tg	annotated_credset_39.txt	ENSG00000176714	CCDC121	0	-0.6315142340215152	0.8059195408168477	0.2554524882569179	0.8224339619979931
tg	annotated_credset_39.txt	ENSG00000198522	GPN1	0	-0.6933031060738805	0.6239620887931122	0.1792010705224266	0.8539356994087002
tg	annotated_credset_39.txt	ENSG00000119760	SUPT7L	0	-0.5576523495994341	0.7924586112160796	0.3839853496227478	0.8711611115659329
tg	annotated_credset_39.txt	ENSG00000163798	SLC4A1AP	0	-0.5283931016601462	0.7567228049390786	0.305062091160198	0.9148008761759648
tg	annotated_credset_39.txt	ENSG00000205334	AC074091.13	0	-0.2528378380809941	0.0	0.2058644861468714	0.9438702470378456
tg	annotated_credset_39.txt	ENSG00000243147	MRPL33	0	0.0061126648107407	0.6774789864471521	0.3660966152823917	1.0
tg	annotated_credset_39.txt	ENSG00000268656	AC110084.1	0	-0.6501467837368169	0.0	0.2058644861468714	0.9940248082534012
tg	annotated_credset_39.txt	ENSG00000171174	RBKS	0	-0.1575734942529292	0.6366366059665214	0.4735659299980695	0.9864910534850156
tg	annotated_credset_39.txt	ENSG00000158019	BRE	0	-0.0061126648107407	1.0	1.0	0.8344478394539724
tg	annotated_credset_39.txt	ENSG00000075426	FOSL2	0	-0.1678539661038049	0.4872897368071656	0.7792715134722212	0.1307741391942732
tg	annotated_credset_39.txt	ENSG00000163803	PLB1	0	-0.2710173421126283	0.2701377753720139	0.3721345674390717	0.0401772372890226
tg	annotated_credset_64.txt	ENSG00000144560	VGLL4	0	-0.8087000980020125	0.0	0.0190126988247226	0.0
tg	annotated_credset_64.txt	ENSG00000144559	TAMM41	0	-0.7854974183290142	0.2564270132924873	0.0682434375423621	0.1768032677769448
tg	annotated_credset_64.txt	ENSG00000157150	TIMP4	0	-0.365345698543573	0.6828574033107319	0.1854866268309571	0.6146433400828154
tg	annotated_credset_64.txt	ENSG00000132170	PPARG	1	0.365345698543573	1.0	1.0	1.0
tg	annotated_credset_64.txt	ENSG00000154743	TSEN2	0	-0.3687745464126346	0.2604328628599968	0.0584740734573358	0.9426691891362596
tg	annotated_credset_64.txt	ENSG00000225526	C3orf83	0	-0.7675217425629757	0.282387999912693	0.076111822269935	0.899927451413194
tg	annotated_credset_64.txt	ENSG00000075975	MKRN2	0	-0.7767345887310826	0.3459551832740373	0.0576861299337207	0.8409617336443065
tg	annotated_credset_64.txt	ENSG00000132155	RAF1	0	-0.5508369341543247	0.6326558911025202	0.4498003811572442	0.8037059936651856
tg	annotated_credset_64.txt	ENSG00000088726	TMEM40	0	-0.8155950487174743	0.2262033918760857	0.0	0.5936210062416427
tg	annotated_credset_64.txt	ENSG00000144712	CAND2	0	-0.7572442047025516	0.265966584538191	0.1247498647952875	0.5054148504337017
tg	annotated_credset_64.txt	ENSG00000144713	RPL32	0	-0.8095016378968876	0.1392430741814007	0.0202349984066155	0.452148124446327
tg	annotated_credset_64.txt	ENSG00000144711	IQSEC1	0	-0.7662070457666614	0.1944262198261307	0.1068241826670678	0.3642390392697312
tg	annotated_credset_9.txt	ENSG00000132849	INADL	0	-0.8656101187985996	0.3959128231025325	0.2737885818523545	0.5056971874408434
tg	annotated_credset_9.txt	ENSG00000240563	L1TD1	0	-0.9790758055380092	0.5028148730034041	0.0449331704401859	0.5681023631406855
tg	annotated_credset_9.txt	ENSG00000132854	KANK4	0	-0.8967983024047325	0.4649870946021771	0.0796861881050545	0.7061509964206723
tg	annotated_credset_9.txt	ENSG00000162607	USP1	0	-0.428093130054588	0.7700407735757305	0.4404997958973844	0.8768215717574369
tg	annotated_credset_9.txt	ENSG00000116641	DOCK7	0	0.0585588826480556	0.8280916844349682	0.3348751122725206	1.0
tg	annotated_credset_9.txt	ENSG00000132855	ANGPTL3	1	-0.0585588826480556	1.0	1.0	0.9353711812693332
tg	annotated_credset_9.txt	ENSG00000269624	AL138847.1	0	-0.847088857234818	0.0558719560094265	0.1262349240640853	0.9221200078885144
tg	annotated_credset_9.txt	ENSG00000125703	ATG4C	0	-0.6081536909484071	0.9889766393595932	0.4813803659279838	0.694753902430626
tg	annotated_credset_9.txt	ENSG00000187140	FOXD3	0	-1.0014533414188076	0.0	0.0	0.0
